7 0.532813 0.272917 0.026562 0.026389
7 0.514453 0.272917 0.016406 0.029167
7 0.501563 0.273611 0.014063 0.036111
7 0.492578 0.279861 0.016406 0.037500
7 0.483984 0.281944 0.017969 0.047222
7 0.474609 0.282639 0.021094 0.054167
7 0.448437 0.287500 0.040625 0.072222
7 0.416406 0.290972 0.053125 0.115278
7 0.352734 0.295139 0.117969 0.156944
7 0.265234 0.324306 0.157031 0.220833
7 0.564063 0.275694 0.023438 0.040278
7 0.566797 0.283333 0.017969 0.038889
7 0.575781 0.286111 0.025000 0.047222
7 0.585156 0.295833 0.021875 0.058333
7 0.592578 0.302778 0.024219 0.063889
7 0.609375 0.311111 0.035937 0.077778
7 0.621875 0.322222 0.039062 0.100000
7 0.683203 0.331944 0.119531 0.152778
7 0.141406 0.369444 0.281250 0.355556
2 0.269141 0.127778 0.033594 0.022222
2 0.262891 0.145833 0.021094 0.030556
