7 0.031250 0.488194 0.015625 0.023611
7 0.060547 0.484722 0.014844 0.019444
7 0.121484 0.479861 0.025781 0.015278
7 0.217578 0.500000 0.027344 0.041667
0 0.274609 0.468750 0.078906 0.059722
0 0.410938 0.459722 0.104688 0.072222
0 0.527344 0.446528 0.132812 0.076389
7 0.766797 0.450000 0.097656 0.069444
7 0.108984 0.524306 0.085156 0.065278
7 0.527734 0.571528 0.199219 0.184722
2 0.051172 0.457639 0.011719 0.015278
2 0.101172 0.466667 0.010156 0.011111
2 0.178906 0.454861 0.014063 0.018056
2 0.273438 0.410417 0.028125 0.043056
2 0.274219 0.441667 0.020313 0.016667
2 0.316406 0.354861 0.009375 0.018056
2 0.357812 0.412500 0.020313 0.041667
2 0.356250 0.440278 0.015625 0.016667
2 0.315625 0.370139 0.010937 0.012500
2 0.551953 0.415972 0.016406 0.031944
2 0.552734 0.440972 0.014844 0.018056
2 0.610156 0.408333 0.012500 0.030556
2 0.610156 0.430556 0.010937 0.013889
2 0.730078 0.404167 0.016406 0.016667
0 0.527734 0.339583 0.067969 0.026389
1 0.056641 0.323611 0.013281 0.044444
1 0.193359 0.379861 0.011719 0.043056
2 0.338281 0.413889 0.014063 0.041667
2 0.142578 0.445833 0.017969 0.033333
1 0.195703 0.439583 0.011719 0.020833
