2 0.814844 0.164583 0.042188 0.015278
2 0.793359 0.204167 0.038281 0.013889
2 0.584375 0.320139 0.021875 0.023611
2 0.351562 0.360417 0.014063 0.006944
2 0.358594 0.369444 0.010937 0.016667
2 0.258594 0.377083 0.015625 0.009722
2 0.313281 0.317361 0.023438 0.031944
2 0.800000 0.271528 0.017188 0.120833
1 0.380078 0.300000 0.008594 0.033333
1 0.371875 0.302778 0.006250 0.030556
1 0.534766 0.311806 0.005469 0.029167
1 0.526172 0.313194 0.003906 0.031944
1 0.650781 0.388194 0.010937 0.018056
1 0.818359 0.329861 0.013281 0.029167
1 0.792969 0.329861 0.015625 0.026389
1 0.246484 0.393750 0.008594 0.015278
3 0.883594 0.450000 0.025000 0.125000
3 0.664062 0.438889 0.012500 0.041667
3 0.320312 0.459028 0.014063 0.040278
3 0.492188 0.437500 0.007812 0.025000
7 0.105469 0.495833 0.198437 0.191667
7 0.393359 0.467361 0.066406 0.076389
7 0.361719 0.464583 0.020313 0.051389
7 0.352734 0.461111 0.014844 0.038889
7 0.251953 0.459028 0.044531 0.043056
7 0.514062 0.443750 0.026562 0.029167
7 0.554297 0.441667 0.025781 0.027778
7 0.604297 0.442361 0.016406 0.026389
7 0.586719 0.436806 0.015625 0.018056
