7 0.037109 0.461111 0.074219 0.050000
2 0.066406 0.378472 0.032813 0.059722
2 0.179297 0.395833 0.016406 0.047222
2 0.142578 0.421528 0.017969 0.023611
2 0.218750 0.422222 0.017188 0.022222
2 0.297266 0.420139 0.013281 0.026389
2 0.557422 0.418056 0.017969 0.038889
2 0.868750 0.337500 0.026562 0.055556
2 0.872656 0.265278 0.043750 0.077778
2 0.276562 0.416667 0.021875 0.011111
2 0.440625 0.435417 0.007812 0.012500
2 0.105469 0.429861 0.009375 0.023611
2 0.120313 0.433333 0.007812 0.019444
2 0.087500 0.431944 0.007812 0.022222
0 0.180469 0.458333 0.079687 0.052778
0 0.244922 0.456944 0.049219 0.050000
0 0.306250 0.460417 0.071875 0.051389
0 0.374219 0.455556 0.070312 0.063889
0 0.420703 0.459028 0.027344 0.045833
7 0.616797 0.451389 0.058594 0.102778
7 0.848047 0.522917 0.300781 0.259722
3 0.712109 0.474306 0.033594 0.120833
7 0.464062 0.473611 0.010937 0.033333
7 0.477734 0.463889 0.021094 0.025000
7 0.499219 0.459028 0.017188 0.023611
7 0.523438 0.461806 0.012500 0.018056
7 0.513281 0.445833 0.007812 0.016667
7 0.442188 0.477083 0.042188 0.068056
7 0.577344 0.463889 0.020313 0.061111
7 0.560156 0.457639 0.015625 0.056944
3 0.657813 0.467361 0.009375 0.056944
7 0.674609 0.465278 0.055469 0.050000
2 0.909766 0.377778 0.014844 0.030556
