7 0.528125 0.495139 0.028125 0.059722
7 0.557813 0.511111 0.048438 0.091667
7 0.602734 0.507639 0.074219 0.101389
7 0.442188 0.481944 0.015625 0.041667
7 0.430078 0.484028 0.021094 0.054167
7 0.359375 0.488889 0.012500 0.061111
7 0.341406 0.481944 0.037500 0.077778
7 0.682422 0.543056 0.153906 0.216667
7 0.395703 0.482639 0.064844 0.098611
7 0.485938 0.489583 0.057813 0.093056
7 0.300391 0.492361 0.083594 0.104167
1 0.491016 0.356250 0.008594 0.031944
1 0.428125 0.361111 0.007812 0.030556
1 0.421094 0.363194 0.006250 0.029167
1 0.482812 0.356250 0.007812 0.031944
2 0.920312 0.226389 0.051562 0.055556
