2 0.657031 0.420139 0.009375 0.023611
2 0.465234 0.409028 0.008594 0.026389
2 0.465234 0.355556 0.008594 0.022222
2 0.456641 0.440972 0.013281 0.009722
2 0.465234 0.459722 0.014844 0.008333
1 0.537891 0.412500 0.005469 0.019444
1 0.615234 0.418056 0.005469 0.019444
2 0.675781 0.452778 0.015625 0.008333
7 0.603906 0.507639 0.039062 0.076389
7 0.649609 0.505556 0.039844 0.083333
7 0.699609 0.513889 0.088281 0.122222
7 0.569531 0.513889 0.042188 0.127778
7 0.522266 0.498611 0.094531 0.180556
7 0.360938 0.552083 0.075000 0.095833
7 0.399609 0.499306 0.077344 0.059722
7 0.291797 0.570139 0.136719 0.129167
7 0.138672 0.586111 0.242969 0.216667
7 0.473438 0.607639 0.210938 0.259722
7 0.028125 0.665972 0.056250 0.240278
