5 0.258594 0.539583 0.070312 0.090278
7 0.425781 0.553472 0.017188 0.012500
7 0.471484 0.552083 0.010156 0.018056
7 0.478125 0.552083 0.007812 0.018056
7 0.453125 0.580556 0.045312 0.069444
7 0.411719 0.553472 0.017188 0.026389
7 0.554688 0.609028 0.084375 0.112500
7 0.315234 0.559722 0.046094 0.055556
7 0.210547 0.544444 0.028906 0.030556
7 0.183594 0.546528 0.025000 0.029167
7 0.151953 0.545139 0.038281 0.037500
7 0.066016 0.580556 0.130469 0.130556
7 0.368750 0.567361 0.073438 0.109722
7 0.653516 0.574306 0.032031 0.043056
7 0.685547 0.584028 0.019531 0.037500
7 0.710938 0.586111 0.032813 0.041667
7 0.742969 0.590278 0.031250 0.044444
7 0.780859 0.594444 0.046094 0.052778
7 0.833984 0.607639 0.055469 0.065278
7 0.892578 0.625000 0.094531 0.091667
7 0.951172 0.642361 0.052344 0.070833
2 0.500000 0.534722 0.009375 0.022222
2 0.482422 0.519444 0.013281 0.013889
2 0.917578 0.538194 0.013281 0.018056
1 0.421484 0.520139 0.008594 0.023611
1 0.473438 0.522222 0.006250 0.019444
