7 0.067187 0.756250 0.134375 0.440278
7 0.868359 0.835417 0.261719 0.323611
7 0.167187 0.660417 0.198437 0.256944
7 0.314063 0.638889 0.032813 0.047222
7 0.329297 0.634722 0.017969 0.030556
7 0.373828 0.652778 0.024219 0.075000
7 0.365234 0.640972 0.019531 0.056944
7 0.341797 0.633333 0.008594 0.030556
7 0.690625 0.673611 0.078125 0.080556
7 0.631250 0.672222 0.060937 0.055556
7 0.303125 0.646528 0.037500 0.045833
7 0.424219 0.667361 0.110937 0.220833
1 0.325000 0.471528 0.007812 0.031944
1 0.506641 0.468056 0.010156 0.036111
1 0.314844 0.471528 0.010937 0.034722
1 0.517188 0.468056 0.007812 0.036111
1 0.500000 0.468056 0.009375 0.036111
1 0.329297 0.468750 0.007031 0.040278
1 0.037891 0.529167 0.019531 0.030556
1 0.576172 0.597917 0.011719 0.020833
2 0.642188 0.541667 0.020313 0.025000
2 0.576562 0.525694 0.014063 0.009722
2 0.629687 0.595833 0.009375 0.036111
