7 0.541797 0.294444 0.010156 0.016667
7 0.548438 0.302778 0.010937 0.019444
7 0.525781 0.303472 0.007812 0.018056
7 0.516797 0.302778 0.011719 0.019444
7 0.503516 0.295139 0.016406 0.012500
7 0.489063 0.297917 0.014063 0.023611
7 0.476953 0.301389 0.017969 0.025000
7 0.461719 0.305556 0.014063 0.022222
7 0.448437 0.306250 0.017188 0.023611
7 0.328516 0.313889 0.017969 0.030556
7 0.311719 0.289583 0.029687 0.018056
7 0.307422 0.310417 0.021094 0.040278
7 0.297266 0.279861 0.032031 0.026389
7 0.290625 0.305556 0.023438 0.025000
7 0.266016 0.284028 0.039844 0.026389
7 0.237891 0.315972 0.038281 0.043056
7 0.531250 0.331250 0.025000 0.043056
7 0.545703 0.345139 0.027344 0.048611
7 0.553906 0.349306 0.020313 0.056944
7 0.583203 0.356250 0.061719 0.084722
7 0.157422 0.323611 0.092969 0.091667
7 0.271094 0.333333 0.067187 0.072222
7 0.637500 0.370139 0.087500 0.112500
7 0.504297 0.315972 0.021094 0.029167
7 0.833203 0.459722 0.196094 0.172222
5 0.417578 0.336111 0.061719 0.100000
7 0.980078 0.554167 0.036719 0.169444
1 0.533984 0.247917 0.007031 0.018056
1 0.573047 0.268056 0.005469 0.019444
2 0.643750 0.247917 0.010937 0.045833
1 0.423047 0.244444 0.007031 0.016667
