2 0.134375 0.396528 0.007812 0.023611
2 0.430078 0.325694 0.061719 0.037500
2 0.496875 0.359028 0.017188 0.065278
2 0.499609 0.413194 0.017969 0.034722
2 0.423047 0.406944 0.011719 0.016667
2 0.478516 0.442361 0.003906 0.020833
2 0.480469 0.372917 0.007812 0.015278
2 0.483203 0.393056 0.008594 0.005556
2 0.073047 0.284722 0.022656 0.094444
1 0.288281 0.356944 0.003125 0.019444
7 0.239063 0.450694 0.037500 0.054167
7 0.199609 0.463889 0.053906 0.069444
7 0.130078 0.472917 0.088281 0.098611
7 0.346484 0.445139 0.011719 0.026389
7 0.326562 0.454861 0.020313 0.031944
7 0.296094 0.459028 0.029687 0.040278
7 0.014063 0.525000 0.028125 0.144444
3 0.527734 0.465972 0.013281 0.070833
3 0.462891 0.461111 0.008594 0.047222
3 0.452344 0.453472 0.004687 0.043056
3 0.446094 0.453472 0.006250 0.043056
3 0.037109 0.463194 0.014844 0.065278
3 0.727734 0.510417 0.030469 0.137500
7 0.326562 0.456250 0.023438 0.034722
