2 0.625781 0.322917 0.023438 0.043056
2 0.078125 0.214583 0.028125 0.034722
2 0.076172 0.176389 0.032031 0.030556
2 0.560156 0.115972 0.101562 0.040278
2 0.681250 0.235417 0.034375 0.054167
2 0.679688 0.197222 0.035937 0.013889
3 0.623828 0.410417 0.019531 0.106944
3 0.880859 0.376389 0.019531 0.108333
3 0.983984 0.373611 0.028906 0.186111
7 0.038281 0.455556 0.075000 0.147222
7 0.285938 0.420833 0.054688 0.083333
7 0.494922 0.395833 0.013281 0.027778
5 0.583594 0.373611 0.032813 0.047222
7 0.587500 0.396528 0.039062 0.051389
3 0.648828 0.387500 0.007031 0.044444
3 0.719922 0.373611 0.011719 0.088889
3 0.689453 0.385417 0.011719 0.062500
3 0.677344 0.388194 0.010937 0.059722
0 0.531641 0.377083 0.066406 0.073611
7 0.469922 0.394444 0.046094 0.055556
7 0.406641 0.402778 0.044531 0.050000
7 0.357812 0.416667 0.051562 0.055556
7 0.213281 0.454861 0.137500 0.154167
1 0.431250 0.070139 0.017188 0.076389
1 0.452734 0.070139 0.017969 0.076389
1 0.421484 0.079167 0.011719 0.069444
7 0.434766 0.400000 0.019531 0.025000
1 0.681250 0.286806 0.018750 0.026389
2 0.288281 0.309028 0.017188 0.029167
