7 0.016406 0.585417 0.032813 0.195833
7 0.885938 0.609028 0.226562 0.370833
7 0.328516 0.516667 0.108594 0.102778
7 0.610156 0.515278 0.031250 0.036111
7 0.480859 0.506250 0.038281 0.045833
7 0.570703 0.456250 0.011719 0.020833
7 0.120313 0.552083 0.206250 0.204167
7 0.772266 0.563889 0.133594 0.175000
7 0.705078 0.534722 0.082031 0.111111
7 0.497656 0.493056 0.014063 0.030556
7 0.506250 0.488889 0.010937 0.036111
7 0.511719 0.487500 0.010937 0.019444
7 0.519922 0.480556 0.008594 0.019444
7 0.522266 0.473611 0.013281 0.019444
7 0.530469 0.469444 0.009375 0.022222
7 0.606641 0.495833 0.016406 0.019444
7 0.594922 0.488889 0.014844 0.025000
7 0.589844 0.479167 0.010937 0.030556
7 0.583984 0.470139 0.013281 0.020833
6 0.660156 0.520139 0.037500 0.051389
2 0.444141 0.470139 0.013281 0.026389
2 0.688672 0.418750 0.021094 0.045833
7 0.573047 0.440972 0.011719 0.018056
2 0.922266 0.260417 0.030469 0.068056
2 0.012109 0.284028 0.024219 0.076389
