1 0.754687 0.184028 0.025000 0.079167
1 0.428906 0.544444 0.009375 0.016667
1 0.463281 0.573611 0.006250 0.016667
1 0.564844 0.564583 0.010937 0.012500
1 0.732422 0.191667 0.028906 0.094444
2 0.080078 0.456944 0.030469 0.025000
1 0.473828 0.594444 0.008594 0.016667
1 0.453125 0.590278 0.009375 0.016667
1 0.437891 0.595139 0.007031 0.018056
1 0.395703 0.586806 0.011719 0.015278
1 0.378906 0.588889 0.015625 0.013889
7 0.488281 0.609722 0.009375 0.011111
7 0.478906 0.607639 0.009375 0.015278
7 0.449609 0.611111 0.011719 0.016667
7 0.436328 0.611806 0.010156 0.018056
7 0.424609 0.609722 0.019531 0.022222
7 0.396484 0.615278 0.022656 0.033333
7 0.387500 0.617361 0.018750 0.037500
7 0.375391 0.623611 0.022656 0.033333
7 0.356641 0.619444 0.019531 0.050000
7 0.333203 0.620139 0.033594 0.059722
7 0.317188 0.626389 0.028125 0.052778
7 0.291016 0.615972 0.027344 0.065278
7 0.520312 0.612500 0.012500 0.016667
7 0.535547 0.613889 0.013281 0.019444
7 0.548438 0.609028 0.021875 0.029167
7 0.560547 0.613194 0.021094 0.037500
5 0.636719 0.525694 0.140625 0.204167
7 0.466797 0.610417 0.010156 0.020833
7 0.501953 0.611111 0.019531 0.033333
7 0.628906 0.669444 0.159375 0.208333
7 0.151562 0.715972 0.303125 0.301389
7 0.732031 0.638889 0.051562 0.105556
2 0.885547 0.459722 0.022656 0.022222
1 0.866016 0.497917 0.011719 0.029167
1 0.084766 0.535417 0.011719 0.029167
1 0.058984 0.536806 0.021094 0.031944
