7 0.214062 0.492361 0.089063 0.093056
7 0.545312 0.493056 0.035937 0.047222
7 0.284766 0.487500 0.063281 0.072222
7 0.511328 0.478472 0.013281 0.018056
7 0.525000 0.479167 0.010937 0.019444
7 0.492969 0.465972 0.010937 0.015278
7 0.430078 0.485417 0.019531 0.029167
7 0.412500 0.486806 0.029687 0.034722
7 0.387109 0.485417 0.027344 0.045833
7 0.360938 0.486806 0.043750 0.051389
7 0.325000 0.486111 0.035937 0.063889
5 0.458203 0.468056 0.061719 0.058333
7 0.499219 0.484722 0.025000 0.033333
1 0.453125 0.409722 0.009375 0.019444
1 0.517578 0.413194 0.007031 0.018056
7 0.540625 0.477778 0.029687 0.038889
7 0.118359 0.478472 0.050781 0.043056
4 0.638672 0.531944 0.030469 0.091667
2 0.766797 0.052083 0.069531 0.054167
