3 0.305469 0.461806 0.004687 0.043056
3 0.300000 0.461806 0.007812 0.040278
3 0.311328 0.459028 0.005469 0.031944
3 0.320312 0.445833 0.006250 0.016667
3 0.327734 0.463194 0.007031 0.045833
3 0.333203 0.463194 0.007031 0.045833
3 0.338672 0.468750 0.007031 0.037500
3 0.342969 0.460417 0.006250 0.034722
3 0.348438 0.464583 0.010937 0.043056
3 0.362500 0.470139 0.006250 0.043056
3 0.373437 0.468056 0.007812 0.036111
3 0.379297 0.468056 0.007031 0.036111
3 0.399609 0.470139 0.008594 0.051389
3 0.413672 0.470139 0.005469 0.051389
3 0.421094 0.472222 0.009375 0.052778
3 0.288281 0.456250 0.010937 0.031944
3 0.444531 0.470139 0.004687 0.034722
3 0.440625 0.459028 0.007812 0.018056
3 0.460156 0.470833 0.007812 0.055556
3 0.469531 0.483333 0.017188 0.069444
3 0.487891 0.478472 0.010156 0.070833
3 0.496094 0.475000 0.009375 0.061111
3 0.517578 0.470833 0.013281 0.055556
3 0.542578 0.496528 0.021094 0.084722
3 0.504687 0.494444 0.015625 0.063889
3 0.862109 0.520833 0.027344 0.152778
3 0.809766 0.475694 0.017969 0.070833
3 0.795312 0.513194 0.021875 0.145833
3 0.760547 0.508333 0.022656 0.111111
3 0.584375 0.490972 0.017188 0.095833
3 0.601953 0.493056 0.017969 0.102778
3 0.640625 0.505556 0.018750 0.105556
3 0.610938 0.492361 0.012500 0.081944
3 0.558203 0.493056 0.016406 0.100000
3 0.778906 0.523611 0.021875 0.130556
3 0.679297 0.504167 0.021094 0.122222
3 0.898047 0.514583 0.027344 0.173611
3 0.405078 0.477083 0.014844 0.068056
3 0.366016 0.477778 0.008594 0.061111
3 0.357031 0.472222 0.010937 0.055556
3 0.323828 0.466667 0.011719 0.041667
3 0.307812 0.463889 0.007812 0.047222
3 0.438281 0.481250 0.014063 0.065278
3 0.426172 0.478472 0.010156 0.056944
3 0.448437 0.482639 0.010937 0.062500
3 0.832422 0.540278 0.024219 0.152778
3 0.804297 0.538889 0.030469 0.138889
3 0.316016 0.463194 0.010156 0.043056
3 0.963281 0.581250 0.060937 0.243056
1 0.105859 0.340278 0.005469 0.019444
1 0.242578 0.358333 0.005469 0.019444
1 0.113281 0.341667 0.004687 0.022222
1 0.322656 0.421528 0.006250 0.012500
1 0.194141 0.406944 0.003906 0.011111
1 0.230078 0.404167 0.002344 0.011111
1 0.384766 0.415278 0.008594 0.016667
1 0.198047 0.407639 0.003906 0.009722
2 0.117969 0.406250 0.012500 0.006944
2 0.278906 0.369444 0.025000 0.013889
2 0.263281 0.400694 0.007812 0.012500
2 0.317578 0.401389 0.011719 0.008333
2 0.322266 0.395833 0.008594 0.008333
2 0.394531 0.368056 0.009375 0.019444
2 0.398438 0.390278 0.007812 0.022222
2 0.390625 0.386111 0.006250 0.013889
2 0.378125 0.396528 0.017188 0.012500
2 0.317578 0.336806 0.011719 0.018056
2 0.958984 0.227083 0.038281 0.059722
2 0.944141 0.280556 0.022656 0.030556
2 0.976172 0.291667 0.030469 0.061111
2 0.876172 0.473611 0.013281 0.025000
2 0.212500 0.409722 0.014063 0.011111
7 0.123438 0.446528 0.007812 0.020833
7 0.129297 0.447222 0.005469 0.013889
7 0.114062 0.460417 0.023438 0.065278
7 0.155078 0.447917 0.008594 0.012500
7 0.148828 0.450000 0.008594 0.022222
7 0.113281 0.459722 0.023438 0.066667
7 0.075391 0.494444 0.089844 0.208333
7 0.165625 0.457639 0.018750 0.043056
7 0.222266 0.462500 0.010156 0.030556
7 0.269141 0.471528 0.041406 0.048611
7 0.194141 0.459722 0.049219 0.077778
7 0.054297 0.632639 0.108594 0.520833
5 0.179297 0.425000 0.025781 0.027778
5 0.189844 0.456250 0.003125 0.001389
5 0.233203 0.442361 0.030469 0.062500
7 0.137891 0.452778 0.017969 0.027778
4 0.955859 0.586806 0.086719 0.106944
