7 0.021875 0.287500 0.032813 0.019444
7 0.051562 0.292361 0.026562 0.018056
7 0.075000 0.292361 0.014063 0.015278
7 0.101562 0.290278 0.039062 0.027778
7 0.116406 0.301389 0.042188 0.022222
7 0.172266 0.292361 0.028906 0.029167
7 0.200000 0.297917 0.034375 0.018056
7 0.223828 0.291667 0.024219 0.016667
7 0.287500 0.300000 0.025000 0.019444
7 0.262500 0.300694 0.037500 0.023611
7 0.540234 0.285417 0.014844 0.015278
7 0.560937 0.291667 0.020313 0.027778
7 0.676562 0.293056 0.018750 0.030556
7 0.661328 0.281250 0.021094 0.018056
7 0.657422 0.295139 0.027344 0.034722
7 0.612500 0.301389 0.026562 0.033333
7 0.642188 0.304167 0.046875 0.038889
7 0.548438 0.306250 0.034375 0.037500
7 0.521484 0.293750 0.014844 0.015278
7 0.475781 0.295139 0.034375 0.020833
7 0.394531 0.294444 0.015625 0.019444
7 0.058984 0.313889 0.077344 0.041667
7 0.761719 0.276389 0.034375 0.022222
7 0.731250 0.276389 0.018750 0.019444
7 0.793359 0.286806 0.035156 0.031944
7 0.828906 0.286111 0.039062 0.038889
7 0.860547 0.286111 0.030469 0.036111
7 0.889844 0.279861 0.039062 0.031944
7 0.769531 0.302083 0.092188 0.056944
7 0.579688 0.296528 0.020313 0.029167
7 0.156641 0.282639 0.016406 0.020833
7 0.139453 0.285417 0.016406 0.023611
7 0.380469 0.288889 0.014063 0.011111
7 0.412891 0.286111 0.017969 0.013889
7 0.302734 0.293056 0.013281 0.019444
7 0.357812 0.292361 0.012500 0.015278
7 0.514062 0.290972 0.010937 0.015278
7 0.502734 0.290278 0.011719 0.019444
7 0.492578 0.288194 0.011719 0.018056
7 0.436328 0.286806 0.011719 0.023611
7 0.449609 0.291667 0.008594 0.013889
7 0.461719 0.293750 0.028125 0.020833
7 0.592187 0.285417 0.010937 0.012500
7 0.963672 0.284028 0.035156 0.040278
7 0.987109 0.281250 0.019531 0.043056
7 0.923828 0.280556 0.027344 0.016667
