1 0.149219 0.411111 0.014063 0.050000
1 0.056250 0.461806 0.015625 0.048611
1 0.049219 0.445833 0.014063 0.041667
1 0.046484 0.598611 0.019531 0.027778
1 0.134766 0.410417 0.014844 0.051389
1 0.466406 0.500694 0.009375 0.040278
1 0.678516 0.608333 0.008594 0.022222
1 0.688281 0.569444 0.014063 0.044444
1 0.987891 0.464583 0.017969 0.073611
2 0.967578 0.534722 0.017969 0.025000
2 0.031250 0.569444 0.020313 0.016667
2 0.018359 0.533333 0.022656 0.011111
2 0.031641 0.525000 0.017969 0.013889
2 0.040625 0.479861 0.023438 0.026389
2 0.039453 0.543056 0.010156 0.013889
2 0.526172 0.518056 0.050781 0.019444
2 0.579297 0.584722 0.016406 0.013889
1 0.580859 0.606944 0.011719 0.019444
2 0.963672 0.468750 0.027344 0.020833
2 0.980469 0.442361 0.020313 0.020833
2 0.967187 0.413889 0.042188 0.036111
2 0.966016 0.365972 0.038281 0.040278
2 0.963281 0.331250 0.042188 0.026389
2 0.959766 0.288889 0.038281 0.055556
2 0.992188 0.399306 0.010937 0.079167
3 0.664453 0.674306 0.010156 0.059722
3 0.051172 0.675694 0.017969 0.062500
3 0.652734 0.671528 0.014844 0.065278
3 0.912891 0.671528 0.021094 0.062500
3 0.803125 0.693750 0.046875 0.145833
3 0.753906 0.689583 0.046875 0.140278
7 0.973828 0.681944 0.049219 0.055556
7 0.755078 0.657639 0.138281 0.101389
7 0.181250 0.657639 0.146875 0.093056
3 0.277734 0.659028 0.066406 0.170833
7 0.470313 0.704167 0.384375 0.288889
