2 0.028125 0.231250 0.056250 0.148611
2 0.971094 0.340972 0.053125 0.059722
2 0.968750 0.388194 0.042188 0.031944
2 0.971094 0.432639 0.048438 0.054167
2 0.971094 0.481250 0.037500 0.040278
2 0.489844 0.373611 0.012500 0.033333
7 0.303906 0.491667 0.059375 0.061111
7 0.349609 0.486111 0.035156 0.036111
7 0.444141 0.467361 0.027344 0.029167
7 0.498047 0.463194 0.019531 0.018056
7 0.539062 0.451389 0.017188 0.019444
7 0.560547 0.459722 0.019531 0.019444
7 0.592969 0.445139 0.014063 0.020833
7 0.607812 0.437500 0.012500 0.013889
7 0.587500 0.426389 0.012500 0.013889
7 0.542969 0.433333 0.015625 0.013889
7 0.498437 0.434028 0.018750 0.015278
7 0.564453 0.443056 0.011719 0.016667
7 0.660937 0.424306 0.009375 0.012500
7 0.641797 0.412500 0.010156 0.011111
7 0.659766 0.405556 0.007031 0.011111
7 0.642188 0.442361 0.007812 0.012500
7 0.649609 0.422917 0.008594 0.012500
7 0.549219 0.409722 0.012500 0.011111
7 0.573828 0.409028 0.010156 0.009722
