2 0.259375 0.111806 0.012500 0.037500
7 0.499609 0.269444 0.014844 0.016667
7 0.485938 0.268750 0.009375 0.026389
7 0.460938 0.267361 0.012500 0.012500
7 0.466016 0.281250 0.016406 0.018056
7 0.430859 0.275694 0.011719 0.020833
7 0.441406 0.281250 0.018750 0.031944
7 0.400000 0.281944 0.017188 0.033333
7 0.389453 0.285417 0.014844 0.034722
7 0.378125 0.288889 0.014063 0.033333
7 0.357812 0.291667 0.031250 0.036111
0 0.473828 0.267361 0.014844 0.037500
0 0.405078 0.267361 0.035156 0.054167
7 0.316016 0.294444 0.049219 0.058333
7 0.038672 0.346528 0.075781 0.129167
7 0.201563 0.344444 0.203125 0.241667
7 0.495312 0.284028 0.023438 0.037500
7 0.449219 0.289583 0.026562 0.034722
7 0.507812 0.272917 0.010937 0.018056
3 0.579688 0.279861 0.009375 0.037500
3 0.676172 0.291667 0.008594 0.044444
3 0.697266 0.297917 0.013281 0.073611
3 0.628906 0.284028 0.009375 0.045833
3 0.623047 0.285417 0.007031 0.043056
3 0.720703 0.259028 0.008594 0.029167
3 0.553906 0.275694 0.004687 0.020833
3 0.537500 0.269444 0.004687 0.025000
3 0.757812 0.292361 0.014063 0.079167
3 0.901172 0.315972 0.030469 0.154167
