2 0.593359 0.284028 0.021094 0.012500
2 0.550781 0.306944 0.017188 0.008333
2 0.271094 0.274306 0.020313 0.012500
1 0.489063 0.253472 0.007812 0.034722
1 0.371484 0.234028 0.010156 0.031944
1 0.321484 0.333333 0.011719 0.019444
1 0.563281 0.328472 0.015625 0.018056
1 0.472266 0.333333 0.010156 0.019444
1 0.438672 0.323611 0.008594 0.016667
1 0.496875 0.254861 0.007812 0.031944
1 0.380078 0.235417 0.008594 0.034722
1 0.606250 0.311806 0.015625 0.020833
7 0.476172 0.375694 0.028906 0.043056
7 0.593750 0.365278 0.043750 0.030556
7 0.606250 0.411806 0.065625 0.093056
7 0.677344 0.420833 0.129688 0.147222
7 0.765625 0.475694 0.226562 0.204167
7 0.408984 0.375694 0.011719 0.043056
7 0.394922 0.373611 0.024219 0.044444
7 0.383594 0.380556 0.015625 0.038889
7 0.342187 0.380556 0.075000 0.052778
7 0.291406 0.402083 0.042188 0.087500
7 0.230469 0.415278 0.106250 0.130556
7 0.532422 0.410417 0.116406 0.140278
7 0.441016 0.382639 0.039844 0.037500
7 0.097266 0.453472 0.192969 0.220833
7 0.896875 0.566667 0.201563 0.338889
