7 0.912891 0.471528 0.172656 0.215278
7 0.476172 0.365278 0.058594 0.094444
7 0.365234 0.353472 0.042969 0.062500
7 0.794922 0.426389 0.147656 0.138889
7 0.710938 0.400000 0.093750 0.105556
7 0.673438 0.384722 0.078125 0.097222
7 0.628125 0.377778 0.035937 0.077778
7 0.601953 0.378472 0.035156 0.068056
7 0.567969 0.366667 0.034375 0.050000
7 0.551953 0.362500 0.022656 0.041667
7 0.542578 0.362500 0.017969 0.047222
7 0.532813 0.354861 0.010937 0.031944
7 0.528906 0.354167 0.015625 0.036111
7 0.509766 0.358333 0.008594 0.030556
7 0.390234 0.347917 0.014844 0.029167
7 0.423047 0.347917 0.008594 0.023611
7 0.432812 0.347917 0.007812 0.023611
7 0.440234 0.343056 0.008594 0.022222
7 0.448437 0.344444 0.010937 0.025000
7 0.410547 0.352083 0.017969 0.026389
7 0.087500 0.357639 0.046875 0.059722
7 0.176172 0.352778 0.055469 0.041667
7 0.242188 0.352778 0.051562 0.041667
1 0.325391 0.248611 0.007031 0.027778
1 0.538672 0.240972 0.007031 0.029167
1 0.530469 0.240278 0.007812 0.030556
1 0.319141 0.245833 0.005469 0.033333
1 0.163672 0.294444 0.011719 0.022222
3 0.288281 0.356250 0.010937 0.034722
3 0.261328 0.352083 0.007031 0.037500
2 0.296094 0.255556 0.029687 0.008333
2 0.264844 0.294444 0.010937 0.008333
2 0.651563 0.294444 0.009375 0.016667
