7 0.347656 0.558333 0.009375 0.013889
7 0.338281 0.556250 0.009375 0.018056
7 0.332031 0.559722 0.014063 0.022222
7 0.323828 0.560417 0.010156 0.023611
7 0.314063 0.565972 0.015625 0.026389
7 0.303125 0.575000 0.014063 0.027778
7 0.285547 0.580556 0.021094 0.036111
7 0.260547 0.586111 0.032031 0.050000
7 0.235156 0.594444 0.039062 0.047222
7 0.206250 0.609722 0.045312 0.055556
0 0.403906 0.529167 0.015625 0.027778
7 0.159375 0.632639 0.070312 0.076389
7 0.394531 0.544444 0.018750 0.027778
7 0.427344 0.550694 0.037500 0.065278
2 0.471484 0.286806 0.067969 0.040278
2 0.470703 0.259028 0.063281 0.034722
1 0.514453 0.456944 0.017969 0.033333
1 0.485156 0.393056 0.010937 0.052778
