7 0.038281 0.475694 0.076563 0.304167
5 0.821875 0.519444 0.353125 0.516667
7 0.575000 0.434028 0.221875 0.295833
7 0.460156 0.425000 0.051562 0.155556
7 0.429688 0.432639 0.042188 0.093056
7 0.111719 0.429167 0.196875 0.205556
7 0.217969 0.427778 0.085938 0.133333
7 0.263672 0.426389 0.032031 0.072222
7 0.349609 0.323611 0.010156 0.016667
7 0.258203 0.333333 0.019531 0.027778
7 0.269141 0.325000 0.016406 0.019444
7 0.280078 0.318056 0.011719 0.008333
7 0.344922 0.315278 0.008594 0.016667
1 0.312500 0.241667 0.009375 0.036111
1 0.305078 0.281944 0.008594 0.025000
1 0.073438 0.272222 0.006250 0.038889
2 0.405078 0.297222 0.032031 0.013889
5 0.320312 0.310417 0.015625 0.018056
7 0.237500 0.349306 0.014063 0.020833
7 0.227344 0.352778 0.015625 0.019444
