7 0.800781 0.797222 0.393750 0.397222
7 0.055859 0.864583 0.111719 0.254167
7 0.126172 0.757639 0.175781 0.181944
7 0.224609 0.697917 0.110156 0.129167
7 0.275391 0.677778 0.060156 0.094444
7 0.292187 0.661111 0.064062 0.083333
7 0.324219 0.650694 0.029687 0.062500
7 0.339062 0.639583 0.026562 0.054167
7 0.472266 0.643750 0.033594 0.104167
7 0.460156 0.633333 0.026562 0.083333
7 0.450391 0.630556 0.032031 0.075000
7 0.434766 0.626389 0.016406 0.058333
7 0.412109 0.621528 0.033594 0.045833
7 0.405078 0.629167 0.019531 0.033333
7 0.380859 0.647917 0.052344 0.084722
0 0.137109 0.645139 0.138281 0.062500
7 0.204297 0.621528 0.069531 0.034722
7 0.255078 0.621528 0.033594 0.020833
0 0.448828 0.602778 0.047656 0.083333
7 0.520703 0.660417 0.110156 0.168056
1 0.279687 0.598611 0.010937 0.013889
2 0.304688 0.603472 0.009375 0.012500
2 0.281250 0.584722 0.007812 0.013889
2 0.267969 0.602083 0.010937 0.020833
1 0.442188 0.520139 0.001563 0.018056
1 0.454297 0.511111 0.007031 0.027778
1 0.433203 0.522222 0.003906 0.019444
1 0.355469 0.525694 0.007812 0.020833
2 0.198437 0.575694 0.009375 0.012500
2 0.195703 0.590278 0.010156 0.016667
2 0.202344 0.590972 0.009375 0.015278
2 0.502734 0.522222 0.011719 0.013889
2 0.283203 0.565278 0.013281 0.011111
2 0.042969 0.537500 0.025000 0.033333
