1 0.314844 0.361806 0.007812 0.020833
1 0.480469 0.361806 0.006250 0.020833
1 0.535156 0.422917 0.010937 0.015278
1 0.474219 0.359722 0.007812 0.025000
2 0.274219 0.373611 0.026562 0.016667
2 0.202734 0.375694 0.021094 0.026389
2 0.228516 0.395833 0.014844 0.013889
2 0.504687 0.370139 0.023438 0.018056
2 0.527734 0.393056 0.014844 0.013889
2 0.497266 0.426389 0.011719 0.019444
7 0.403125 0.456250 0.010937 0.023611
7 0.420312 0.466667 0.034375 0.047222
7 0.378125 0.487500 0.054688 0.102778
7 0.613281 0.476389 0.085938 0.105556
7 0.672656 0.450694 0.070312 0.020833
5 0.362500 0.431250 0.042188 0.065278
5 0.244531 0.429861 0.143750 0.048611
5 0.449219 0.438194 0.039062 0.098611
5 0.812500 0.379167 0.265625 0.205556
7 0.924609 0.569444 0.149219 0.341667
7 0.232422 0.658333 0.310156 0.436111
7 0.768750 0.675000 0.446875 0.497222
7 0.480078 0.480556 0.080469 0.136111
5 0.584375 0.425000 0.112500 0.166667
