5 0.087891 0.438889 0.133594 0.163889
7 0.182031 0.497917 0.156250 0.159722
7 0.300781 0.445139 0.062500 0.084722
7 0.405078 0.488194 0.144531 0.229167
7 0.497656 0.445139 0.056250 0.081944
7 0.334375 0.425694 0.018750 0.051389
7 0.463281 0.415972 0.026562 0.073611
7 0.344141 0.410417 0.016406 0.043056
4 0.598828 0.475000 0.058594 0.075000
3 0.976172 0.474306 0.044531 0.220833
3 0.868750 0.485417 0.028125 0.209722
3 0.798438 0.475694 0.028125 0.159722
3 0.808203 0.506250 0.022656 0.134722
3 0.825391 0.463194 0.017969 0.118056
3 0.740625 0.440972 0.014063 0.087500
3 0.751953 0.450000 0.010156 0.075000
3 0.731250 0.410417 0.010937 0.045833
3 0.714063 0.411111 0.009375 0.050000
3 0.704297 0.407639 0.010156 0.054167
3 0.693750 0.406944 0.007812 0.038889
3 0.653125 0.404861 0.015625 0.056944
3 0.642188 0.413194 0.015625 0.040278
3 0.612891 0.429167 0.013281 0.077778
3 0.606641 0.438889 0.011719 0.055556
3 0.589453 0.410417 0.008594 0.031944
3 0.551562 0.409722 0.009375 0.019444
3 0.528125 0.412500 0.009375 0.016667
3 0.626172 0.412500 0.008594 0.030556
2 0.922266 0.016667 0.049219 0.027778
2 0.951562 0.079861 0.043750 0.095833
2 0.901563 0.075000 0.031250 0.055556
2 0.593750 0.236111 0.017188 0.033333
2 0.604297 0.270833 0.011719 0.033333
2 0.586719 0.274306 0.015625 0.029167
2 0.603906 0.294444 0.015625 0.013889
2 0.508203 0.319444 0.014844 0.047222
2 0.545703 0.342361 0.011719 0.037500
2 0.926562 0.391667 0.023438 0.094444
1 0.392969 0.348611 0.006250 0.022222
1 0.326953 0.340278 0.005469 0.022222
1 0.451562 0.352778 0.004687 0.025000
2 0.135547 0.310417 0.024219 0.029167
