1 0.564844 0.381944 0.006250 0.030556
1 0.721484 0.354167 0.007031 0.025000
1 0.571484 0.384028 0.007031 0.029167
1 0.728906 0.356944 0.004687 0.027778
7 0.635938 0.478472 0.020313 0.043056
7 0.614062 0.501389 0.034375 0.063889
7 0.528125 0.485417 0.048438 0.048611
7 0.577344 0.508333 0.067187 0.091667
7 0.754297 0.477083 0.036719 0.093056
7 0.788281 0.513889 0.067187 0.077778
7 0.891016 0.536806 0.174219 0.206944
5 0.691797 0.463889 0.085156 0.180556
3 0.982422 0.516667 0.019531 0.111111
3 0.492969 0.490972 0.010937 0.059722
3 0.477344 0.487500 0.006250 0.052778
3 0.461719 0.485417 0.012500 0.070833
3 0.071484 0.519444 0.038281 0.194444
3 0.028516 0.518056 0.035156 0.191667
3 0.141016 0.508333 0.028906 0.186111
3 0.108594 0.511806 0.031250 0.162500
3 0.088672 0.456944 0.022656 0.063889
3 0.160547 0.518056 0.017969 0.150000
3 0.174219 0.515278 0.021875 0.155556
3 0.194141 0.497222 0.027344 0.166667
3 0.219141 0.473611 0.022656 0.094444
3 0.214453 0.431250 0.013281 0.031944
3 0.240625 0.456944 0.015625 0.063889
7 0.331641 0.541667 0.258594 0.263889
3 0.056250 0.514583 0.023438 0.173611
3 0.122266 0.492361 0.024219 0.156944
3 0.007812 0.514583 0.015625 0.112500
3 0.994531 0.505556 0.009375 0.072222
