2 0.533594 0.572222 0.017188 0.022222
1 0.539844 0.595139 0.007812 0.029167
1 0.540625 0.625694 0.010937 0.015278
1 0.525391 0.596528 0.007031 0.023611
2 0.856641 0.483333 0.028906 0.063889
2 0.885547 0.538194 0.024219 0.045833
2 0.340625 0.627083 0.017188 0.026389
2 0.337109 0.588194 0.024219 0.034722
2 0.228125 0.599306 0.015625 0.026389
2 0.137109 0.635417 0.028906 0.006944
1 0.139063 0.609028 0.018750 0.045833
1 0.233984 0.625000 0.010156 0.027778
1 0.218359 0.625000 0.007031 0.033333
2 0.228906 0.644444 0.017188 0.011111
7 0.053906 0.728472 0.051562 0.034722
1 0.217578 0.659028 0.005469 0.020833
3 0.501563 0.678472 0.015625 0.079167
7 0.473828 0.682639 0.025781 0.026389
7 0.401562 0.675694 0.012500 0.023611
7 0.385156 0.673611 0.017188 0.033333
7 0.371484 0.684722 0.016406 0.036111
3 0.332031 0.670833 0.006250 0.033333
7 0.349219 0.681944 0.034375 0.041667
7 0.432812 0.713889 0.070312 0.105556
2 0.584766 0.592361 0.021094 0.012500
