7 0.391406 0.448611 0.007812 0.022222
7 0.398438 0.455556 0.014063 0.030556
7 0.417578 0.470833 0.028906 0.044444
7 0.333594 0.427083 0.007812 0.018056
7 0.370703 0.431944 0.011719 0.016667
7 0.260937 0.453472 0.026562 0.045833
7 0.107031 0.464583 0.089063 0.051389
3 0.055469 0.450000 0.014063 0.058333
7 0.457422 0.507639 0.061719 0.093056
5 0.643750 0.438889 0.303125 0.463889
0 0.300781 0.450000 0.062500 0.105556
2 0.219922 0.402778 0.016406 0.011111
6 0.123438 0.480556 0.035937 0.055556
7 0.344922 0.418750 0.014844 0.020833
