7 0.032031 0.515972 0.064062 0.126389
5 0.932422 0.564583 0.130469 0.412500
7 0.122266 0.509722 0.110156 0.094444
7 0.208203 0.488889 0.092969 0.105556
7 0.297656 0.480556 0.078125 0.083333
7 0.428906 0.477083 0.034375 0.048611
7 0.459375 0.480556 0.031250 0.041667
7 0.506641 0.479861 0.035156 0.029167
7 0.714453 0.497222 0.050781 0.063889
7 0.782813 0.488889 0.065625 0.033333
7 0.624609 0.472222 0.011719 0.030556
7 0.640234 0.477083 0.010156 0.020833
7 0.655859 0.480556 0.013281 0.019444
7 0.682031 0.477083 0.023438 0.034722
7 0.605469 0.482639 0.040625 0.048611
7 0.550000 0.486111 0.067187 0.086111
7 0.396875 0.479861 0.051562 0.056944
3 0.390234 0.479167 0.014844 0.052778
1 0.490234 0.343056 0.008594 0.027778
1 0.659375 0.355556 0.007812 0.030556
1 0.499219 0.345833 0.009375 0.027778
1 0.667578 0.361111 0.007031 0.027778
2 0.687500 0.363889 0.015625 0.027778
2 0.769531 0.386806 0.007812 0.031944
2 0.778516 0.380556 0.013281 0.011111
2 0.755469 0.407639 0.012500 0.020833
2 0.756250 0.427083 0.009375 0.018056
2 0.862500 0.377083 0.020313 0.054167
1 0.342187 0.418750 0.010937 0.018056
1 0.774609 0.429861 0.019531 0.026389
7 0.873047 0.516667 0.019531 0.033333
