2 0.573828 0.100694 0.071094 0.051389
2 0.252734 0.445833 0.038281 0.063889
2 0.760547 0.184722 0.049219 0.030556
1 0.521875 0.074306 0.032813 0.112500
1 0.766406 0.264583 0.017188 0.056944
1 0.441797 0.450000 0.007031 0.030556
1 0.402344 0.419444 0.007812 0.022222
1 0.368750 0.454167 0.006250 0.030556
2 0.666797 0.359028 0.017969 0.029167
7 0.523047 0.463889 0.028906 0.027778
7 0.389062 0.479167 0.007812 0.013889
7 0.462500 0.484028 0.023438 0.029167
7 0.446875 0.480556 0.014063 0.030556
7 0.425781 0.477083 0.015625 0.020833
7 0.242969 0.509722 0.046875 0.058333
7 0.213281 0.504861 0.028125 0.018056
7 0.180469 0.519444 0.035937 0.030556
7 0.208203 0.552778 0.055469 0.083333
5 0.116406 0.577778 0.140625 0.158333
7 0.036328 0.586111 0.072656 0.136111
1 0.971094 0.143750 0.025000 0.081944
