2 0.060937 0.459722 0.012500 0.027778
2 0.473047 0.378472 0.014844 0.040278
2 0.435547 0.438889 0.017969 0.038889
2 0.382422 0.463194 0.010156 0.018056
2 0.382422 0.482639 0.013281 0.015278
3 0.584766 0.554861 0.039844 0.190278
7 0.221875 0.545139 0.009375 0.018056
7 0.138672 0.531250 0.013281 0.023611
3 0.383594 0.539583 0.014063 0.059722
7 0.160547 0.536806 0.035156 0.062500
7 0.183984 0.548611 0.013281 0.016667
7 0.206250 0.547222 0.020313 0.019444
7 0.236328 0.545139 0.025781 0.040278
7 0.288672 0.565278 0.108594 0.166667
2 0.659375 0.306944 0.045312 0.100000
