2 0.126953 0.405556 0.022656 0.016667
2 0.103516 0.419444 0.017969 0.016667
1 0.007812 0.277083 0.015625 0.062500
1 0.481250 0.259722 0.015625 0.055556
1 0.465625 0.259722 0.015625 0.061111
1 0.454688 0.264583 0.009375 0.051389
1 0.826953 0.190278 0.047656 0.086111
1 0.788672 0.179167 0.032031 0.097222
2 0.754297 0.025694 0.089844 0.051389
1 0.103125 0.491667 0.017188 0.030556
1 0.122656 0.487500 0.012500 0.027778
7 0.503125 0.508333 0.014063 0.027778
7 0.492969 0.509028 0.015625 0.023611
7 0.481250 0.508333 0.014063 0.027778
2 0.364453 0.442361 0.016406 0.029167
2 0.364063 0.416667 0.014063 0.025000
7 0.467578 0.513889 0.019531 0.030556
7 0.449219 0.515278 0.023438 0.036111
7 0.436328 0.520139 0.021094 0.029167
7 0.417187 0.522222 0.026562 0.041667
7 0.400391 0.527083 0.025781 0.037500
7 0.379297 0.530556 0.033594 0.052778
7 0.348828 0.534722 0.046094 0.058333
7 0.312109 0.546528 0.039844 0.048611
7 0.271094 0.543750 0.059375 0.070833
7 0.218750 0.563889 0.087500 0.075000
3 0.201953 0.547222 0.096094 0.272222
7 0.731641 0.513889 0.446094 0.536111
