1 0.755859 0.039583 0.025781 0.079167
1 0.248047 0.037500 0.019531 0.075000
1 0.935547 0.040972 0.028906 0.081944
1 0.441406 0.265278 0.015625 0.058333
1 0.369922 0.128472 0.021094 0.079167
1 0.460547 0.264583 0.011719 0.070833
1 0.436328 0.322222 0.013281 0.025000
1 0.461719 0.325694 0.014063 0.023611
2 0.791406 0.029167 0.021875 0.044444
2 0.857812 0.074306 0.060937 0.037500
2 0.441016 0.220833 0.019531 0.016667
7 0.087891 0.366667 0.028906 0.030556
7 0.263281 0.396528 0.100000 0.054167
7 0.662891 0.385417 0.017969 0.020833
7 0.660937 0.415972 0.021875 0.054167
7 0.689844 0.422917 0.056250 0.087500
7 0.613672 0.380556 0.014844 0.022222
7 0.502734 0.404167 0.075781 0.063889
5 0.856641 0.365278 0.285156 0.383333
