2 0.559375 0.543750 0.020313 0.062500
2 0.833984 0.597917 0.019531 0.026389
7 0.793750 0.659722 0.012500 0.011111
7 0.759766 0.647222 0.008594 0.013889
7 0.751563 0.654167 0.012500 0.013889
7 0.931641 0.656250 0.027344 0.034722
7 0.822266 0.656944 0.011719 0.019444
7 0.808594 0.660417 0.015625 0.015278
3 0.421484 0.586111 0.007031 0.019444
3 0.428516 0.587500 0.011719 0.019444
3 0.437891 0.586111 0.007031 0.019444
3 0.512109 0.588889 0.016406 0.036111
7 0.734375 0.654167 0.012500 0.013889
7 0.622266 0.620833 0.016406 0.013889
7 0.681250 0.636111 0.012500 0.008333
