7 0.428516 0.468056 0.016406 0.033333
7 0.379297 0.470139 0.017969 0.023611
7 0.364453 0.484028 0.021094 0.043056
7 0.441406 0.472222 0.029687 0.063889
7 0.440234 0.479861 0.017969 0.054167
7 0.464844 0.487500 0.056250 0.088889
7 0.495312 0.497917 0.050000 0.104167
7 0.254688 0.497222 0.023438 0.061111
7 0.233594 0.511111 0.053125 0.083333
7 0.192188 0.520833 0.067187 0.094444
7 0.096484 0.549306 0.155469 0.151389
7 0.012891 0.567361 0.025781 0.193056
7 0.405078 0.474306 0.024219 0.040278
7 0.558594 0.509028 0.121875 0.156944
0 0.306250 0.465278 0.100000 0.188889
