2 0.164453 0.339583 0.010156 0.034722
2 0.405078 0.410417 0.007031 0.015278
2 0.331641 0.393056 0.007031 0.016667
2 0.351562 0.400000 0.004687 0.011111
2 0.553906 0.408333 0.004687 0.013889
2 0.720703 0.335417 0.021094 0.034722
2 0.722266 0.385417 0.011719 0.018056
1 0.450000 0.388889 0.006250 0.016667
3 0.874609 0.479167 0.033594 0.088889
3 0.789062 0.459722 0.015625 0.022222
7 0.462500 0.446528 0.012500 0.012500
7 0.455469 0.445833 0.015625 0.013889
7 0.448828 0.449306 0.011719 0.015278
7 0.440234 0.447222 0.024219 0.022222
7 0.433594 0.450694 0.021875 0.020833
7 0.424219 0.448611 0.028125 0.025000
7 0.419922 0.452083 0.028906 0.023611
7 0.398047 0.449306 0.042969 0.034722
7 0.375391 0.450694 0.074219 0.045833
7 0.373828 0.461806 0.060156 0.048611
7 0.334766 0.453472 0.078906 0.065278
7 0.330078 0.467361 0.058594 0.054167
7 0.311328 0.471528 0.069531 0.065278
7 0.264453 0.474306 0.125781 0.093056
7 0.207422 0.484028 0.177344 0.104167
7 0.124219 0.501389 0.135937 0.125000
7 0.496094 0.447917 0.004687 0.012500
7 0.514062 0.450694 0.006250 0.015278
7 0.522266 0.451389 0.013281 0.022222
7 0.527734 0.456944 0.007031 0.016667
7 0.533594 0.459028 0.006250 0.020833
7 0.539453 0.459722 0.008594 0.025000
7 0.546094 0.464583 0.010937 0.026389
7 0.554688 0.462500 0.012500 0.038889
7 0.560156 0.465278 0.015625 0.041667
7 0.571094 0.468056 0.020313 0.047222
7 0.585547 0.471528 0.027344 0.054167
7 0.599609 0.475694 0.028906 0.065278
7 0.623437 0.480556 0.046875 0.077778
7 0.658594 0.490972 0.067187 0.093056
7 0.698438 0.512500 0.089063 0.102778
7 0.794922 0.546528 0.164844 0.151389
7 0.919922 0.586806 0.157031 0.293056
7 0.032813 0.508333 0.065625 0.158333
7 0.480078 0.461806 0.028906 0.043056
7 0.474219 0.440278 0.007812 0.008333
2 0.524609 0.425000 0.003906 0.008333
7 0.507031 0.449306 0.004687 0.009722
