2 0.094531 0.429861 0.026562 0.031944
3 0.271094 0.443750 0.009375 0.034722
3 0.296094 0.447917 0.004687 0.034722
3 0.289453 0.446528 0.011719 0.031944
3 0.263281 0.442361 0.009375 0.031944
3 0.258984 0.444444 0.008594 0.033333
3 0.085938 0.464583 0.009375 0.048611
3 0.077344 0.464583 0.014063 0.045833
3 0.066016 0.461111 0.010156 0.038889
3 0.607422 0.451389 0.011719 0.041667
3 0.682422 0.462500 0.021094 0.063889
7 0.315234 0.436111 0.019531 0.033333
7 0.226172 0.462500 0.060156 0.080556
7 0.342187 0.429861 0.017188 0.009722
7 0.345313 0.447917 0.025000 0.031944
7 0.366406 0.431944 0.020313 0.027778
7 0.416797 0.438194 0.027344 0.031944
7 0.459766 0.437500 0.022656 0.022222
7 0.492578 0.439583 0.035156 0.026389
7 0.520312 0.431944 0.020313 0.013889
7 0.531250 0.448611 0.059375 0.041667
7 0.571094 0.442361 0.018750 0.026389
7 0.588672 0.433333 0.016406 0.013889
7 0.596875 0.441667 0.031250 0.027778
7 0.619141 0.440972 0.019531 0.031944
7 0.641797 0.449306 0.036719 0.043056
7 0.819531 0.588889 0.357812 0.408333
