2 0.390234 0.288889 0.024219 0.038889
2 0.547656 0.298611 0.023438 0.041667
2 0.853125 0.359028 0.014063 0.023611
2 0.946875 0.361111 0.015625 0.025000
2 0.857812 0.375694 0.017188 0.012500
2 0.663672 0.303472 0.011719 0.031944
7 0.944922 0.386806 0.035156 0.018056
7 0.388672 0.355556 0.013281 0.019444
7 0.401562 0.361806 0.012500 0.015278
2 0.453516 0.322917 0.013281 0.029167
2 0.470313 0.324306 0.015625 0.020833
2 0.453906 0.344444 0.010937 0.019444
2 0.510547 0.327778 0.025781 0.027778
2 0.957812 0.221528 0.018750 0.070833
