2 0.437891 0.470833 0.013281 0.027778
2 0.430078 0.479861 0.016406 0.026389
7 0.526953 0.519444 0.010156 0.011111
7 0.510938 0.518056 0.010937 0.013889
7 0.491016 0.520139 0.010156 0.012500
7 0.534766 0.522222 0.013281 0.016667
7 0.499219 0.524306 0.009375 0.026389
7 0.473828 0.520139 0.032031 0.059722
3 0.677344 0.526389 0.010937 0.038889
3 0.784766 0.523611 0.008594 0.036111
3 0.746875 0.514583 0.009375 0.023611
3 0.958984 0.519444 0.024219 0.061111
8 0.801953 0.520833 0.013281 0.044444
4 0.802344 0.546528 0.010937 0.031944
5 0.037500 0.464583 0.075000 0.034722
