7 0.542969 0.445833 0.012500 0.030556
7 0.505469 0.444444 0.012500 0.022222
7 0.495312 0.444444 0.009375 0.022222
7 0.457422 0.449306 0.017969 0.031944
7 0.383594 0.460417 0.009375 0.031944
7 0.364453 0.447917 0.028906 0.059722
7 0.346875 0.454861 0.021875 0.054167
5 0.303125 0.452083 0.068750 0.087500
5 0.693750 0.370833 0.282813 0.413889
7 0.898047 0.545139 0.202344 0.320833
7 0.118359 0.499306 0.072656 0.090278
7 0.045312 0.504167 0.090625 0.094444
7 0.403516 0.457639 0.030469 0.040278
7 0.483203 0.448611 0.030469 0.038889
7 0.527344 0.448611 0.028125 0.036111
2 0.876953 0.186111 0.025781 0.041667
2 0.319141 0.391667 0.010156 0.013889
2 0.243359 0.378472 0.010156 0.018056
2 0.242578 0.404861 0.011719 0.015278
