7 0.571484 0.465278 0.011719 0.016667
7 0.576562 0.469444 0.010937 0.025000
7 0.583594 0.467361 0.012500 0.029167
7 0.593359 0.468056 0.014844 0.036111
7 0.600781 0.470833 0.010937 0.036111
7 0.524219 0.468750 0.007812 0.029167
7 0.518750 0.472917 0.010937 0.026389
7 0.506641 0.470833 0.016406 0.041667
7 0.497266 0.477778 0.014844 0.036111
7 0.490625 0.451389 0.017188 0.022222
7 0.478906 0.472917 0.029687 0.059722
7 0.458594 0.475000 0.040625 0.075000
7 0.436328 0.482639 0.049219 0.090278
7 0.412891 0.491667 0.050781 0.102778
7 0.371094 0.507639 0.085938 0.148611
7 0.329297 0.505556 0.071094 0.188889
5 0.170703 0.463889 0.341406 0.847222
7 0.550781 0.461806 0.020313 0.031944
2 0.486719 0.423611 0.010937 0.019444
2 0.605078 0.425000 0.013281 0.019444
3 0.673438 0.438889 0.012500 0.027778
3 0.670703 0.461806 0.016406 0.034722
