2 0.233203 0.446528 0.022656 0.018056
1 0.226953 0.468056 0.019531 0.025000
1 0.230469 0.398611 0.014063 0.061111
1 0.728516 0.395833 0.014844 0.058333
2 0.104688 0.254167 0.025000 0.041667
2 0.104297 0.295833 0.014844 0.052778
2 0.105078 0.334722 0.013281 0.030556
7 0.397656 0.541667 0.020313 0.038889
7 0.350391 0.539583 0.063281 0.040278
7 0.714453 0.497222 0.172656 0.130556
7 0.985156 0.463194 0.023438 0.048611
7 0.890625 0.498611 0.195312 0.216667
7 0.961719 0.608333 0.073438 0.258333
7 0.515234 0.484028 0.224219 0.351389
