7 0.558594 0.632639 0.010937 0.018056
7 0.546484 0.643056 0.022656 0.038889
7 0.498437 0.618056 0.017188 0.013889
7 0.455078 0.629861 0.022656 0.023611
7 0.440625 0.628472 0.017188 0.023611
7 0.428906 0.629167 0.020313 0.030556
7 0.405078 0.634722 0.030469 0.033333
7 0.381250 0.620833 0.035937 0.055556
7 0.342578 0.623611 0.058594 0.075000
7 0.303906 0.627778 0.043750 0.069444
7 0.172656 0.617361 0.053125 0.062500
7 0.226172 0.630556 0.122656 0.102778
7 0.080078 0.612500 0.069531 0.097222
7 0.480859 0.645139 0.032031 0.048611
7 0.619531 0.661806 0.050000 0.076389
7 0.044141 0.644444 0.088281 0.150000
7 0.910547 0.720139 0.155469 0.231944
7 0.745313 0.720139 0.265625 0.293056
7 0.569531 0.643056 0.026562 0.038889
7 0.515234 0.659028 0.060156 0.081944
