2 0.625781 0.227778 0.023438 0.022222
2 0.472266 0.196528 0.019531 0.023611
1 0.496094 0.196528 0.006250 0.023611
1 0.601172 0.215972 0.005469 0.026389
1 0.652734 0.220833 0.003906 0.022222
1 0.648438 0.224306 0.004687 0.023611
1 0.440234 0.203472 0.010156 0.009722
1 0.387891 0.190278 0.011719 0.022222
0 0.550000 0.251389 0.017188 0.025000
0 0.529687 0.244444 0.010937 0.016667
7 0.505859 0.261806 0.063281 0.045833
7 0.431641 0.263889 0.014844 0.041667
7 0.419922 0.267361 0.019531 0.062500
7 0.398438 0.265278 0.040625 0.077778
7 0.376953 0.271528 0.032031 0.079167
7 0.551953 0.285417 0.021094 0.043056
7 0.567969 0.304167 0.037500 0.055556
7 0.586328 0.275694 0.021094 0.018056
7 0.578516 0.321528 0.024219 0.068056
7 0.626563 0.315278 0.090625 0.136111
7 0.481641 0.377778 0.160156 0.247222
5 0.245703 0.188889 0.125781 0.130556
7 0.106641 0.204167 0.213281 0.350000
7 0.294531 0.302083 0.178125 0.262500
5 0.807422 0.325000 0.317969 0.430556
