3 0.867578 0.447222 0.019531 0.072222
3 0.888672 0.431944 0.016406 0.047222
3 0.610938 0.441667 0.012500 0.050000
3 0.626172 0.446528 0.010156 0.054167
3 0.726953 0.451389 0.010156 0.069444
3 0.739453 0.451389 0.010156 0.063889
3 0.753125 0.472222 0.010937 0.052778
3 0.773438 0.461806 0.012500 0.087500
3 0.755078 0.459028 0.014844 0.087500
3 0.835938 0.472917 0.023438 0.123611
3 0.785547 0.460417 0.007031 0.084722
3 0.794141 0.457639 0.014844 0.090278
3 0.820703 0.452778 0.013281 0.083333
3 0.808203 0.456250 0.014844 0.087500
3 0.679297 0.450694 0.010156 0.059722
3 0.661719 0.452778 0.010937 0.055556
3 0.650000 0.452778 0.009375 0.055556
7 0.526953 0.455556 0.028906 0.063889
7 0.500391 0.424306 0.014844 0.012500
7 0.469141 0.422917 0.044531 0.020833
7 0.414453 0.454861 0.022656 0.059722
7 0.321484 0.459028 0.024219 0.051389
7 0.301172 0.461806 0.039844 0.062500
7 0.194922 0.472222 0.080469 0.094444
7 0.124219 0.493750 0.110937 0.095833
7 0.052734 0.515972 0.105469 0.131944
7 0.253516 0.485417 0.100781 0.104167
7 0.366016 0.457639 0.077344 0.123611
7 0.471094 0.522917 0.139063 0.198611
7 0.922656 0.537500 0.150000 0.347222
5 0.530469 0.411111 0.021875 0.025000
5 0.567578 0.421528 0.060156 0.131944
1 0.512891 0.340278 0.007031 0.033333
1 0.459766 0.398611 0.007031 0.019444
1 0.422266 0.363889 0.007031 0.025000
2 0.705859 0.301389 0.016406 0.013889
