1 0.698438 0.089583 0.010937 0.040278
1 0.825391 0.209028 0.013281 0.020833
1 0.351172 0.015972 0.011719 0.031944
1 0.339062 0.015972 0.009375 0.031944
1 0.366406 0.015972 0.010937 0.031944
1 0.689063 0.089583 0.007812 0.040278
1 0.707812 0.093750 0.007812 0.043056
1 0.049219 0.154861 0.029687 0.037500
2 0.067578 0.095139 0.030469 0.068056
2 0.051953 0.030556 0.022656 0.033333
2 0.043750 0.056250 0.035937 0.023611
2 0.087500 0.159028 0.014063 0.018056
2 0.850781 0.161111 0.020313 0.013889
2 0.737500 0.095139 0.025000 0.040278
2 0.071484 0.011806 0.022656 0.023611
3 0.135156 0.295139 0.025000 0.104167
3 0.081641 0.295139 0.044531 0.168056
3 0.674219 0.286806 0.020313 0.081944
3 0.703906 0.279861 0.018750 0.081944
3 0.722266 0.279861 0.017969 0.087500
3 0.163281 0.261111 0.015625 0.030556
3 0.154297 0.292361 0.021094 0.098611
3 0.103906 0.281250 0.023438 0.084722
3 0.097266 0.295139 0.032031 0.140278
3 0.054297 0.264583 0.019531 0.070833
3 0.045312 0.264583 0.025000 0.079167
3 0.953125 0.242361 0.018750 0.034722
3 0.924609 0.245833 0.014844 0.047222
3 0.917188 0.261111 0.015625 0.044444
3 0.895703 0.266667 0.030469 0.094444
3 0.862109 0.254167 0.010156 0.022222
3 0.875781 0.281250 0.032813 0.084722
3 0.852734 0.261111 0.013281 0.038889
3 0.845703 0.288889 0.022656 0.105556
3 0.826953 0.291667 0.019531 0.105556
3 0.818359 0.288889 0.017969 0.105556
3 0.803906 0.288194 0.018750 0.106944
3 0.790625 0.284722 0.015625 0.091667
3 0.775781 0.279861 0.017188 0.101389
3 0.762500 0.286806 0.017188 0.090278
3 0.736719 0.286111 0.015625 0.075000
3 0.749609 0.280556 0.021094 0.088889
3 0.015234 0.305556 0.030469 0.188889
1 0.446875 0.236806 0.007812 0.023611
7 0.435937 0.285417 0.018750 0.037500
7 0.418359 0.289583 0.022656 0.048611
7 0.473047 0.294444 0.058594 0.075000
7 0.338672 0.245139 0.144531 0.231944
7 0.264844 0.332639 0.207813 0.281944
7 0.579688 0.366667 0.195312 0.269444
7 0.910156 0.414583 0.178125 0.331944
