2 0.700391 0.441667 0.021094 0.036111
7 0.231250 0.611111 0.318750 0.261111
7 0.410156 0.562500 0.114062 0.155556
7 0.526172 0.513194 0.050781 0.070833
7 0.887891 0.596528 0.222656 0.212500
7 0.551953 0.513194 0.014844 0.037500
7 0.562109 0.506944 0.011719 0.038889
7 0.569531 0.502778 0.010937 0.030556
7 0.579297 0.499306 0.016406 0.023611
7 0.592578 0.503472 0.008594 0.018056
7 0.753516 0.531250 0.111719 0.137500
7 0.691016 0.517361 0.046094 0.090278
7 0.665234 0.517361 0.021094 0.059722
7 0.652344 0.515972 0.012500 0.034722
7 0.650000 0.504861 0.023438 0.034722
7 0.637891 0.514583 0.008594 0.020833
7 0.634375 0.504861 0.015625 0.026389
7 0.626172 0.502778 0.011719 0.016667
7 0.618750 0.499306 0.007812 0.015278
