2 0.606250 0.393750 0.025000 0.031944
2 0.305078 0.484028 0.019531 0.012500
1 0.411719 0.438194 0.006250 0.023611
1 0.530469 0.428472 0.006250 0.026389
1 0.524219 0.429167 0.004687 0.022222
3 0.118750 0.594444 0.021875 0.088889
3 0.744531 0.546528 0.014063 0.081944
3 0.729297 0.546528 0.016406 0.079167
3 0.969922 0.594444 0.022656 0.080556
3 0.979688 0.554861 0.020313 0.137500
3 0.946484 0.561111 0.039844 0.175000
2 0.982422 0.069444 0.030469 0.138889
7 0.483203 0.527083 0.008594 0.015278
7 0.464844 0.529167 0.009375 0.008333
7 0.456250 0.530556 0.009375 0.008333
7 0.449219 0.531944 0.010937 0.011111
7 0.478906 0.532639 0.014063 0.020833
7 0.428516 0.548611 0.022656 0.036111
7 0.518359 0.547222 0.036719 0.072222
7 0.181250 0.575694 0.035937 0.045833
7 0.204687 0.606250 0.046875 0.115278
0 0.522266 0.499306 0.033594 0.026389
0 0.621094 0.515278 0.167187 0.213889
7 0.287891 0.610417 0.152344 0.240278
7 0.407422 0.560417 0.044531 0.068056
7 0.412891 0.535417 0.011719 0.012500
7 0.458594 0.569444 0.048438 0.069444
7 0.608984 0.612500 0.167969 0.266667
7 0.940234 0.788889 0.114844 0.277778
