7 0.138281 0.545833 0.143750 0.063889
7 0.301953 0.525694 0.049219 0.040278
7 0.358203 0.518056 0.035156 0.033333
7 0.395313 0.505556 0.020313 0.013889
7 0.416797 0.513889 0.008594 0.022222
7 0.450391 0.513889 0.010156 0.016667
7 0.431250 0.535417 0.039062 0.054167
7 0.467187 0.507639 0.010937 0.020833
7 0.564063 0.513194 0.025000 0.009722
7 0.564063 0.541667 0.034375 0.050000
7 0.550781 0.513194 0.028125 0.031944
7 0.624219 0.556250 0.081250 0.104167
7 0.501172 0.566667 0.092969 0.147222
7 0.380469 0.555556 0.081250 0.100000
2 0.621875 0.449306 0.018750 0.031944
2 0.620703 0.478472 0.011719 0.020833
2 0.453516 0.452778 0.011719 0.030556
2 0.488281 0.479167 0.009375 0.011111
2 0.522266 0.493056 0.008594 0.008333
2 0.538672 0.493056 0.025781 0.016667
2 0.211328 0.482639 0.021094 0.031944
