7 0.506641 0.711111 0.011719 0.030556
7 0.450781 0.724306 0.010937 0.029167
7 0.383594 0.732639 0.043750 0.054167
7 0.358203 0.741667 0.025781 0.047222
7 0.346484 0.740278 0.030469 0.047222
7 0.328906 0.740972 0.023438 0.045833
7 0.479297 0.720139 0.052344 0.081944
7 0.425391 0.728472 0.050781 0.062500
7 0.290234 0.747222 0.077344 0.075000
3 0.226562 0.740972 0.021875 0.070833
7 0.537109 0.730556 0.067969 0.155556
3 0.162891 0.747222 0.016406 0.083333
0 0.082422 0.669444 0.163281 0.286111
7 0.062891 0.792361 0.125781 0.287500
7 0.721875 0.761806 0.378125 0.473611
3 0.901563 0.683333 0.040625 0.119444
