7 0.580859 0.552083 0.027344 0.043056
7 0.590625 0.560417 0.023438 0.034722
7 0.544531 0.550694 0.009375 0.029167
7 0.558984 0.556250 0.025781 0.026389
7 0.608203 0.563889 0.036719 0.047222
5 0.244531 0.505556 0.167187 0.158333
5 0.147266 0.504167 0.080469 0.136111
7 0.062500 0.543056 0.121875 0.102778
5 0.065625 0.468750 0.131250 0.104167
5 0.519141 0.522917 0.049219 0.098611
7 0.638672 0.557639 0.025781 0.031944
3 0.802344 0.596528 0.045312 0.137500
3 0.670312 0.561111 0.010937 0.041667
3 0.677734 0.561111 0.010156 0.041667
3 0.842187 0.578472 0.020313 0.079167
3 0.869531 0.584722 0.017188 0.083333
2 0.845703 0.299306 0.071094 0.051389
2 0.930469 0.424306 0.040625 0.034722
1 0.949219 0.497917 0.021875 0.031944
1 0.921875 0.493750 0.018750 0.031944
1 0.746484 0.252778 0.016406 0.072222
1 0.766797 0.256944 0.016406 0.075000
1 0.387891 0.303472 0.014844 0.065278
1 0.459375 0.481944 0.012500 0.019444
3 0.321484 0.540972 0.027344 0.065278
