2 0.694141 0.136111 0.035156 0.025000
2 0.784375 0.123611 0.035937 0.025000
2 0.876172 0.114583 0.036719 0.029167
2 0.683594 0.183333 0.064062 0.072222
2 0.770703 0.174306 0.069531 0.076389
2 0.859766 0.167361 0.075781 0.079167
2 0.630859 0.224306 0.027344 0.054167
2 0.630078 0.275000 0.022656 0.038889
7 0.054297 0.263194 0.052344 0.037500
7 0.411719 0.310417 0.048438 0.012500
7 0.668359 0.351389 0.033594 0.050000
7 0.885547 0.365972 0.013281 0.026389
7 0.278906 0.352778 0.209375 0.197222
7 0.694141 0.359028 0.072656 0.070833
7 0.850391 0.364583 0.064844 0.059722
