2 0.164062 0.406944 0.076563 0.108333
2 0.164453 0.483333 0.038281 0.038889
2 0.310937 0.335417 0.100000 0.140278
2 0.060547 0.295139 0.117969 0.137500
2 0.755078 0.515972 0.053906 0.093056
2 0.757031 0.574306 0.025000 0.023611
2 0.874219 0.488194 0.045312 0.070833
2 0.370703 0.548611 0.038281 0.022222
2 0.303125 0.622917 0.012500 0.015278
2 0.562500 0.599306 0.012500 0.026389
2 0.563281 0.622917 0.010937 0.015278
7 0.431250 0.697222 0.067187 0.091667
7 0.347266 0.672917 0.052344 0.056944
7 0.880078 0.772917 0.235156 0.276389
3 0.666016 0.676389 0.014844 0.113889
7 0.709375 0.681250 0.014063 0.098611
7 0.310937 0.668750 0.023438 0.045833
2 0.692969 0.537500 0.068750 0.038889
7 0.093359 0.670833 0.074219 0.072222
