7 0.574609 0.402083 0.011719 0.020833
7 0.582031 0.401389 0.014063 0.030556
7 0.595313 0.414583 0.029687 0.045833
7 0.639844 0.416667 0.078125 0.122222
7 0.717969 0.459028 0.137500 0.231944
7 0.554688 0.405556 0.017188 0.027778
7 0.539453 0.404861 0.013281 0.015278
7 0.529297 0.400000 0.010156 0.019444
0 0.433984 0.370139 0.028906 0.056944
0 0.316016 0.366667 0.207031 0.241667
7 0.431250 0.423611 0.034375 0.072222
7 0.194141 0.542361 0.388281 0.481944
7 0.475781 0.422917 0.078125 0.109722
0 0.875391 0.445139 0.246094 0.890278
2 0.835156 0.076389 0.051562 0.086111
1 0.542578 0.340972 0.007031 0.020833
1 0.504297 0.351389 0.008594 0.025000
7 0.512500 0.402778 0.012500 0.027778
