7 0.389453 0.363194 0.008594 0.023611
7 0.561328 0.405556 0.075781 0.111111
7 0.638672 0.400000 0.139844 0.183333
7 0.048828 0.352778 0.055469 0.030556
7 0.137109 0.346528 0.030469 0.026389
7 0.161328 0.345833 0.016406 0.025000
7 0.100000 0.347222 0.039062 0.025000
0 0.457031 0.360417 0.067187 0.090278
7 0.379297 0.363194 0.022656 0.031944
2 0.488672 0.285417 0.014844 0.009722
2 0.493359 0.298611 0.013281 0.011111
2 0.358984 0.332639 0.007031 0.029167
7 0.403906 0.363889 0.009375 0.013889
7 0.410938 0.366667 0.009375 0.016667
7 0.418750 0.366667 0.007812 0.016667
2 0.171094 0.247917 0.025000 0.048611
3 0.661328 0.421528 0.028906 0.148611
