7 0.377734 0.437500 0.013281 0.030556
7 0.363281 0.438889 0.026562 0.058333
7 0.353125 0.448611 0.018750 0.052778
7 0.339844 0.454167 0.026562 0.075000
7 0.303516 0.463194 0.069531 0.109722
7 0.273438 0.436806 0.017188 0.034722
7 0.239453 0.440278 0.055469 0.075000
7 0.186719 0.448611 0.089063 0.091667
7 0.149219 0.438194 0.028125 0.070833
7 0.050391 0.446528 0.100781 0.204167
7 0.078906 0.426389 0.050000 0.088889
2 0.153906 0.315972 0.057813 0.079167
2 0.234766 0.334028 0.069531 0.048611
2 0.382422 0.347917 0.077344 0.054167
2 0.394531 0.413889 0.014063 0.016667
7 0.426563 0.447222 0.007812 0.041667
7 0.462891 0.454167 0.030469 0.041667
7 0.403516 0.461111 0.053906 0.088889
7 0.585156 0.479167 0.103125 0.141667
2 0.982812 0.265278 0.032813 0.113889
2 0.497266 0.418750 0.022656 0.073611
