1 0.610547 0.280556 0.007031 0.036111
1 0.712109 0.343750 0.013281 0.018056
1 0.660156 0.325694 0.006250 0.023611
1 0.667578 0.345139 0.010156 0.015278
1 0.605078 0.277083 0.005469 0.031944
1 0.419141 0.329167 0.008594 0.016667
1 0.477344 0.336111 0.009375 0.013889
3 0.450781 0.365278 0.007812 0.038889
3 0.691016 0.373611 0.008594 0.025000
3 0.798047 0.397222 0.011719 0.063889
3 0.951953 0.411111 0.021094 0.077778
3 0.816406 0.381944 0.006250 0.025000
7 0.519922 0.364583 0.010156 0.023611
7 0.473828 0.354167 0.014844 0.022222
7 0.412500 0.388194 0.053125 0.090278
7 0.402344 0.403472 0.043750 0.090278
7 0.382422 0.420833 0.042969 0.111111
7 0.540234 0.370833 0.030469 0.044444
7 0.630078 0.381250 0.027344 0.065278
7 0.497266 0.386111 0.039844 0.063889
7 0.586328 0.389583 0.074219 0.118056
3 0.116797 0.454861 0.052344 0.354167
3 0.214844 0.379861 0.051562 0.315278
7 0.208984 0.358333 0.325781 0.405556
2 0.396875 0.306944 0.015625 0.019444
