3 0.878516 0.464583 0.060156 0.162500
3 0.693359 0.409722 0.013281 0.075000
3 0.930859 0.484722 0.049219 0.150000
3 0.678125 0.415972 0.012500 0.070833
2 0.650391 0.225694 0.017969 0.034722
2 0.664844 0.284722 0.029687 0.052778
2 0.639844 0.288194 0.018750 0.054167
1 0.453516 0.334722 0.007031 0.022222
3 0.178516 0.411111 0.013281 0.047222
3 0.144922 0.409722 0.010156 0.041667
3 0.151953 0.404167 0.007031 0.033333
3 0.162109 0.408333 0.011719 0.061111
2 0.548828 0.336806 0.011719 0.043056
2 0.506250 0.318750 0.007812 0.020833
7 0.382422 0.383333 0.008594 0.013889
7 0.399219 0.390972 0.010937 0.018056
7 0.389453 0.384028 0.013281 0.015278
7 0.373047 0.386111 0.013281 0.019444
7 0.358203 0.380556 0.014844 0.011111
7 0.346875 0.395833 0.015625 0.030556
7 0.362500 0.395139 0.023438 0.026389
7 0.332422 0.401389 0.024219 0.038889
7 0.274219 0.386111 0.029687 0.016667
7 0.264844 0.411111 0.035937 0.047222
7 0.244922 0.399306 0.013281 0.018056
7 0.218359 0.414583 0.057031 0.068056
7 0.129297 0.436111 0.050781 0.069444
7 0.064062 0.434722 0.090625 0.091667
7 0.020313 0.452778 0.040625 0.100000
7 0.385156 0.396528 0.020313 0.029167
7 0.305859 0.412500 0.055469 0.077778
7 0.409375 0.398611 0.023438 0.041667
7 0.654297 0.401389 0.032031 0.036111
7 0.753906 0.391667 0.035937 0.047222
7 0.702734 0.400000 0.066406 0.077778
7 0.616797 0.400000 0.038281 0.047222
7 0.561719 0.405556 0.064062 0.047222
7 0.507031 0.407639 0.059375 0.059722
7 0.447266 0.422917 0.077344 0.120833
