2 0.344141 0.218056 0.014844 0.036111
2 0.409375 0.175694 0.068750 0.059722
2 0.691797 0.181944 0.011719 0.016667
3 0.666406 0.265972 0.012500 0.043056
7 0.707422 0.239583 0.016406 0.020833
7 0.680859 0.252083 0.008594 0.012500
7 0.656250 0.259722 0.014063 0.030556
7 0.638281 0.259722 0.017188 0.030556
7 0.623047 0.264583 0.014844 0.031944
7 0.612891 0.265278 0.013281 0.027778
7 0.611328 0.268750 0.017969 0.026389
7 0.543359 0.281944 0.024219 0.030556
7 0.585938 0.288194 0.046875 0.073611
7 0.500391 0.308333 0.055469 0.072222
