7 0.016406 0.447917 0.032813 0.059722
7 0.029687 0.440972 0.032813 0.045833
7 0.053125 0.434722 0.009375 0.033333
7 0.063672 0.426389 0.014844 0.030556
7 0.077734 0.418056 0.013281 0.027778
7 0.141016 0.437500 0.013281 0.038889
7 0.131641 0.419444 0.017969 0.033333
7 0.117969 0.422917 0.017188 0.023611
7 0.391797 0.440972 0.014844 0.037500
7 0.350781 0.455556 0.017188 0.041667
7 0.331641 0.446528 0.032031 0.062500
7 0.375781 0.447917 0.023438 0.037500
7 0.301172 0.461111 0.047656 0.066667
5 0.457813 0.382639 0.117188 0.320833
2 0.190625 0.332639 0.021875 0.020833
2 0.189453 0.359028 0.024219 0.043056
3 0.637891 0.472917 0.025781 0.084722
