1 0.410547 0.365972 0.011719 0.023611
2 0.456250 0.344444 0.007812 0.022222
2 0.413281 0.409722 0.010937 0.019444
7 0.472266 0.461111 0.017969 0.025000
7 0.490625 0.461806 0.017188 0.031944
7 0.501172 0.471528 0.016406 0.054167
7 0.451953 0.475000 0.032031 0.080556
7 0.425781 0.484722 0.037500 0.100000
7 0.369922 0.501389 0.125781 0.155556
7 0.167578 0.514583 0.335156 0.465278
1 0.486328 0.434722 0.011719 0.011111
2 0.362109 0.374306 0.013281 0.018056
2 0.261328 0.304167 0.027344 0.033333
7 0.372266 0.415972 0.035156 0.015278
2 0.361328 0.395833 0.016406 0.016667
7 0.762500 0.487500 0.115625 0.116667
7 0.957422 0.698611 0.083594 0.311111
0 0.585938 0.421528 0.160938 0.326389
