7 0.639453 0.331944 0.138281 0.150000
7 0.425781 0.306944 0.096875 0.169444
7 0.498437 0.301389 0.040625 0.061111
7 0.568359 0.299306 0.041406 0.048611
7 0.546094 0.293750 0.040625 0.029167
7 0.543750 0.290278 0.035937 0.022222
7 0.522266 0.288889 0.019531 0.016667
7 0.479297 0.284028 0.016406 0.018056
7 0.045312 0.348611 0.090625 0.177778
5 0.133594 0.303472 0.176563 0.204167
5 0.287891 0.295833 0.083594 0.080556
5 0.217188 0.306944 0.068750 0.108333
7 0.361328 0.296528 0.017969 0.031944
7 0.335156 0.288889 0.015625 0.033333
7 0.344531 0.288889 0.015625 0.030556
2 0.271875 0.153472 0.025000 0.026389
2 0.255469 0.104861 0.021875 0.034722
2 0.360547 0.170833 0.011719 0.025000
2 0.346484 0.219444 0.025781 0.016667
2 0.422266 0.215972 0.032031 0.012500
1 0.384766 0.210417 0.010156 0.018056
1 0.257812 0.193750 0.009375 0.004167
1 0.493359 0.202083 0.007031 0.020833
1 0.364453 0.225694 0.005469 0.023611
1 0.429297 0.199306 0.007031 0.020833
1 0.422266 0.197222 0.007031 0.016667
7 0.797266 0.238194 0.091406 0.034722
2 0.259375 0.191667 0.015625 0.016667
2 0.022266 0.154861 0.008594 0.020833
2 0.010547 0.159028 0.008594 0.020833
2 0.281641 0.204167 0.013281 0.027778
2 0.276562 0.240278 0.021875 0.027778
