5 0.419531 0.277083 0.042188 0.034722
7 0.408984 0.290278 0.024219 0.027778
7 0.391797 0.292361 0.024219 0.037500
7 0.364063 0.298611 0.042188 0.052778
7 0.334766 0.309028 0.036719 0.056944
6 0.311719 0.321528 0.051562 0.065278
7 0.166797 0.355556 0.142969 0.175000
7 0.039062 0.413194 0.078125 0.198611
7 0.839063 0.370833 0.318750 0.702778
7 0.489063 0.279861 0.020313 0.031944
7 0.498437 0.283333 0.012500 0.038889
7 0.505078 0.284028 0.013281 0.043056
7 0.518750 0.288194 0.031250 0.051389
7 0.538672 0.296528 0.030469 0.070833
7 0.572266 0.299306 0.061719 0.131944
7 0.634375 0.314583 0.131250 0.165278
