7 0.417969 0.297917 0.089063 0.140278
7 0.181250 0.266667 0.031250 0.019444
7 0.368359 0.260417 0.014844 0.023611
5 0.310937 0.245833 0.017188 0.027778
7 0.331250 0.248611 0.014063 0.016667
5 0.896484 0.340278 0.039844 0.033333
5 0.856250 0.331944 0.035937 0.033333
7 0.835156 0.327778 0.017188 0.033333
7 0.813672 0.322222 0.021094 0.025000
7 0.786328 0.319444 0.025781 0.025000
7 0.769141 0.319444 0.017969 0.025000
7 0.755469 0.311111 0.023438 0.025000
7 0.933984 0.334028 0.030469 0.029167
2 0.507031 0.138194 0.015625 0.040278
2 0.492969 0.204861 0.009375 0.029167
2 0.539453 0.242361 0.021094 0.020833
7 0.972266 0.331250 0.022656 0.023611
2 0.473047 0.200000 0.010156 0.019444
