6 0.912891 0.545139 0.122656 0.137500
3 0.888281 0.527083 0.060937 0.209722
2 0.527344 0.354167 0.015625 0.033333
2 0.247656 0.420833 0.014063 0.036111
6 0.188281 0.501389 0.021875 0.041667
1 0.317969 0.402083 0.006250 0.026389
1 0.410547 0.384028 0.007031 0.026389
7 0.397266 0.486806 0.019531 0.026389
7 0.408203 0.494444 0.005469 0.027778
0 0.442578 0.471528 0.071094 0.120833
7 0.361328 0.486111 0.019531 0.027778
7 0.348438 0.484722 0.009375 0.025000
7 0.329297 0.487500 0.021094 0.027778
5 0.325000 0.470139 0.023438 0.048611
7 0.305469 0.487500 0.007812 0.022222
8 0.292969 0.486806 0.009375 0.026389
6 0.291406 0.500694 0.012500 0.020833
7 0.239063 0.483333 0.015625 0.036111
