7 0.083203 0.429861 0.060156 0.070833
7 0.532813 0.440278 0.035937 0.036111
7 0.421094 0.454167 0.026562 0.030556
7 0.336719 0.445833 0.053125 0.047222
7 0.298438 0.449306 0.062500 0.040278
7 0.268359 0.437500 0.024219 0.016667
7 0.248438 0.437500 0.023438 0.016667
5 0.160938 0.429861 0.121875 0.070833
5 0.379688 0.473611 0.068750 0.080556
5 0.485938 0.458333 0.029687 0.038889
5 0.592578 0.468750 0.030469 0.043056
5 0.607422 0.422222 0.030469 0.030556
5 0.573438 0.425000 0.031250 0.036111
5 0.544141 0.447917 0.030469 0.034722
5 0.237891 0.485417 0.092969 0.095833
2 0.037891 0.517361 0.074219 0.201389
7 0.039844 0.512500 0.079687 0.127778
2 0.442188 0.409722 0.023438 0.050000
2 0.370312 0.418750 0.012500 0.031944
2 0.707812 0.402083 0.040625 0.070833
2 0.771094 0.443750 0.020313 0.020833
2 0.681250 0.497222 0.010937 0.022222
