7 0.501563 0.594444 0.020313 0.069444
7 0.503125 0.588889 0.031250 0.072222
7 0.522266 0.582639 0.025781 0.040278
7 0.575781 0.581250 0.018750 0.043056
7 0.609375 0.563194 0.043750 0.048611
7 0.478516 0.597222 0.060156 0.091667
7 0.609375 0.590278 0.054688 0.075000
7 0.554688 0.581250 0.021875 0.026389
7 0.810547 0.695833 0.372656 0.561111
3 0.102734 0.613194 0.058594 0.165278
3 0.922656 0.640278 0.150000 0.688889
2 0.399609 0.445139 0.025781 0.012500
2 0.465234 0.528472 0.010156 0.023611
2 0.631250 0.509028 0.010937 0.023611
2 0.437500 0.499306 0.010937 0.023611
1 0.298047 0.023611 0.030469 0.047222
1 0.330078 0.023611 0.028906 0.047222
1 0.271094 0.026389 0.020313 0.052778
