1 0.371484 0.222917 0.011719 0.029167
1 0.462109 0.222222 0.011719 0.030556
1 0.437500 0.230556 0.010937 0.019444
7 0.428125 0.266667 0.020313 0.038889
7 0.447266 0.266667 0.013281 0.030556
7 0.410547 0.279861 0.033594 0.048611
7 0.460156 0.275000 0.025000 0.047222
7 0.330078 0.317361 0.108594 0.156944
7 0.252344 0.288194 0.020313 0.029167
7 0.194531 0.287500 0.018750 0.033333
7 0.078906 0.309722 0.026562 0.044444
0 0.015625 0.293056 0.031250 0.066667
7 0.011328 0.314583 0.022656 0.068056
7 0.157422 0.304167 0.025781 0.030556
7 0.501953 0.273611 0.024219 0.030556
7 0.569141 0.266667 0.019531 0.033333
7 0.588281 0.268750 0.023438 0.029167
7 0.616016 0.270139 0.013281 0.029167
7 0.645312 0.270139 0.021875 0.037500
7 0.676953 0.270139 0.017969 0.037500
7 0.714453 0.263194 0.050781 0.051389
7 0.750000 0.268056 0.051562 0.050000
7 0.835156 0.261111 0.085938 0.080556
7 0.907031 0.264583 0.081250 0.081944
7 0.960938 0.256944 0.075000 0.100000
