7 0.050391 0.547222 0.100781 0.077778
7 0.198437 0.536806 0.115625 0.087500
7 0.290625 0.530556 0.067187 0.072222
7 0.387891 0.527778 0.057031 0.050000
7 0.373437 0.493750 0.051562 0.020833
7 0.596875 0.499306 0.026562 0.029167
7 0.617969 0.496528 0.021875 0.026389
7 0.716797 0.487500 0.014844 0.019444
7 0.791797 0.479167 0.016406 0.025000
7 0.761719 0.481250 0.015625 0.020833
2 0.566797 0.473611 0.016406 0.030556
2 0.729688 0.454167 0.012500 0.025000
2 0.815625 0.452083 0.009375 0.020833
2 0.858594 0.453472 0.004687 0.020833
7 0.644922 0.497222 0.016406 0.016667
