0 0.176563 0.215972 0.215625 0.431944
7 0.844922 0.434028 0.307031 0.331944
7 0.008203 0.308333 0.014844 0.058333
7 0.045703 0.286806 0.041406 0.062500
7 0.301953 0.309722 0.038281 0.069444
7 0.625391 0.365972 0.219531 0.215278
7 0.481250 0.348611 0.101562 0.119444
7 0.410547 0.320833 0.091406 0.102778
7 0.365625 0.313194 0.042188 0.087500
7 0.343750 0.300000 0.031250 0.061111
3 0.334375 0.317361 0.028125 0.104167
7 0.007031 0.255556 0.014063 0.036111
2 0.320312 0.192361 0.014063 0.026389
3 0.738672 0.321528 0.027344 0.079167
