7 0.095312 0.552778 0.160938 0.138889
7 0.251563 0.547222 0.090625 0.083333
7 0.335156 0.538889 0.062500 0.063889
7 0.555078 0.570139 0.110156 0.156944
7 0.486328 0.539583 0.030469 0.045833
7 0.028906 0.556250 0.057813 0.120833
7 0.190234 0.550000 0.049219 0.072222
7 0.298828 0.550000 0.021094 0.050000
7 0.380859 0.541667 0.042969 0.044444
7 0.412500 0.540972 0.025000 0.031944
7 0.430859 0.539583 0.017969 0.031944
7 0.447266 0.541667 0.017969 0.030556
7 0.462500 0.539583 0.010937 0.020833
7 0.509375 0.530556 0.018750 0.027778
0 0.394141 0.511111 0.041406 0.038889
7 0.968359 0.426389 0.061719 0.086111
2 0.656250 0.464583 0.018750 0.037500
2 0.723437 0.421528 0.014063 0.043056
