7 0.251563 0.550694 0.023438 0.034722
2 0.282422 0.513194 0.011719 0.015278
7 0.215625 0.550694 0.025000 0.034722
7 0.162891 0.545139 0.039844 0.031944
7 0.091406 0.544444 0.050000 0.038889
7 0.030859 0.572222 0.061719 0.091667
7 0.319922 0.547917 0.053906 0.068056
7 0.507812 0.547917 0.031250 0.043056
7 0.621484 0.550694 0.064844 0.084722
7 0.712109 0.578472 0.089844 0.123611
7 0.843750 0.586111 0.229687 0.222222
7 0.969141 0.652083 0.061719 0.273611
2 0.906641 0.338889 0.030469 0.036111
2 0.620313 0.479167 0.010937 0.030556
2 0.408203 0.468750 0.011719 0.034722
