2 0.444922 0.337500 0.025781 0.013889
2 0.700781 0.353472 0.020313 0.034722
2 0.555469 0.319444 0.010937 0.013889
2 0.927734 0.311806 0.027344 0.043056
2 0.238281 0.352778 0.026562 0.008333
1 0.262109 0.348611 0.007031 0.019444
1 0.419141 0.331944 0.007031 0.025000
1 0.557031 0.351389 0.007812 0.019444
1 0.548047 0.352778 0.008594 0.022222
1 0.411328 0.331250 0.007031 0.023611
7 0.194531 0.443750 0.039062 0.023611
7 0.242578 0.450694 0.014844 0.043056
7 0.418750 0.439583 0.037500 0.090278
7 0.572656 0.423611 0.028125 0.038889
7 0.610156 0.422917 0.057813 0.065278
7 0.727344 0.411111 0.062500 0.052778
7 0.882422 0.395139 0.041406 0.012500
7 0.928516 0.404167 0.075781 0.055556
7 0.879687 0.451389 0.034375 0.111111
7 0.810547 0.458333 0.125781 0.183333
7 0.285547 0.447917 0.077344 0.126389
7 0.366016 0.456944 0.100781 0.152778
7 0.146094 0.465972 0.068750 0.081944
7 0.452344 0.427083 0.026562 0.040278
