2 0.651953 0.480556 0.032031 0.041667
2 0.652734 0.431944 0.027344 0.052778
2 0.458594 0.473611 0.029687 0.011111
2 0.958594 0.270833 0.075000 0.130556
2 0.217578 0.511111 0.019531 0.041667
1 0.432031 0.452083 0.007812 0.031944
1 0.241797 0.547222 0.008594 0.016667
1 0.391016 0.365278 0.013281 0.063889
1 0.519922 0.427083 0.010156 0.029167
1 0.276953 0.435417 0.005469 0.020833
1 0.269922 0.435417 0.005469 0.023611
1 0.496484 0.434722 0.010156 0.025000
1 0.508594 0.433333 0.007812 0.022222
7 0.393750 0.576389 0.025000 0.038889
7 0.432812 0.572222 0.015625 0.033333
7 0.450781 0.579167 0.039062 0.055556
7 0.632422 0.615278 0.116406 0.133333
7 0.223828 0.582639 0.046094 0.051389
7 0.356641 0.579167 0.028906 0.033333
7 0.492969 0.587500 0.048438 0.077778
7 0.756250 0.644444 0.214062 0.208333
0 0.569531 0.559028 0.151562 0.098611
3 0.417187 0.573611 0.007812 0.025000
