2 0.222656 0.195139 0.035937 0.081944
2 0.830469 0.276389 0.075000 0.133333
2 0.041406 0.247917 0.021875 0.029167
2 0.041016 0.275000 0.046094 0.033333
2 0.908203 0.261111 0.036719 0.027778
2 0.903125 0.294444 0.028125 0.036111
2 0.678516 0.375000 0.010156 0.016667
1 0.015234 0.327083 0.030469 0.045833
1 0.543750 0.204861 0.020313 0.068056
1 0.378125 0.238889 0.014063 0.052778
1 0.423828 0.400694 0.008594 0.026389
1 0.672656 0.404861 0.012500 0.026389
7 0.396484 0.443750 0.017969 0.037500
7 0.392578 0.450000 0.017969 0.036111
7 0.354297 0.454167 0.067969 0.094444
7 0.623047 0.498611 0.088281 0.138889
7 0.789453 0.547917 0.341406 0.370833
7 0.489453 0.563889 0.210156 0.294444
7 0.181641 0.458333 0.289844 0.388889
1 0.365234 0.238194 0.011719 0.048611
1 0.527344 0.204861 0.012500 0.059722
