1 0.364453 0.369444 0.007031 0.038889
1 0.336719 0.426389 0.007812 0.025000
1 0.297656 0.483333 0.007812 0.033333
1 0.220703 0.477083 0.008594 0.034722
1 0.219531 0.453472 0.010937 0.020833
1 0.469922 0.483333 0.005469 0.022222
1 0.450781 0.488889 0.007812 0.016667
2 0.315625 0.503472 0.009375 0.023611
1 0.137109 0.512500 0.010156 0.013889
7 0.082812 0.548611 0.053125 0.041667
7 0.101953 0.545139 0.036719 0.023611
7 0.167578 0.545139 0.019531 0.020833
7 0.259375 0.541667 0.020313 0.038889
7 0.282422 0.552083 0.049219 0.062500
7 0.310547 0.533333 0.021094 0.041667
2 0.452344 0.504861 0.014063 0.015278
2 0.480078 0.481944 0.021094 0.061111
7 0.213672 0.576389 0.103906 0.127778
7 0.387109 0.639583 0.199219 0.306944
1 0.045312 0.414583 0.009375 0.034722
1 0.087500 0.435417 0.009375 0.029167
1 0.157422 0.378472 0.010156 0.037500
1 0.016797 0.507639 0.007031 0.026389
1 0.026172 0.511806 0.007031 0.026389
1 0.078516 0.504167 0.010156 0.022222
2 0.515625 0.493750 0.007812 0.026389
2 0.577344 0.462500 0.010937 0.033333
2 0.561328 0.468750 0.011719 0.031944
2 0.548438 0.476389 0.007812 0.027778
2 0.538672 0.481944 0.007031 0.030556
2 0.529297 0.486111 0.008594 0.025000
2 0.521094 0.491667 0.007812 0.025000
1 0.460156 0.418750 0.009375 0.031944
1 0.477344 0.403472 0.007812 0.034722
