2 0.328125 0.247917 0.015625 0.020833
2 0.238281 0.215972 0.012500 0.015278
2 0.382031 0.254167 0.015625 0.016667
2 0.349219 0.281944 0.006250 0.025000
7 0.464453 0.314583 0.021094 0.020833
7 0.434766 0.318750 0.028906 0.029167
7 0.489844 0.313889 0.025000 0.022222
7 0.339844 0.318056 0.014063 0.044444
7 0.324609 0.315278 0.016406 0.050000
7 0.301172 0.318750 0.033594 0.059722
7 0.666016 0.329167 0.033594 0.030556
7 0.770703 0.334722 0.033594 0.038889
7 0.874609 0.345833 0.066406 0.041667
7 0.961328 0.340972 0.072656 0.051389
7 0.706250 0.330556 0.087500 0.044444
7 0.991406 0.359722 0.015625 0.050000
7 0.287109 0.330556 0.047656 0.061111
5 0.094531 0.315972 0.189062 0.631944
