1 0.403125 0.433333 0.007812 0.016667
1 0.440625 0.428472 0.006250 0.018056
1 0.434766 0.429167 0.003906 0.022222
1 0.308594 0.468750 0.012500 0.012500
2 0.352734 0.475000 0.010156 0.016667
2 0.355469 0.436806 0.010937 0.009722
2 0.491797 0.445833 0.011719 0.008333
7 0.394922 0.516667 0.027344 0.033333
7 0.390234 0.509722 0.046094 0.033333
7 0.355078 0.515278 0.016406 0.036111
7 0.347266 0.513194 0.022656 0.034722
7 0.334766 0.518750 0.016406 0.043056
7 0.323828 0.520139 0.017969 0.056944
7 0.306641 0.526389 0.032031 0.069444
7 0.267188 0.538194 0.075000 0.081944
7 0.097266 0.578472 0.194531 0.206944
7 0.026172 0.647222 0.050781 0.225000
7 0.432812 0.511806 0.017188 0.037500
7 0.471875 0.510417 0.060937 0.084722
7 0.485547 0.538889 0.042969 0.091667
7 0.522266 0.556250 0.066406 0.118056
7 0.607812 0.563889 0.153125 0.222222
7 0.811719 0.622222 0.371875 0.536111
4 0.218750 0.536806 0.025000 0.073611
