7 0.942969 0.520139 0.110937 0.237500
7 0.822266 0.501389 0.174219 0.161111
7 0.717578 0.444444 0.141406 0.144444
7 0.624609 0.443056 0.055469 0.088889
7 0.590234 0.438194 0.049219 0.068056
7 0.552734 0.429861 0.044531 0.059722
7 0.526563 0.420833 0.031250 0.047222
7 0.507812 0.415972 0.034375 0.045833
7 0.489453 0.411111 0.022656 0.038889
7 0.467578 0.406944 0.021094 0.036111
5 0.452734 0.386111 0.038281 0.066667
7 0.422266 0.393750 0.011719 0.034722
7 0.415625 0.399306 0.009375 0.031944
7 0.392969 0.394444 0.040625 0.061111
7 0.369531 0.387500 0.014063 0.022222
7 0.361328 0.387500 0.007031 0.030556
7 0.346094 0.381250 0.026562 0.034722
5 0.241016 0.343750 0.069531 0.131944
7 0.108594 0.391667 0.137500 0.138889
7 0.176953 0.393750 0.044531 0.084722
7 0.185547 0.365972 0.075781 0.120833
2 0.094922 0.244444 0.025781 0.038889
7 0.317188 0.377083 0.023438 0.031944
2 0.285156 0.303472 0.023438 0.015278
3 0.008984 0.358333 0.011719 0.083333
2 0.713281 0.341667 0.025000 0.052778
2 0.953125 0.316667 0.028125 0.063889
2 0.031641 0.253472 0.014844 0.040278
2 0.095703 0.294444 0.017969 0.025000
3 0.030469 0.359028 0.010937 0.070833
7 0.235156 0.370139 0.035937 0.093056
1 0.324219 0.304167 0.006250 0.016667
1 0.624609 0.375000 0.003906 0.022222
1 0.579297 0.381944 0.007031 0.013889
1 0.509375 0.371528 0.007812 0.015278
2 0.483984 0.376389 0.010156 0.011111
