1 0.476172 0.256944 0.010156 0.041667
1 0.523828 0.257639 0.010156 0.045833
1 0.569531 0.264583 0.010937 0.040278
1 0.614453 0.271528 0.011719 0.037500
2 0.464453 0.308333 0.033594 0.038889
2 0.500000 0.306944 0.032813 0.041667
2 0.534375 0.316667 0.031250 0.044444
2 0.491406 0.357639 0.010937 0.012500
2 0.500000 0.359028 0.009375 0.012500
2 0.587109 0.336111 0.017969 0.016667
2 0.604297 0.336806 0.016406 0.012500
2 0.603516 0.347222 0.019531 0.016667
2 0.588281 0.350694 0.017188 0.012500
2 0.718359 0.329861 0.024219 0.037500
2 0.748828 0.329167 0.017969 0.044444
7 0.538672 0.372917 0.011719 0.015278
7 0.526953 0.370833 0.011719 0.019444
7 0.516797 0.368750 0.010156 0.023611
7 0.505859 0.370833 0.016406 0.019444
7 0.490625 0.375000 0.014063 0.019444
7 0.500781 0.400000 0.026562 0.038889
7 0.519531 0.393750 0.021875 0.034722
7 0.566797 0.383333 0.025781 0.022222
7 0.521094 0.423611 0.023438 0.058333
7 0.544531 0.443056 0.051562 0.105556
7 0.599609 0.447222 0.105469 0.163889
7 0.444531 0.394444 0.106250 0.066667
7 0.412500 0.607639 0.303125 0.368056
7 0.693750 0.516667 0.256250 0.288889
7 0.944141 0.795833 0.108594 0.386111
2 0.285156 0.345833 0.035937 0.027778
2 0.237891 0.352083 0.030469 0.023611
2 0.330078 0.338194 0.021094 0.029167
7 0.030859 0.368750 0.060156 0.051389
