5 0.785547 0.345833 0.427344 0.688889
2 0.189844 0.294444 0.082812 0.116667
2 0.109375 0.298611 0.034375 0.013889
2 0.118750 0.333333 0.051562 0.052778
2 0.329688 0.304861 0.076563 0.104167
7 0.556641 0.482639 0.010156 0.020833
7 0.570312 0.481250 0.014063 0.023611
7 0.387109 0.479861 0.013281 0.012500
7 0.357422 0.481250 0.007031 0.020833
7 0.369531 0.477778 0.020313 0.022222
7 0.345313 0.481250 0.014063 0.015278
7 0.242188 0.483333 0.012500 0.025000
7 0.137500 0.486806 0.039062 0.031944
7 0.186328 0.504861 0.119531 0.101389
7 0.059766 0.490278 0.066406 0.052778
7 0.263672 0.484028 0.030469 0.034722
7 0.296484 0.481250 0.014844 0.020833
7 0.325000 0.484028 0.026562 0.023611
7 0.309766 0.482639 0.011719 0.023611
7 0.478516 0.482639 0.013281 0.012500
7 0.501563 0.483333 0.010937 0.011111
7 0.491016 0.484722 0.010156 0.013889
7 0.542578 0.481944 0.013281 0.019444
7 0.516406 0.488889 0.009375 0.011111
7 0.449609 0.495139 0.049219 0.073611
0 0.420703 0.474306 0.030469 0.023611
2 0.270703 0.465278 0.003906 0.016667
