2 0.240234 0.253472 0.013281 0.026389
2 0.325391 0.236806 0.019531 0.037500
2 0.326562 0.100694 0.017188 0.037500
2 0.386719 0.299306 0.009375 0.023611
8 0.466016 0.327083 0.008594 0.020833
6 0.466016 0.338194 0.010156 0.023611
8 0.373437 0.319444 0.009375 0.025000
8 0.356250 0.317361 0.010937 0.023611
6 0.371875 0.329167 0.009375 0.022222
6 0.353906 0.331944 0.014063 0.022222
8 0.654687 0.334028 0.021875 0.076389
8 0.694141 0.325000 0.019531 0.061111
7 0.278906 0.316667 0.073438 0.091667
7 0.532422 0.345139 0.036719 0.048611
7 0.557031 0.333333 0.031250 0.080556
7 0.596484 0.339583 0.061719 0.106944
7 0.932422 0.384028 0.133594 0.118056
