1 0.178516 0.187500 0.017969 0.080556
1 0.471484 0.371528 0.011719 0.045833
1 0.588672 0.526389 0.019531 0.030556
1 0.161719 0.189583 0.015625 0.076389
1 0.203906 0.195833 0.015625 0.080556
1 0.459375 0.372917 0.012500 0.048611
1 0.482422 0.370833 0.011719 0.041667
1 0.879297 0.429167 0.021094 0.052778
1 0.862109 0.423611 0.033594 0.063889
1 0.148438 0.520833 0.017188 0.030556
2 0.855859 0.307639 0.044531 0.040278
2 0.846484 0.265972 0.032031 0.043056
2 0.153125 0.422917 0.020313 0.018056
3 0.591016 0.607639 0.014844 0.073611
7 0.392578 0.585417 0.007031 0.015278
7 0.384375 0.585417 0.010937 0.015278
7 0.373828 0.583333 0.010156 0.019444
7 0.363672 0.585417 0.011719 0.023611
7 0.353906 0.586111 0.017188 0.027778
7 0.339453 0.588194 0.017969 0.029167
7 0.328125 0.593056 0.021875 0.030556
7 0.309375 0.595833 0.029687 0.038889
7 0.253516 0.588889 0.047656 0.044444
7 0.207813 0.593750 0.050000 0.054167
7 0.442188 0.577083 0.007812 0.020833
7 0.444531 0.582639 0.012500 0.023611
7 0.455078 0.587500 0.025781 0.033333
7 0.476562 0.595833 0.035937 0.050000
7 0.135937 0.595833 0.103125 0.075000
7 0.416406 0.595833 0.046875 0.072222
7 0.507812 0.611806 0.048438 0.056944
7 0.535937 0.577778 0.039062 0.025000
7 0.519922 0.574306 0.008594 0.012500
7 0.558203 0.599306 0.052344 0.037500
7 0.016797 0.786806 0.033594 0.240278
7 0.840625 0.704167 0.315625 0.333333
7 0.278125 0.604167 0.042188 0.050000
