3 0.957812 0.587500 0.026562 0.102778
3 0.178906 0.465972 0.023438 0.101389
1 0.532422 0.425000 0.008594 0.019444
1 0.436328 0.438889 0.005469 0.013889
1 0.579688 0.466667 0.007812 0.027778
1 0.602734 0.422222 0.007031 0.019444
2 0.256641 0.161806 0.016406 0.023611
2 0.255078 0.225000 0.010156 0.025000
2 0.380078 0.413889 0.011719 0.011111
2 0.362500 0.423611 0.010937 0.008333
1 0.374609 0.447222 0.010156 0.013889
1 0.356250 0.441667 0.010937 0.016667
7 0.414844 0.479167 0.014063 0.022222
7 0.470703 0.463194 0.027344 0.026389
7 0.476562 0.493056 0.029687 0.044444
7 0.588281 0.515972 0.035937 0.051389
7 0.382812 0.486806 0.021875 0.054167
7 0.071875 0.456944 0.143750 0.341667
7 0.257422 0.461806 0.122656 0.184722
7 0.360547 0.484722 0.041406 0.050000
7 0.441797 0.495139 0.046094 0.068056
7 0.528125 0.510417 0.093750 0.154167
7 0.739453 0.601389 0.349219 0.447222
