7 0.300391 0.593056 0.046094 0.105556
7 0.501953 0.561806 0.011719 0.029167
7 0.489063 0.563194 0.012500 0.031944
7 0.821094 0.581944 0.031250 0.036111
7 0.687891 0.600694 0.041406 0.056944
7 0.587109 0.643750 0.202344 0.309722
7 0.759766 0.618750 0.119531 0.156944
7 0.908984 0.663194 0.178906 0.462500
7 0.182422 0.620139 0.213281 0.179167
0 0.699219 0.552778 0.081250 0.150000
3 0.338281 0.578472 0.015625 0.073611
3 0.378516 0.558333 0.010156 0.061111
3 0.363672 0.559722 0.007031 0.055556
3 0.395313 0.553472 0.007812 0.043056
3 0.412109 0.556944 0.008594 0.052778
3 0.435937 0.561806 0.006250 0.045833
3 0.428906 0.561806 0.004687 0.040278
3 0.423047 0.559028 0.007031 0.048611
7 0.463672 0.561111 0.035156 0.052778
7 0.012500 0.717361 0.025000 0.170833
1 0.421875 0.488889 0.006250 0.025000
2 0.704688 0.450000 0.029687 0.019444
2 0.843750 0.479167 0.018750 0.050000
2 0.782813 0.504167 0.020313 0.036111
1 0.779297 0.463194 0.011719 0.043056
