7 0.404687 0.543750 0.054688 0.095833
3 0.317969 0.552778 0.012500 0.063889
3 0.301953 0.553472 0.014844 0.090278
3 0.361719 0.535417 0.009375 0.056944
3 0.709766 0.523611 0.016406 0.086111
3 0.727734 0.527083 0.010156 0.079167
3 0.869141 0.517361 0.028906 0.118056
3 0.844922 0.532639 0.025781 0.134722
3 0.928906 0.532639 0.018750 0.134722
3 0.946875 0.546528 0.017188 0.145833
4 0.621484 0.568750 0.060156 0.040278
4 0.662500 0.568750 0.081250 0.070833
7 0.438672 0.517361 0.017969 0.043056
0 0.515234 0.498611 0.142969 0.305556
2 0.165625 0.400000 0.026562 0.088889
2 0.974609 0.168750 0.047656 0.134722
3 0.628516 0.522917 0.017969 0.056944
