7 0.286328 0.523611 0.058594 0.063889
7 0.523438 0.495139 0.053125 0.073611
7 0.681250 0.486111 0.064062 0.069444
7 0.465234 0.483333 0.024219 0.033333
7 0.489063 0.476389 0.014063 0.022222
7 0.376172 0.501389 0.038281 0.041667
1 0.615234 0.172917 0.014844 0.065278
1 0.630078 0.172222 0.014844 0.069444
1 0.603516 0.179861 0.008594 0.062500
1 0.057031 0.019444 0.021875 0.033333
1 0.817578 0.364583 0.011719 0.034722
2 0.804297 0.289583 0.030469 0.018056
2 0.789062 0.329167 0.015625 0.036111
5 0.561328 0.456250 0.035156 0.062500
7 0.394531 0.500000 0.014063 0.027778
7 0.403906 0.494444 0.018750 0.027778
7 0.416016 0.487500 0.017969 0.036111
7 0.426953 0.488889 0.014844 0.022222
7 0.641797 0.479167 0.039844 0.066667
7 0.619141 0.478472 0.028906 0.056944
7 0.602344 0.476389 0.015625 0.047222
1 0.800781 0.365972 0.015625 0.031944
1 0.089453 0.017361 0.035156 0.029167
