2 0.074609 0.312500 0.035156 0.022222
2 0.062891 0.354167 0.019531 0.016667
1 0.058203 0.435417 0.019531 0.029167
1 0.087500 0.436111 0.012500 0.027778
3 0.072656 0.559722 0.032813 0.138889
1 0.439063 0.443056 0.006250 0.019444
1 0.533203 0.450000 0.008594 0.019444
2 0.541797 0.455556 0.005469 0.025000
1 0.567578 0.465278 0.007031 0.019444
1 0.666406 0.195833 0.018750 0.069444
1 0.835547 0.427778 0.019531 0.025000
1 0.647266 0.197222 0.022656 0.066667
1 0.812109 0.427778 0.013281 0.030556
2 0.813672 0.318056 0.035156 0.019444
0 0.519531 0.497222 0.015625 0.030556
5 0.503516 0.492361 0.017969 0.020833
7 0.490625 0.503472 0.012500 0.012500
7 0.484375 0.509028 0.014063 0.018056
7 0.467578 0.506250 0.013281 0.018056
7 0.451562 0.508333 0.018750 0.022222
7 0.423047 0.506944 0.033594 0.033333
7 0.410938 0.520139 0.018750 0.029167
7 0.400391 0.515972 0.011719 0.026389
7 0.389844 0.518750 0.020313 0.043056
7 0.348438 0.507639 0.010937 0.009722
7 0.476562 0.512500 0.018750 0.025000
7 0.363672 0.522222 0.036719 0.044444
7 0.296484 0.533333 0.061719 0.072222
7 0.216797 0.552083 0.092969 0.084722
5 0.542188 0.497917 0.026562 0.043056
7 0.548047 0.520139 0.021094 0.034722
7 0.597656 0.509722 0.028125 0.050000
7 0.619531 0.523611 0.032813 0.061111
7 0.624609 0.529861 0.016406 0.054167
7 0.664062 0.518056 0.067187 0.097222
7 0.695703 0.534722 0.086719 0.100000
7 0.569141 0.522222 0.038281 0.063889
7 0.505469 0.528472 0.039062 0.056944
1 0.419531 0.451389 0.006250 0.025000
