2 0.228906 0.269444 0.020313 0.069444
2 0.413281 0.347222 0.014063 0.013889
2 0.448047 0.336806 0.019531 0.015278
2 0.283594 0.353472 0.014063 0.018056
5 0.617188 0.361806 0.075000 0.112500
7 0.459375 0.371528 0.009375 0.018056
5 0.399609 0.362500 0.007031 0.016667
5 0.538672 0.356250 0.022656 0.029167
7 0.523047 0.372222 0.011719 0.016667
7 0.496094 0.373611 0.009375 0.016667
7 0.389453 0.363889 0.011719 0.011111
7 0.367969 0.361806 0.010937 0.015278
7 0.340625 0.364583 0.014063 0.012500
7 0.560937 0.371528 0.012500 0.023611
7 0.466797 0.370833 0.007031 0.013889
7 0.483594 0.377778 0.026562 0.038889
7 0.447266 0.370833 0.011719 0.019444
7 0.422266 0.379861 0.038281 0.048611
7 0.545703 0.380556 0.035156 0.044444
7 0.698047 0.400000 0.160156 0.194444
7 0.163281 0.457639 0.315625 0.298611
7 0.903516 0.432639 0.188281 0.151389
7 0.509766 0.372917 0.017969 0.029167
