7 0.334766 0.543750 0.127344 0.162500
7 0.462500 0.513889 0.023438 0.036111
7 0.482031 0.496528 0.012500 0.020833
5 0.519531 0.472222 0.057813 0.030556
7 0.501172 0.496528 0.021094 0.012500
7 0.560937 0.482639 0.098437 0.031944
1 0.486719 0.390972 0.010937 0.029167
1 0.580859 0.355556 0.011719 0.033333
1 0.568750 0.350694 0.007812 0.029167
1 0.476562 0.386111 0.009375 0.016667
5 0.686328 0.548611 0.114844 0.191667
2 0.728516 0.390972 0.021094 0.062500
2 0.797266 0.327778 0.021094 0.066667
7 0.826172 0.595139 0.242969 0.259722
7 0.574219 0.716667 0.329688 0.455556
2 0.417578 0.472222 0.011719 0.025000
1 0.393359 0.475000 0.013281 0.025000
2 0.037109 0.257639 0.046094 0.120833
2 0.682813 0.423611 0.018750 0.050000
2 0.228906 0.304167 0.023438 0.072222
