7 0.042578 0.502778 0.085156 0.213889
7 0.135547 0.405556 0.192969 0.191667
3 0.217969 0.330556 0.018750 0.075000
3 0.237891 0.338194 0.017969 0.079167
3 0.268750 0.346528 0.020313 0.073611
3 0.635547 0.370139 0.021094 0.093056
3 0.659375 0.373611 0.023438 0.094444
3 0.727344 0.365972 0.018750 0.084722
1 0.310547 0.150694 0.010156 0.037500
1 0.141797 0.077083 0.014844 0.048611
1 0.318359 0.149306 0.008594 0.043056
1 0.037891 0.204167 0.017969 0.044444
1 0.017188 0.204861 0.015625 0.043056
1 0.616016 0.207639 0.010156 0.037500
3 0.758203 0.363194 0.010156 0.037500
3 0.346094 0.352083 0.004687 0.031944
5 0.366406 0.325694 0.034375 0.073611
7 0.427734 0.444444 0.166406 0.247222
7 0.848437 0.521528 0.300000 0.518056
0 0.367188 0.273611 0.037500 0.022222
0 0.412891 0.275694 0.028906 0.018056
1 0.634766 0.293750 0.013281 0.020833
2 0.313281 0.288889 0.009375 0.019444
2 0.540625 0.195833 0.035937 0.022222
2 0.622266 0.259028 0.022656 0.015278
2 0.635938 0.231944 0.021875 0.025000
2 0.537891 0.382639 0.013281 0.020833
2 0.510547 0.295139 0.008594 0.023611
1 0.190625 0.267361 0.012500 0.026389
