2 0.523828 0.513889 0.013281 0.019444
2 0.523828 0.534722 0.007031 0.011111
2 0.489453 0.504861 0.014844 0.045833
2 0.609766 0.435417 0.014844 0.037500
7 0.426172 0.549306 0.016406 0.018056
5 0.444922 0.541667 0.017969 0.022222
5 0.398828 0.529861 0.032031 0.054167
7 0.343359 0.551389 0.027344 0.038889
7 0.363281 0.563889 0.040625 0.044444
5 0.315625 0.529861 0.040625 0.051389
7 0.269531 0.543750 0.026562 0.020833
5 0.216406 0.524306 0.067187 0.056944
7 0.217578 0.561111 0.058594 0.047222
7 0.125000 0.565278 0.098437 0.086111
7 0.066016 0.556250 0.028906 0.020833
5 0.027344 0.520139 0.054688 0.087500
5 0.568750 0.558333 0.026562 0.050000
7 0.546875 0.566667 0.028125 0.036111
