2 0.226562 0.518750 0.078125 0.054167
2 0.226953 0.400694 0.050781 0.087500
2 0.044531 0.340278 0.031250 0.075000
1 0.262500 0.215278 0.042188 0.144444
1 0.408984 0.306250 0.011719 0.045833
1 0.902344 0.290972 0.032813 0.104167
1 0.676562 0.386111 0.017188 0.063889
1 0.661328 0.390972 0.013281 0.059722
1 0.868750 0.294444 0.020313 0.097222
1 0.232422 0.226389 0.019531 0.100000
7 0.284375 0.517361 0.054688 0.065278
5 0.335938 0.492361 0.060937 0.106944
5 0.507422 0.470139 0.127344 0.212500
7 0.410938 0.544444 0.146875 0.241667
7 0.586328 0.545139 0.132031 0.176389
7 0.874609 0.593750 0.246094 0.198611
