1 0.641016 0.236111 0.016406 0.075000
1 0.421875 0.359028 0.015625 0.048611
1 0.243750 0.376389 0.009375 0.052778
1 0.710547 0.520139 0.011719 0.020833
1 0.462500 0.484722 0.009375 0.027778
1 0.555859 0.488194 0.007031 0.020833
1 0.408203 0.359028 0.011719 0.048611
1 0.622656 0.238889 0.015625 0.069444
1 0.228125 0.500694 0.015625 0.023611
1 0.695703 0.518056 0.013281 0.022222
2 0.228906 0.436111 0.029687 0.019444
2 0.536719 0.539583 0.009375 0.012500
7 0.488281 0.556250 0.010937 0.012500
7 0.482422 0.561806 0.013281 0.023611
7 0.474219 0.565972 0.018750 0.023611
7 0.464453 0.569444 0.017969 0.038889
7 0.453906 0.579167 0.021875 0.036111
7 0.439453 0.583333 0.041406 0.052778
7 0.503125 0.569444 0.023438 0.047222
7 0.566797 0.561111 0.014844 0.022222
7 0.573438 0.575694 0.020313 0.034722
7 0.586328 0.586111 0.036719 0.055556
7 0.537500 0.597917 0.073438 0.104167
7 0.911328 0.570139 0.044531 0.070833
7 0.848437 0.579861 0.081250 0.068056
7 0.757812 0.579167 0.101562 0.069444
3 0.955469 0.609028 0.079687 0.168056
7 0.962109 0.845833 0.075781 0.291667
7 0.017188 0.602083 0.034375 0.095833
7 0.086328 0.597222 0.080469 0.111111
7 0.175000 0.595139 0.078125 0.106944
7 0.298047 0.635417 0.203906 0.290278
7 0.620703 0.573611 0.028906 0.038889
