3 0.709766 0.654167 0.142969 0.408333
1 0.227734 0.442361 0.010156 0.045833
1 0.239063 0.440972 0.009375 0.040278
1 0.297656 0.447222 0.007812 0.041667
1 0.308594 0.443750 0.009375 0.034722
1 0.369141 0.447222 0.011719 0.041667
1 0.441797 0.450694 0.010156 0.040278
2 0.747266 0.238194 0.083594 0.195833
2 0.755078 0.465972 0.041406 0.020833
2 0.754687 0.388194 0.056250 0.118056
7 0.321875 0.589583 0.032813 0.045833
7 0.350391 0.600000 0.038281 0.066667
7 0.596484 0.607639 0.127344 0.109722
7 0.852344 0.573611 0.125000 0.088889
7 0.232422 0.583333 0.019531 0.027778
7 0.023438 0.798611 0.046875 0.275000
7 0.271094 0.634028 0.126562 0.131944
7 0.445312 0.688194 0.235937 0.340278
5 0.112891 0.481944 0.224219 0.500000
