7 0.091406 0.657639 0.098437 0.048611
7 0.317578 0.641667 0.019531 0.019444
7 0.337891 0.643750 0.011719 0.012500
7 0.352344 0.642361 0.014063 0.006944
7 0.370703 0.636111 0.014844 0.011111
7 0.389062 0.638194 0.009375 0.012500
7 0.473828 0.638889 0.007031 0.013889
7 0.548438 0.635417 0.010937 0.018056
7 0.520703 0.642361 0.016406 0.020833
7 0.873047 0.629861 0.035156 0.023611
7 0.927344 0.627778 0.060937 0.036111
7 0.980469 0.627083 0.035937 0.037500
7 0.450391 0.647917 0.011719 0.018056
7 0.427344 0.653472 0.031250 0.043056
7 0.494922 0.650694 0.039844 0.056944
1 0.457031 0.570139 0.007812 0.012500
1 0.430078 0.570833 0.007031 0.013889
1 0.521875 0.585417 0.006250 0.015278
1 0.553906 0.581944 0.006250 0.013889
1 0.586719 0.582639 0.007812 0.012500
1 0.618750 0.580556 0.007812 0.011111
2 0.297266 0.541667 0.032031 0.072222
