1 0.159766 0.213194 0.019531 0.079167
1 0.115234 0.202083 0.017969 0.109722
1 0.163672 0.421528 0.027344 0.045833
1 0.130078 0.425000 0.024219 0.038889
2 0.665625 0.470833 0.012500 0.033333
2 0.560937 0.457639 0.015625 0.029167
2 0.534766 0.471528 0.017969 0.026389
2 0.547656 0.468750 0.009375 0.029167
2 0.597266 0.440278 0.014844 0.036111
2 0.594531 0.450000 0.012500 0.036111
7 0.419922 0.638194 0.266406 0.243056
7 0.622266 0.569444 0.103906 0.130556
7 0.010547 0.606944 0.021094 0.119444
7 0.688672 0.555556 0.049219 0.072222
7 0.721094 0.540972 0.042188 0.059722
7 0.742188 0.533333 0.015625 0.044444
7 0.755469 0.536806 0.014063 0.026389
7 0.886328 0.640278 0.224219 0.247222
2 0.689453 0.474306 0.016406 0.026389
2 0.677734 0.467361 0.014844 0.031944
