1 0.144141 0.340972 0.010156 0.040278
1 0.050391 0.270833 0.013281 0.050000
1 0.041797 0.310417 0.011719 0.015278
1 0.065234 0.316667 0.014844 0.019444
1 0.284766 0.297222 0.010156 0.030556
1 0.292578 0.211111 0.008594 0.055556
1 0.379297 0.225000 0.035156 0.069444
1 0.835156 0.220139 0.012500 0.048611
1 0.990234 0.275694 0.017969 0.026389
1 0.574609 0.288889 0.010156 0.036111
1 0.526953 0.290278 0.014844 0.041667
2 0.551953 0.288194 0.022656 0.015278
2 0.267969 0.380556 0.012500 0.038889
2 0.173828 0.372222 0.007031 0.022222
2 0.191016 0.339583 0.013281 0.026389
2 0.191406 0.392361 0.015625 0.020833
2 0.175391 0.404861 0.011719 0.018056
2 0.084766 0.332639 0.032031 0.048611
7 0.726172 0.447917 0.110156 0.145833
7 0.885156 0.492361 0.221875 0.234722
7 0.983594 0.606944 0.031250 0.322222
7 0.584375 0.452083 0.031250 0.131944
7 0.499609 0.488889 0.194531 0.300000
1 0.308594 0.336111 0.004687 0.030556
1 0.301563 0.363194 0.009375 0.015278
1 0.792969 0.327778 0.007812 0.016667
