7 0.075391 0.589583 0.075781 0.059722
7 0.235937 0.567361 0.034375 0.034722
7 0.389062 0.557639 0.032813 0.043056
7 0.442188 0.557639 0.023438 0.026389
7 0.565234 0.539583 0.007031 0.015278
7 0.557031 0.543750 0.009375 0.015278
7 0.544922 0.546528 0.010156 0.018056
7 0.532422 0.550694 0.005469 0.020833
7 0.521875 0.550694 0.015625 0.023611
7 0.510547 0.547917 0.010156 0.018056
7 0.496094 0.556250 0.018750 0.034722
7 0.482422 0.562500 0.022656 0.041667
7 0.462891 0.544444 0.017969 0.013889
7 0.202344 0.597917 0.104688 0.098611
7 0.416016 0.567361 0.039844 0.048611
7 0.347266 0.590972 0.075781 0.095833
7 0.468359 0.573611 0.038281 0.058333
