7 0.387109 0.429167 0.067969 0.077778
3 0.294922 0.423611 0.027344 0.108333
5 0.061719 0.388194 0.123438 0.237500
5 0.198828 0.401389 0.113281 0.080556
1 0.022266 0.281944 0.019531 0.069444
1 0.969141 0.200000 0.024219 0.088889
1 0.968359 0.290278 0.025781 0.038889
2 0.510156 0.400694 0.023438 0.043056
2 0.527734 0.417361 0.013281 0.029167
7 0.433203 0.428472 0.028906 0.062500
7 0.460156 0.431944 0.032813 0.047222
7 0.483203 0.432639 0.017969 0.043056
5 0.357031 0.413889 0.067187 0.105556
7 0.566016 0.430556 0.008594 0.016667
1 0.572266 0.374306 0.007031 0.023611
7 0.539844 0.429167 0.009375 0.019444
7 0.508594 0.433333 0.009375 0.013889
7 0.605078 0.431944 0.010156 0.019444
7 0.612109 0.435417 0.014844 0.020833
7 0.622656 0.433333 0.012500 0.025000
7 0.628906 0.434722 0.007812 0.027778
7 0.635938 0.434722 0.012500 0.033333
7 0.587109 0.429861 0.011719 0.018056
