1 0.403906 0.181250 0.012500 0.059722
1 0.812109 0.201389 0.014844 0.063889
1 0.794922 0.204861 0.013281 0.073611
1 0.126172 0.279167 0.011719 0.061111
2 0.133594 0.236806 0.037500 0.023611
2 0.300391 0.315972 0.028906 0.070833
3 0.562109 0.471528 0.005469 0.029167
3 0.555469 0.471528 0.007812 0.031944
7 0.516797 0.470139 0.032031 0.048611
7 0.582031 0.469444 0.029687 0.036111
7 0.591797 0.485417 0.044531 0.051389
7 0.619922 0.502778 0.050781 0.086111
7 0.362500 0.454167 0.043750 0.077778
7 0.339844 0.463194 0.068750 0.090278
7 0.443359 0.539583 0.153906 0.223611
3 0.289844 0.447222 0.010937 0.052778
3 0.279297 0.449306 0.010156 0.048611
3 0.244141 0.444444 0.010156 0.058333
3 0.235156 0.446528 0.007812 0.062500
3 0.222656 0.450694 0.017188 0.065278
3 0.198828 0.452778 0.016406 0.075000
7 0.801953 0.565972 0.391406 0.520833
3 0.106250 0.447917 0.021875 0.081944
