1 0.179688 0.058333 0.007812 0.016667
1 0.171484 0.055556 0.003906 0.022222
1 0.064062 0.036111 0.007812 0.022222
1 0.057422 0.036111 0.005469 0.022222
1 0.205859 0.052778 0.008594 0.027778
1 0.274219 0.072917 0.007812 0.029167
1 0.232422 0.111806 0.008594 0.012500
1 0.067187 0.111806 0.004687 0.018056
7 0.051172 0.146528 0.013281 0.018056
7 0.067969 0.143750 0.012500 0.018056
7 0.023828 0.149306 0.032031 0.037500
7 0.171094 0.136111 0.010937 0.022222
7 0.233203 0.154861 0.036719 0.045833
7 0.193359 0.152083 0.047656 0.073611
5 0.119141 0.125000 0.108594 0.200000
3 0.264062 0.144444 0.010937 0.025000
3 0.333984 0.152083 0.007031 0.026389
3 0.439063 0.146528 0.010937 0.029167
2 0.426172 0.069444 0.010156 0.030556
2 0.429297 0.028472 0.011719 0.012500
2 0.527344 0.035417 0.014063 0.037500
2 0.530469 0.062500 0.010937 0.019444
2 0.190234 0.053472 0.014844 0.012500
4 0.678516 0.245833 0.041406 0.069444
4 0.758203 0.253472 0.041406 0.065278
