7 0.115234 0.680556 0.230469 0.594444
7 0.922656 0.651389 0.151562 0.236111
7 0.281641 0.588194 0.055469 0.065278
7 0.380078 0.583333 0.058594 0.086111
7 0.471484 0.576389 0.036719 0.055556
7 0.533594 0.584722 0.046875 0.063889
7 0.610156 0.593056 0.051562 0.055556
7 0.453125 0.566667 0.010937 0.013889
7 0.440625 0.570139 0.014063 0.020833
7 0.426563 0.570833 0.012500 0.019444
7 0.341797 0.578472 0.022656 0.034722
7 0.321875 0.581944 0.032813 0.041667
7 0.563672 0.580556 0.024219 0.038889
7 0.586328 0.586806 0.025781 0.045833
7 0.495312 0.561806 0.014063 0.023611
1 0.498828 0.519444 0.007031 0.019444
1 0.444141 0.511111 0.007031 0.019444
