1 0.457031 0.211806 0.004687 0.018056
1 0.519141 0.249306 0.005469 0.018056
1 0.404297 0.183333 0.008594 0.027778
1 0.360547 0.181250 0.005469 0.023611
1 0.427344 0.210417 0.006250 0.026389
1 0.320703 0.235417 0.007031 0.023611
1 0.328516 0.234722 0.007031 0.022222
1 0.541406 0.245833 0.009375 0.027778
2 0.917188 0.063889 0.098437 0.127778
2 0.511719 0.265278 0.012500 0.013889
2 0.557422 0.246528 0.010156 0.031944
7 0.484766 0.281250 0.024219 0.023611
7 0.416406 0.280556 0.007812 0.030556
7 0.404297 0.276389 0.021094 0.030556
7 0.372656 0.282639 0.015625 0.020833
7 0.358203 0.272222 0.017969 0.013889
7 0.387891 0.274306 0.008594 0.023611
7 0.398438 0.282639 0.028125 0.034722
7 0.439453 0.281944 0.027344 0.047222
5 0.498437 0.311111 0.051562 0.077778
7 0.530859 0.283333 0.013281 0.016667
