2 0.818359 0.150694 0.027344 0.051389
2 0.780859 0.147222 0.036719 0.047222
2 0.542969 0.113889 0.043750 0.072222
2 0.492188 0.102083 0.054688 0.062500
2 0.436719 0.099306 0.057813 0.065278
2 0.609766 0.184028 0.008594 0.009722
2 0.593359 0.185417 0.025781 0.018056
2 0.495703 0.193750 0.010156 0.004167
7 0.845703 0.232639 0.100781 0.031944
7 0.720703 0.228472 0.064844 0.037500
7 0.635547 0.230556 0.050781 0.022222
7 0.439063 0.241667 0.045312 0.066667
7 0.526953 0.277083 0.096094 0.151389
7 0.380859 0.269444 0.125781 0.138889
7 0.584375 0.199306 0.021875 0.023611
