2 0.295703 0.311111 0.049219 0.030556
2 0.287109 0.347222 0.013281 0.041667
2 0.319922 0.411111 0.021094 0.013889
2 0.339844 0.425000 0.009375 0.013889
2 0.289844 0.416667 0.023438 0.038889
2 0.697656 0.506250 0.014063 0.040278
2 0.747656 0.486806 0.006250 0.026389
2 0.879297 0.541667 0.014844 0.025000
2 0.960938 0.402778 0.051562 0.041667
2 0.975391 0.325000 0.032031 0.038889
2 0.949609 0.439583 0.021094 0.029167
2 0.953516 0.465972 0.028906 0.023611
1 0.986719 0.466667 0.023438 0.058333
1 0.949609 0.481250 0.013281 0.037500
1 0.760156 0.517361 0.018750 0.023611
7 0.565234 0.561806 0.010156 0.020833
7 0.577344 0.557639 0.007812 0.018056
7 0.557031 0.563194 0.009375 0.029167
7 0.546875 0.569444 0.010937 0.033333
5 0.518359 0.575000 0.044531 0.063889
7 0.591016 0.568750 0.021094 0.029167
7 0.615234 0.566667 0.011719 0.022222
7 0.635938 0.567361 0.026562 0.026389
7 0.329688 0.598611 0.207813 0.327778
7 0.145703 0.597222 0.291406 0.658333
2 0.466406 0.494444 0.014063 0.022222
3 0.733203 0.594444 0.014844 0.077778
3 0.878516 0.623611 0.025781 0.127778
4 0.789453 0.793750 0.097656 0.354167
8 0.789453 0.667361 0.097656 0.454167
7 0.984766 0.782639 0.028906 0.173611
3 0.478125 0.577778 0.009375 0.052778
1 0.569531 0.497222 0.007812 0.022222
1 0.612500 0.504861 0.007812 0.015278
1 0.689453 0.377083 0.007031 0.043056
1 0.541016 0.279861 0.010156 0.059722
1 0.533203 0.289583 0.010156 0.043056
1 0.681250 0.382639 0.009375 0.043056
