7 0.657813 0.418056 0.034375 0.058333
7 0.602734 0.401389 0.013281 0.030556
7 0.553906 0.407639 0.039062 0.043056
7 0.407813 0.400000 0.015625 0.033333
7 0.441406 0.414583 0.065625 0.076389
7 0.701172 0.442361 0.092969 0.126389
7 0.358984 0.434028 0.113281 0.140278
7 0.502344 0.408333 0.046875 0.058333
7 0.583203 0.420833 0.039844 0.047222
7 0.621484 0.408333 0.027344 0.033333
7 0.116797 0.395833 0.078906 0.033333
7 0.216406 0.397222 0.045312 0.036111
7 0.307422 0.390278 0.035156 0.030556
7 0.268359 0.393750 0.042969 0.029167
7 0.039453 0.388194 0.075781 0.048611
7 0.896484 0.563889 0.202344 0.491667
2 0.859766 0.365972 0.010156 0.023611
2 0.805469 0.357639 0.015625 0.020833
2 0.804297 0.377778 0.013281 0.011111
2 0.780859 0.344444 0.025781 0.030556
7 0.636719 0.370139 0.018750 0.026389
2 0.313281 0.338194 0.023438 0.043056
2 0.232422 0.334028 0.016406 0.056944
2 0.506641 0.354861 0.021094 0.043056
