2 0.809766 0.299306 0.024219 0.037500
2 0.747656 0.313889 0.031250 0.030556
7 0.711719 0.260417 0.007812 0.018056
7 0.701953 0.263889 0.014844 0.022222
7 0.685547 0.265972 0.022656 0.026389
7 0.671094 0.266667 0.014063 0.025000
7 0.656250 0.268056 0.021875 0.027778
7 0.645703 0.274306 0.014844 0.029167
7 0.593359 0.274306 0.025781 0.029167
7 0.576562 0.293750 0.042188 0.051389
7 0.618750 0.277778 0.043750 0.061111
7 0.477734 0.303472 0.069531 0.084722
7 0.232422 0.382639 0.158594 0.154167
7 0.383984 0.343750 0.153906 0.187500
3 0.242188 0.294444 0.017188 0.038889
