7 0.079687 0.681944 0.157812 0.330556
7 0.876953 0.582639 0.244531 0.506944
7 0.295312 0.528472 0.151562 0.193056
7 0.378906 0.506944 0.046875 0.097222
7 0.402344 0.500000 0.028125 0.072222
7 0.416016 0.494444 0.021094 0.066667
7 0.431250 0.493056 0.014063 0.047222
7 0.441016 0.484722 0.017969 0.041667
7 0.449219 0.479861 0.017188 0.031944
7 0.724609 0.528472 0.155469 0.209722
7 0.638281 0.502778 0.085938 0.136111
7 0.590625 0.475694 0.067187 0.104167
7 0.558203 0.475694 0.017969 0.084722
7 0.544922 0.484722 0.014844 0.047222
7 0.532813 0.479167 0.018750 0.036111
7 0.528125 0.472917 0.031250 0.045833
7 0.507422 0.461806 0.008594 0.029167
7 0.492188 0.460417 0.015625 0.029167
7 0.476172 0.459722 0.017969 0.022222
7 0.462500 0.464583 0.007812 0.034722
5 0.445312 0.461806 0.032813 0.062500
2 0.701172 0.294444 0.042969 0.075000
2 0.700781 0.347917 0.023438 0.043056
2 0.624219 0.354861 0.010937 0.018056
3 0.040625 0.511111 0.032813 0.055556
3 0.108594 0.536111 0.032813 0.111111
3 0.200781 0.534028 0.012500 0.104167
3 0.167969 0.535417 0.020313 0.098611
