1 0.561328 0.439583 0.007031 0.029167
1 0.513281 0.500000 0.009375 0.019444
1 0.500781 0.522222 0.009375 0.019444
1 0.568750 0.438194 0.010937 0.031944
1 0.635547 0.515278 0.010156 0.013889
1 0.383594 0.475000 0.006250 0.030556
2 0.385547 0.496528 0.016406 0.012500
2 0.628516 0.500694 0.016406 0.015278
2 0.667188 0.456944 0.021875 0.013889
1 0.678906 0.501389 0.010937 0.022222
2 0.444531 0.528472 0.010937 0.012500
7 0.494141 0.547222 0.014844 0.019444
7 0.501563 0.547917 0.014063 0.018056
7 0.514062 0.551389 0.014063 0.019444
7 0.525000 0.556944 0.014063 0.019444
7 0.535156 0.553472 0.012500 0.029167
7 0.685547 0.586111 0.080469 0.097222
7 0.770703 0.611806 0.117969 0.126389
7 0.892188 0.642361 0.204687 0.187500
7 0.461328 0.549306 0.017969 0.023611
7 0.441406 0.548611 0.010937 0.019444
7 0.476953 0.556944 0.024219 0.038889
7 0.574219 0.570139 0.084375 0.129167
3 0.350781 0.536806 0.009375 0.029167
7 0.008594 0.685417 0.017188 0.281944
1 0.058594 0.484028 0.006250 0.029167
1 0.026562 0.456944 0.010937 0.038889
1 0.050391 0.537500 0.011719 0.019444
1 0.062109 0.534722 0.013281 0.013889
7 0.038281 0.588194 0.034375 0.034722
7 0.309375 0.540278 0.032813 0.022222
7 0.326172 0.539583 0.017969 0.023611
6 0.982031 0.700694 0.034375 0.156944
