2 0.944141 0.279167 0.027344 0.052778
2 0.929688 0.338889 0.018750 0.047222
2 0.954297 0.338889 0.030469 0.055556
7 0.280078 0.568750 0.022656 0.065278
7 0.378516 0.546528 0.019531 0.037500
7 0.446484 0.552778 0.027344 0.055556
7 0.554688 0.561806 0.017188 0.040278
7 0.542578 0.547222 0.019531 0.069444
7 0.582812 0.561806 0.018750 0.062500
7 0.594141 0.568750 0.019531 0.059722
7 0.737109 0.565972 0.027344 0.051389
7 0.770703 0.600000 0.066406 0.133333
7 0.882422 0.631250 0.196094 0.209722
7 0.226172 0.565278 0.088281 0.097222
7 0.404297 0.572222 0.085156 0.100000
7 0.500000 0.565972 0.090625 0.159722
7 0.666016 0.561111 0.135156 0.205556
5 0.342969 0.529167 0.114062 0.166667
4 0.140234 0.578472 0.036719 0.059722
3 0.957812 0.554861 0.018750 0.081944
2 0.931641 0.533333 0.014844 0.061111
7 0.566797 0.559722 0.016406 0.027778
2 0.982031 0.398611 0.012500 0.080556
