2 0.151562 0.542361 0.012500 0.018056
2 0.475391 0.501389 0.010156 0.019444
2 0.475000 0.525000 0.012500 0.027778
2 0.494141 0.504167 0.011719 0.019444
2 0.537891 0.500694 0.011719 0.018056
2 0.566016 0.504167 0.008594 0.011111
2 0.565625 0.522917 0.007812 0.020833
2 0.647656 0.510417 0.006250 0.012500
2 0.648828 0.527083 0.008594 0.015278
2 0.673047 0.466667 0.017969 0.030556
2 0.710156 0.426389 0.014063 0.058333
1 0.428516 0.528472 0.005469 0.012500
7 0.027344 0.627778 0.054688 0.066667
3 0.619922 0.567361 0.011719 0.051389
5 0.410547 0.585417 0.016406 0.040278
0 0.428125 0.579167 0.023438 0.044444
5 0.926562 0.516667 0.095312 0.150000
7 0.398047 0.599306 0.007031 0.015278
7 0.389844 0.598611 0.007812 0.013889
7 0.379297 0.597222 0.013281 0.016667
7 0.550391 0.595139 0.085156 0.115278
7 0.866016 0.549306 0.025781 0.023611
