2 0.367578 0.549306 0.016406 0.040278
7 0.492578 0.706944 0.253906 0.366667
5 0.803516 0.465972 0.389844 0.931944
1 0.381641 0.432639 0.005469 0.026389
1 0.497266 0.458333 0.003906 0.025000
1 0.608594 0.474306 0.004687 0.026389
1 0.276562 0.317361 0.039062 0.079167
1 0.207813 0.302778 0.032813 0.077778
2 0.387500 0.470139 0.046875 0.073611
1 0.558984 0.535417 0.008594 0.015278
0 0.332031 0.563889 0.037500 0.025000
5 0.339844 0.557639 0.037500 0.031944
7 0.060547 0.581944 0.060156 0.044444
7 0.123828 0.577778 0.036719 0.044444
7 0.100391 0.569444 0.017969 0.022222
7 0.173437 0.577083 0.035937 0.031944
7 0.192188 0.594444 0.001563 0.011111
7 0.210156 0.588889 0.073438 0.072222
7 0.296484 0.574306 0.014844 0.023611
1 0.003516 0.377083 0.007031 0.051389
