2 0.741406 0.247917 0.031250 0.079167
2 0.725391 0.301389 0.021094 0.027778
2 0.762891 0.311806 0.041406 0.043056
2 0.553906 0.521528 0.020313 0.029167
2 0.337109 0.554167 0.027344 0.022222
7 0.351172 0.585417 0.011719 0.029167
7 0.337500 0.589583 0.017188 0.026389
7 0.321875 0.593056 0.021875 0.030556
7 0.310156 0.593750 0.020313 0.031944
7 0.294922 0.597917 0.014844 0.034722
7 0.144531 0.592361 0.079687 0.093056
7 0.073438 0.640972 0.098437 0.131944
7 0.224219 0.630556 0.134375 0.147222
7 0.369531 0.593750 0.031250 0.031944
7 0.396484 0.580556 0.014844 0.019444
7 0.417187 0.586111 0.021875 0.030556
7 0.430469 0.588889 0.017188 0.022222
7 0.447656 0.604167 0.023438 0.047222
7 0.464453 0.604861 0.022656 0.073611
7 0.485938 0.625694 0.048438 0.112500
7 0.534766 0.649306 0.110156 0.168056
5 0.014063 0.531250 0.026562 0.659722
3 0.803906 0.685417 0.070312 0.281944
