7 0.239844 0.500000 0.098437 0.119444
7 0.412500 0.467361 0.015625 0.034722
7 0.425781 0.456250 0.023438 0.026389
7 0.460156 0.456250 0.029687 0.031944
7 0.523438 0.442361 0.025000 0.015278
7 0.475781 0.454861 0.015625 0.029167
7 0.523438 0.482639 0.043750 0.065278
7 0.438281 0.468056 0.032813 0.041667
7 0.692578 0.458333 0.036719 0.044444
7 0.861328 0.444444 0.128906 0.077778
7 0.753516 0.490278 0.122656 0.150000
7 0.621875 0.572222 0.210938 0.291667
7 0.114844 0.549306 0.164062 0.143056
7 0.019531 0.559722 0.034375 0.200000
7 0.908984 0.550694 0.177344 0.243056
7 0.337500 0.518750 0.146875 0.179167
