3 0.234766 0.388194 0.011719 0.037500
7 0.171875 0.431944 0.114062 0.133333
1 0.201563 0.345833 0.018750 0.013889
2 0.191797 0.317361 0.017969 0.012500
2 0.228906 0.325000 0.009375 0.011111
2 0.235156 0.341667 0.012500 0.011111
1 0.228125 0.361806 0.010937 0.012500
1 0.410938 0.302083 0.004687 0.026389
1 0.404687 0.302083 0.003125 0.023611
7 0.487109 0.394444 0.016406 0.033333
7 0.543359 0.454861 0.105469 0.170833
3 0.600781 0.408333 0.004687 0.030556
3 0.605078 0.406944 0.007031 0.033333
3 0.614062 0.419444 0.007812 0.033333
2 0.454297 0.341667 0.011719 0.011111
7 0.842969 0.553472 0.310937 0.559722
7 0.075000 0.454861 0.150000 0.229167
7 0.361328 0.494444 0.357031 0.577778
1 0.241016 0.308333 0.007031 0.027778
1 0.526953 0.293750 0.007031 0.026389
2 0.548828 0.326389 0.011719 0.008333
2 0.550781 0.285417 0.012500 0.018056
