7 0.550781 0.564583 0.057813 0.062500
7 0.712109 0.538889 0.032031 0.041667
7 0.763281 0.530556 0.014063 0.027778
7 0.685156 0.540278 0.021875 0.027778
5 0.831250 0.516667 0.037500 0.061111
7 0.808203 0.526389 0.010156 0.022222
7 0.853125 0.618750 0.032813 0.015278
7 0.888281 0.616667 0.034375 0.025000
5 0.875000 0.583333 0.028125 0.050000
5 0.900000 0.575000 0.028125 0.052778
5 0.922266 0.574306 0.017969 0.048611
2 0.774609 0.438889 0.039844 0.041667
2 0.841016 0.427778 0.038281 0.038889
2 0.680469 0.517361 0.012500 0.018056
