7 0.356641 0.364583 0.030469 0.048611
7 0.373828 0.375694 0.017969 0.054167
7 0.383984 0.374306 0.021094 0.070833
7 0.408203 0.375000 0.049219 0.088889
7 0.465234 0.367361 0.080469 0.112500
7 0.473047 0.390972 0.067969 0.134722
7 0.551953 0.398611 0.150781 0.200000
7 0.307812 0.372917 0.009375 0.018056
7 0.300781 0.375000 0.006250 0.022222
7 0.283984 0.364583 0.014844 0.023611
7 0.291797 0.375694 0.021094 0.029167
7 0.243750 0.381944 0.014063 0.033333
7 0.232422 0.389583 0.022656 0.048611
7 0.212500 0.395833 0.034375 0.055556
7 0.181641 0.408333 0.049219 0.063889
7 0.262109 0.385417 0.042969 0.065278
7 0.328516 0.375694 0.035156 0.054167
7 0.123438 0.406944 0.021875 0.041667
7 0.065625 0.490278 0.131250 0.369444
7 0.767969 0.442361 0.403125 0.351389
2 0.405859 0.298611 0.011719 0.016667
1 0.286719 0.325000 0.009375 0.019444
1 0.330469 0.320833 0.010937 0.019444
2 0.200391 0.326389 0.021094 0.016667
2 0.513281 0.177083 0.020313 0.048611
