2 0.414844 0.348611 0.046875 0.044444
2 0.369922 0.336111 0.014844 0.013889
2 0.377344 0.350694 0.029687 0.026389
7 0.421484 0.414583 0.011719 0.018056
7 0.411719 0.418056 0.017188 0.016667
7 0.400391 0.420139 0.014844 0.020833
7 0.389844 0.424306 0.014063 0.018056
5 0.368750 0.404861 0.025000 0.026389
7 0.371875 0.427778 0.021875 0.019444
7 0.353125 0.427083 0.020313 0.020833
7 0.337891 0.424306 0.021094 0.023611
7 0.318359 0.431250 0.022656 0.015278
5 0.250000 0.397917 0.075000 0.076389
7 0.483203 0.462500 0.078906 0.116667
7 0.432031 0.413194 0.014063 0.020833
