7 0.590234 0.400694 0.007031 0.020833
7 0.571484 0.398611 0.007031 0.016667
7 0.561328 0.402083 0.017969 0.023611
7 0.528906 0.403472 0.009375 0.020833
7 0.496094 0.410417 0.012500 0.006944
7 0.485547 0.411111 0.010156 0.016667
7 0.474219 0.413194 0.009375 0.020833
7 0.464453 0.415278 0.013281 0.016667
7 0.403906 0.419444 0.014063 0.025000
7 0.432422 0.414583 0.011719 0.018056
7 0.380469 0.427083 0.018750 0.023611
7 0.363281 0.427083 0.018750 0.031944
7 0.616016 0.392361 0.021094 0.020833
7 0.688672 0.409028 0.049219 0.087500
7 0.724219 0.415278 0.081250 0.086111
7 0.810547 0.431944 0.099219 0.125000
7 0.301563 0.434722 0.031250 0.038889
7 0.246875 0.420833 0.021875 0.022222
7 0.225391 0.442361 0.035156 0.056944
7 0.185547 0.451389 0.063281 0.063889
7 0.150391 0.463194 0.025781 0.054167
7 0.578906 0.400000 0.010937 0.019444
7 0.546875 0.429167 0.046875 0.063889
7 0.510547 0.414583 0.027344 0.043056
7 0.447266 0.420139 0.021094 0.020833
7 0.415625 0.425000 0.023438 0.030556
7 0.266016 0.446528 0.064844 0.065278
7 0.608594 0.419444 0.042188 0.058333
3 0.348438 0.436111 0.017188 0.083333
7 0.918750 0.431944 0.159375 0.233333
7 0.985547 0.490278 0.025781 0.200000
7 0.076953 0.496528 0.153906 0.154167
3 0.639844 0.402778 0.010937 0.041667
2 0.644141 0.358333 0.016406 0.011111
