7 0.320703 0.425694 0.008594 0.018056
7 0.327344 0.429167 0.006250 0.022222
7 0.335547 0.426389 0.016406 0.027778
7 0.341406 0.431250 0.025000 0.023611
7 0.358594 0.434722 0.021875 0.030556
7 0.370703 0.438194 0.035156 0.037500
7 0.269531 0.417361 0.007812 0.029167
7 0.267969 0.419444 0.009375 0.025000
7 0.264453 0.417361 0.011719 0.029167
7 0.257422 0.424306 0.022656 0.043056
7 0.415234 0.438889 0.071094 0.052778
7 0.395313 0.439583 0.032813 0.040278
7 0.439453 0.446528 0.050781 0.054167
7 0.469922 0.450000 0.069531 0.058333
7 0.557031 0.436806 0.059375 0.037500
7 0.701562 0.499306 0.154688 0.168056
7 0.735547 0.535417 0.060156 0.120833
7 0.528125 0.462500 0.150000 0.086111
7 0.240625 0.436111 0.046875 0.072222
7 0.874609 0.530556 0.249219 0.419444
