3 0.637500 0.624306 0.029687 0.151389
3 0.707812 0.595139 0.045312 0.159722
2 0.667188 0.402083 0.039062 0.059722
2 0.676172 0.447917 0.025781 0.031944
2 0.671875 0.331944 0.023438 0.055556
1 0.351953 0.479167 0.008594 0.025000
1 0.231250 0.472222 0.007812 0.030556
1 0.222656 0.473611 0.009375 0.022222
1 0.344922 0.480556 0.007031 0.027778
1 0.421875 0.541667 0.009375 0.016667
1 0.195703 0.547917 0.011719 0.018056
2 0.010937 0.513889 0.018750 0.044444
7 0.041016 0.599306 0.069531 0.043056
7 0.222266 0.584722 0.032031 0.041667
7 0.240234 0.586111 0.013281 0.036111
7 0.256641 0.586806 0.024219 0.026389
7 0.275000 0.583333 0.020313 0.025000
7 0.289453 0.583333 0.014844 0.025000
7 0.302734 0.581944 0.013281 0.022222
3 0.342187 0.579167 0.012500 0.036111
7 0.344141 0.579167 0.022656 0.038889
7 0.483203 0.600694 0.050781 0.081944
7 0.474219 0.586111 0.064062 0.088889
7 0.437500 0.588194 0.025000 0.062500
7 0.375000 0.574306 0.014063 0.029167
7 0.407031 0.584028 0.023438 0.031944
7 0.392969 0.582639 0.020313 0.045833
7 0.535547 0.613889 0.089844 0.108333
5 0.317578 0.572222 0.016406 0.025000
2 0.414453 0.506944 0.014844 0.013889
2 0.203516 0.500694 0.013281 0.012500
2 0.200000 0.513194 0.014063 0.009722
3 0.617188 0.590278 0.014063 0.108333
3 0.176953 0.583333 0.010156 0.047222
