1 0.461328 0.476389 0.007031 0.022222
1 0.547266 0.493056 0.011719 0.019444
2 0.838672 0.380556 0.035156 0.025000
2 0.693750 0.490972 0.026562 0.056944
3 0.702734 0.633333 0.058594 0.197222
7 0.859766 0.724306 0.275781 0.323611
7 0.752344 0.650694 0.096875 0.151389
7 0.680859 0.615278 0.067969 0.147222
7 0.651953 0.613194 0.047656 0.101389
7 0.632812 0.604861 0.042188 0.084722
7 0.598047 0.586806 0.035156 0.054167
7 0.378906 0.570833 0.107813 0.141667
7 0.473438 0.560417 0.025000 0.037500
7 0.201172 0.570833 0.102344 0.102778
7 0.583203 0.578472 0.021094 0.043056
7 0.570312 0.575694 0.020313 0.037500
7 0.560547 0.572222 0.021094 0.030556
7 0.489063 0.554861 0.015625 0.029167
7 0.540234 0.564583 0.016406 0.029167
0 0.524219 0.556250 0.009375 0.031944
0 0.508984 0.554861 0.024219 0.040278
7 0.458984 0.556944 0.019531 0.030556
7 0.434766 0.561111 0.024219 0.041667
7 0.321875 0.555556 0.053125 0.072222
7 0.269531 0.561111 0.065625 0.091667
