1 0.482812 0.316667 0.009375 0.033333
1 0.472266 0.321528 0.008594 0.031944
2 0.499609 0.311806 0.019531 0.018056
2 0.549219 0.325694 0.050000 0.015278
2 0.203906 0.415972 0.018750 0.012500
1 0.205078 0.302083 0.010156 0.043056
1 0.193750 0.305556 0.009375 0.041667
7 0.498828 0.468056 0.010156 0.019444
7 0.488672 0.466667 0.010156 0.022222
7 0.477344 0.470833 0.012500 0.025000
7 0.469141 0.472917 0.010156 0.034722
7 0.455859 0.478472 0.024219 0.040278
7 0.414453 0.478472 0.010156 0.020833
7 0.433594 0.488194 0.037500 0.051389
7 0.396094 0.484028 0.032813 0.043056
7 0.508984 0.475000 0.021094 0.030556
7 0.584375 0.583333 0.151562 0.216667
0 0.296094 0.479167 0.109375 0.125000
3 0.149219 0.520139 0.012500 0.062500
3 0.127344 0.518056 0.014063 0.063889
2 0.089844 0.293056 0.050000 0.027778
3 0.864062 0.409722 0.017188 0.088889
