1 0.587891 0.506250 0.010156 0.031944
1 0.364063 0.518056 0.007812 0.027778
2 0.299609 0.450694 0.011719 0.018056
2 0.582812 0.465972 0.034375 0.012500
2 0.639453 0.518750 0.014844 0.006944
1 0.640625 0.536111 0.009375 0.013889
1 0.646875 0.501389 0.015625 0.019444
1 0.634375 0.425000 0.014063 0.055556
7 0.230078 0.588889 0.033594 0.044444
3 0.225000 0.604167 0.020313 0.083333
4 0.026562 0.705556 0.050000 0.133333
8 0.021094 0.648611 0.040625 0.205556
3 0.306250 0.591667 0.012500 0.041667
7 0.528906 0.594444 0.015625 0.033333
7 0.540234 0.596528 0.016406 0.029167
0 0.476953 0.562500 0.100781 0.219444
7 0.403125 0.678472 0.214062 0.356944
7 0.594531 0.598611 0.039062 0.069444
7 0.647266 0.606944 0.088281 0.094444
7 0.839453 0.579167 0.285156 0.372222
2 0.978906 0.335417 0.035937 0.123611
