7 0.595703 0.536806 0.135156 0.187500
7 0.688281 0.468056 0.009375 0.013889
7 0.658984 0.451389 0.008594 0.011111
7 0.654297 0.464583 0.008594 0.015278
7 0.671484 0.465278 0.027344 0.038889
7 0.625000 0.381944 0.010937 0.013889
7 0.614844 0.384722 0.007812 0.016667
7 0.605859 0.393750 0.013281 0.018056
7 0.595313 0.400000 0.014063 0.019444
7 0.589063 0.410417 0.014063 0.020833
7 0.542188 0.455556 0.028125 0.038889
7 0.528906 0.454861 0.009375 0.015278
7 0.756250 0.490972 0.109375 0.156944
0 0.626172 0.434722 0.038281 0.061111
0 0.563672 0.431250 0.028906 0.045833
5 0.184375 0.372222 0.368750 0.405556
1 0.381641 0.241667 0.013281 0.055556
1 0.088281 0.088889 0.020313 0.066667
1 0.173437 0.161806 0.014063 0.054167
1 0.718750 0.313889 0.009375 0.036111
5 0.494922 0.432639 0.053906 0.087500
2 0.339844 0.244444 0.046875 0.019444
2 0.491406 0.300000 0.048438 0.044444
2 0.827344 0.313194 0.015625 0.031944
2 0.835938 0.352083 0.010937 0.006944
