2 0.522656 0.152083 0.064062 0.029167
2 0.608203 0.244444 0.017969 0.013889
2 0.597656 0.275000 0.026562 0.030556
2 0.589844 0.235417 0.006250 0.018056
3 0.715625 0.418750 0.017188 0.090278
7 0.314063 0.422222 0.010937 0.022222
7 0.229297 0.425694 0.016406 0.009722
7 0.209375 0.432639 0.018750 0.018056
7 0.190625 0.429861 0.015625 0.020833
7 0.162109 0.437500 0.019531 0.022222
7 0.149609 0.441667 0.016406 0.022222
7 0.123047 0.445833 0.024219 0.025000
7 0.094922 0.447917 0.024219 0.026389
7 0.071094 0.450000 0.031250 0.033333
7 0.049609 0.454167 0.022656 0.041667
7 0.014453 0.455556 0.027344 0.038889
7 0.451953 0.425694 0.025781 0.059722
7 0.426563 0.433333 0.056250 0.088889
7 0.572266 0.402778 0.025781 0.027778
7 0.590625 0.407639 0.010937 0.023611
7 0.626953 0.394444 0.028906 0.019444
7 0.677734 0.398611 0.027344 0.016667
7 0.710547 0.385417 0.022656 0.029167
7 0.739062 0.385417 0.031250 0.040278
7 0.794531 0.390278 0.079687 0.083333
7 0.472266 0.411111 0.013281 0.022222
7 0.570312 0.419444 0.026562 0.022222
7 0.303906 0.427083 0.014063 0.023611
7 0.286328 0.427778 0.016406 0.022222
7 0.273047 0.431250 0.011719 0.018056
7 0.258203 0.429167 0.017969 0.030556
7 0.223047 0.448611 0.036719 0.038889
7 0.504297 0.438889 0.066406 0.075000
7 0.361328 0.454861 0.096094 0.165278
7 0.869141 0.486806 0.260156 0.226389
1 0.473828 0.124306 0.021094 0.065278
1 0.458984 0.131250 0.017969 0.073611
1 0.442969 0.131944 0.015625 0.072222
1 0.615234 0.312500 0.013281 0.025000
