2 0.494531 0.327083 0.010937 0.023611
1 0.443750 0.315972 0.007812 0.012500
7 0.412500 0.365972 0.012500 0.018056
7 0.425781 0.365278 0.009375 0.016667
7 0.459766 0.363889 0.011719 0.027778
7 0.467187 0.370139 0.015625 0.040278
7 0.477344 0.369444 0.015625 0.047222
7 0.484766 0.370139 0.014844 0.040278
7 0.498047 0.377083 0.035156 0.079167
7 0.515234 0.383333 0.041406 0.094444
7 0.545703 0.393056 0.066406 0.125000
7 0.610938 0.420833 0.137500 0.183333
7 0.777734 0.485417 0.350781 0.309722
7 0.369531 0.377083 0.012500 0.040278
7 0.359766 0.376389 0.017969 0.038889
7 0.344922 0.373611 0.030469 0.055556
7 0.321094 0.381944 0.040625 0.069444
7 0.285547 0.385417 0.063281 0.084722
7 0.242969 0.402083 0.076563 0.101389
7 0.160156 0.415278 0.139063 0.125000
7 0.384766 0.368056 0.033594 0.058333
7 0.050000 0.421528 0.098437 0.254167
7 0.923047 0.620139 0.149219 0.418056
7 0.441016 0.365278 0.024219 0.044444
