2 0.615234 0.347222 0.010156 0.025000
2 0.395313 0.324306 0.017188 0.012500
1 0.439844 0.316667 0.006250 0.025000
7 0.443750 0.389583 0.017188 0.040278
7 0.426172 0.393750 0.014844 0.034722
7 0.412500 0.403472 0.014063 0.043056
7 0.387109 0.402778 0.035156 0.055556
0 0.341797 0.369444 0.064844 0.086111
7 0.351953 0.411806 0.030469 0.090278
7 0.213672 0.391667 0.044531 0.055556
7 0.171875 0.432639 0.068750 0.095833
7 0.084375 0.449306 0.137500 0.126389
7 0.012500 0.465278 0.023438 0.116667
7 0.278906 0.449306 0.162500 0.198611
7 0.508594 0.446528 0.135937 0.215278
5 0.565234 0.365278 0.036719 0.072222
5 0.599609 0.439583 0.069531 0.109722
5 0.708203 0.440278 0.069531 0.094444
5 0.801953 0.444444 0.166406 0.166667
5 0.928125 0.495833 0.135937 0.233333
3 0.936328 0.506944 0.042969 0.186111
3 0.734766 0.377083 0.011719 0.034722
4 0.678125 0.420833 0.028125 0.047222
