3 0.980078 0.454167 0.036719 0.275000
3 0.967187 0.463194 0.040625 0.284722
3 0.873828 0.382639 0.024219 0.104167
3 0.791016 0.364583 0.022656 0.023611
3 0.679688 0.416667 0.018750 0.063889
3 0.663672 0.422917 0.017969 0.087500
3 0.564844 0.429861 0.012500 0.059722
3 0.573828 0.425694 0.010156 0.051389
3 0.583203 0.427083 0.007031 0.056944
3 0.589844 0.427083 0.007812 0.056944
3 0.597656 0.428472 0.012500 0.054167
3 0.626563 0.421528 0.012500 0.070833
3 0.633984 0.422917 0.008594 0.073611
3 0.639844 0.429861 0.015625 0.079167
3 0.520312 0.432639 0.010937 0.037500
3 0.533203 0.422222 0.011719 0.044444
3 0.543359 0.426389 0.008594 0.061111
3 0.551953 0.427778 0.010156 0.058333
7 0.788281 0.484722 0.264062 0.222222
1 0.498047 0.378472 0.003906 0.018056
1 0.437891 0.377778 0.007031 0.019444
2 0.501953 0.328472 0.061719 0.056944
0 0.462891 0.426389 0.013281 0.036111
0 0.486719 0.425694 0.035937 0.051389
7 0.451562 0.429167 0.015625 0.030556
7 0.424609 0.442361 0.010156 0.026389
7 0.436719 0.440278 0.018750 0.030556
7 0.408203 0.440278 0.022656 0.022222
7 0.376563 0.456944 0.060937 0.086111
