7 0.419141 0.420139 0.014844 0.037500
7 0.400781 0.421528 0.020313 0.040278
7 0.380078 0.420139 0.027344 0.045833
7 0.361328 0.428472 0.028906 0.037500
7 0.343750 0.433333 0.031250 0.047222
7 0.316406 0.433333 0.025000 0.055556
7 0.275000 0.430556 0.071875 0.080556
7 0.204297 0.451389 0.096094 0.091667
7 0.092188 0.464583 0.131250 0.115278
7 0.017578 0.470833 0.035156 0.166667
5 0.601562 0.393056 0.071875 0.130556
7 0.752734 0.443750 0.047656 0.084722
7 0.791797 0.461806 0.089844 0.129167
7 0.979297 0.514583 0.041406 0.234722
7 0.904297 0.459722 0.188281 0.219444
7 0.675781 0.422222 0.115625 0.161111
7 0.492188 0.452778 0.146875 0.238889
5 0.559375 0.391667 0.031250 0.075000
