7 0.066797 0.679167 0.133594 0.186111
0 0.061719 0.510417 0.123438 0.154167
7 0.930859 0.590278 0.135156 0.086111
7 0.417969 0.547917 0.012500 0.020833
7 0.339844 0.581250 0.037500 0.059722
7 0.320703 0.595139 0.036719 0.062500
7 0.283203 0.602083 0.057031 0.081944
7 0.215234 0.620833 0.099219 0.119444
2 0.158984 0.522222 0.008594 0.038889
2 0.819141 0.175694 0.060156 0.079167
2 0.569531 0.429167 0.020313 0.033333
2 0.455078 0.519444 0.011719 0.025000
2 0.483984 0.516667 0.014844 0.011111
2 0.510547 0.518750 0.016406 0.012500
2 0.533594 0.504167 0.021875 0.016667
3 0.485156 0.570139 0.007812 0.040278
3 0.491797 0.568750 0.008594 0.048611
7 0.455859 0.570139 0.028906 0.045833
7 0.591016 0.597222 0.114844 0.072222
7 0.660937 0.594444 0.034375 0.041667
7 0.722656 0.575000 0.109375 0.091667
7 0.766406 0.596528 0.046875 0.073611
7 0.854297 0.599306 0.039844 0.079167
