2 0.297266 0.270833 0.027344 0.016667
2 0.298047 0.347222 0.017969 0.013889
1 0.669531 0.326389 0.006250 0.016667
7 0.333203 0.443056 0.027344 0.097222
7 0.244922 0.457639 0.175781 0.204167
7 0.069141 0.532639 0.138281 0.309722
5 0.509375 0.500000 0.335938 0.475000
7 0.702344 0.388194 0.021875 0.037500
7 0.682422 0.391667 0.035156 0.036111
3 0.136328 0.442361 0.033594 0.106944
3 0.139453 0.459722 0.028906 0.125000
3 0.681641 0.411806 0.019531 0.095833
3 0.676562 0.418750 0.021875 0.084722
3 0.746094 0.409028 0.023438 0.106944
3 0.725000 0.388889 0.017188 0.052778
3 0.792969 0.384722 0.020313 0.075000
3 0.872656 0.418056 0.035937 0.125000
3 0.969141 0.379167 0.035156 0.097222
