1 0.875391 0.225694 0.013281 0.054167
1 0.585938 0.054861 0.017188 0.081944
1 0.248828 0.068750 0.013281 0.073611
1 0.609766 0.056250 0.022656 0.084722
1 0.862109 0.231250 0.010156 0.051389
1 0.012891 0.268056 0.025781 0.030556
2 0.029687 0.227083 0.040625 0.031944
2 0.258203 0.304861 0.016406 0.037500
2 0.250391 0.275000 0.021094 0.016667
2 0.266797 0.220139 0.027344 0.037500
2 0.926172 0.234722 0.038281 0.044444
2 0.794531 0.381944 0.015625 0.033333
2 0.042188 0.268750 0.023438 0.037500
3 0.411719 0.425694 0.017188 0.037500
3 0.401172 0.435417 0.019531 0.056944
3 0.384766 0.438194 0.016406 0.051389
3 0.369922 0.434722 0.013281 0.038889
3 0.355078 0.448611 0.022656 0.072222
3 0.337500 0.441667 0.015625 0.077778
3 0.329297 0.433333 0.016406 0.061111
3 0.318359 0.436806 0.011719 0.054167
3 0.306641 0.434028 0.013281 0.037500
3 0.856641 0.489583 0.013281 0.031944
3 0.082031 0.475694 0.070312 0.248611
8 0.263281 0.484722 0.057813 0.313889
8 0.151953 0.480556 0.077344 0.266667
4 0.136328 0.538194 0.111719 0.187500
6 0.892188 0.518750 0.039062 0.081944
6 0.920312 0.523611 0.050000 0.086111
7 0.698047 0.479167 0.030469 0.025000
7 0.707812 0.489583 0.050000 0.043056
7 0.730078 0.490972 0.063281 0.054167
7 0.758984 0.504167 0.082031 0.047222
7 0.819141 0.519444 0.119531 0.075000
5 0.466016 0.400000 0.053906 0.044444
5 0.627344 0.452778 0.110937 0.166667
7 0.122656 0.422222 0.245312 0.269444
7 0.962109 0.552778 0.074219 0.122222
7 0.490234 0.493750 0.311719 0.201389
