1 0.184375 0.134028 0.014063 0.043056
1 0.657813 0.077083 0.014063 0.059722
1 0.156641 0.270833 0.024219 0.027778
1 0.774609 0.306250 0.024219 0.034722
2 0.161328 0.171528 0.024219 0.020833
2 0.172656 0.202083 0.032813 0.020833
2 0.720313 0.141667 0.026562 0.044444
3 0.442969 0.340278 0.007812 0.030556
3 0.774219 0.391667 0.026562 0.097222
7 0.452734 0.326389 0.007031 0.016667
7 0.445703 0.326389 0.007031 0.016667
7 0.440625 0.323611 0.010937 0.019444
7 0.434375 0.331944 0.014063 0.027778
7 0.430469 0.336806 0.018750 0.034722
7 0.412109 0.344444 0.036719 0.055556
7 0.400391 0.354861 0.036719 0.045833
7 0.391016 0.372222 0.035156 0.058333
7 0.365625 0.383333 0.059375 0.072222
7 0.462109 0.327778 0.014844 0.030556
7 0.476562 0.324306 0.009375 0.023611
7 0.485547 0.329167 0.010156 0.025000
7 0.492969 0.334722 0.012500 0.033333
7 0.507031 0.342361 0.026562 0.051389
7 0.515234 0.354167 0.030469 0.050000
7 0.534375 0.368750 0.048438 0.065278
7 0.910937 0.415278 0.176563 0.119444
7 0.039453 0.357639 0.078906 0.145833
