2 0.545703 0.281250 0.032031 0.020833
2 0.480859 0.275000 0.035156 0.025000
2 0.543359 0.311111 0.061719 0.047222
2 0.479297 0.304167 0.052344 0.047222
7 0.473828 0.436111 0.011719 0.025000
7 0.419922 0.429861 0.014844 0.015278
7 0.407422 0.431944 0.010156 0.016667
7 0.393359 0.427083 0.010156 0.015278
7 0.360156 0.429167 0.042188 0.055556
7 0.268750 0.434028 0.090625 0.095833
7 0.205078 0.425694 0.064844 0.076389
7 0.546484 0.458333 0.063281 0.077778
7 0.490625 0.436111 0.025000 0.038889
7 0.450391 0.435417 0.035156 0.054167
