7 0.058984 0.436111 0.117969 0.158333
7 0.967969 0.561111 0.062500 0.188889
7 0.901563 0.493056 0.195312 0.211111
7 0.190625 0.430556 0.110937 0.138889
7 0.373828 0.409028 0.021094 0.059722
7 0.390234 0.401389 0.024219 0.050000
7 0.456250 0.397917 0.018750 0.040278
7 0.469141 0.388889 0.013281 0.025000
7 0.479297 0.384722 0.007031 0.019444
7 0.490625 0.385417 0.009375 0.009722
7 0.507031 0.397222 0.010937 0.027778
7 0.539453 0.402083 0.010156 0.037500
7 0.282813 0.452778 0.189062 0.219444
7 0.704297 0.502083 0.194531 0.262500
7 0.553516 0.406944 0.024219 0.038889
7 0.526953 0.406250 0.022656 0.037500
7 0.493750 0.408333 0.025000 0.038889
7 0.423828 0.408333 0.049219 0.077778
1 0.371484 0.229861 0.008594 0.037500
1 0.552344 0.263889 0.004687 0.030556
1 0.447266 0.348611 0.005469 0.016667
1 0.558984 0.270139 0.007031 0.029167
1 0.544531 0.268750 0.010937 0.031944
1 0.380469 0.230556 0.007812 0.041667
1 0.361328 0.229861 0.010156 0.034722
1 0.244141 0.265278 0.008594 0.025000
1 0.874609 0.239583 0.016406 0.045833
1 0.867578 0.356944 0.017969 0.025000
1 0.135937 0.313194 0.015625 0.023611
1 0.166406 0.318750 0.010937 0.023611
2 0.285156 0.213889 0.017188 0.030556
2 0.154297 0.247222 0.010156 0.013889
2 0.592969 0.276389 0.048438 0.013889
2 0.655859 0.260417 0.017969 0.034722
2 0.804688 0.297917 0.018750 0.056944
2 0.655859 0.313889 0.019531 0.025000
7 0.133984 0.384028 0.017969 0.034722
7 0.107422 0.381944 0.024219 0.033333
7 0.150391 0.390278 0.011719 0.041667
7 0.805859 0.427083 0.044531 0.062500
1 0.663672 0.363194 0.010156 0.015278
