2 0.441016 0.253472 0.013281 0.029167
1 0.542188 0.165278 0.006250 0.036111
1 0.574609 0.254861 0.003906 0.018056
1 0.690234 0.173611 0.005469 0.033333
1 0.515625 0.246528 0.003125 0.015278
1 0.458203 0.159028 0.007031 0.034722
1 0.448828 0.152778 0.005469 0.022222
1 0.436328 0.200000 0.007031 0.030556
7 0.646875 0.328472 0.101562 0.162500
7 0.993750 0.408333 0.009375 0.097222
7 0.946094 0.339583 0.103125 0.143056
5 0.815625 0.237500 0.250000 0.344444
7 0.585156 0.324306 0.042188 0.073611
7 0.553125 0.300000 0.031250 0.063889
7 0.508984 0.324306 0.064844 0.109722
7 0.405469 0.326389 0.075000 0.105556
7 0.173828 0.309028 0.047656 0.040278
5 0.244531 0.298611 0.043750 0.055556
7 0.274219 0.307639 0.015625 0.018056
