1 0.430078 0.284722 0.010156 0.038889
1 0.679688 0.238889 0.010937 0.041667
1 0.808984 0.356944 0.011719 0.019444
1 0.633984 0.377083 0.005469 0.015278
1 0.545703 0.376389 0.003906 0.019444
1 0.050391 0.244444 0.013281 0.047222
1 0.689453 0.239583 0.008594 0.037500
1 0.060547 0.249306 0.007031 0.045833
1 0.791406 0.357639 0.009375 0.026389
1 0.094922 0.404861 0.007031 0.020833
1 0.079687 0.404861 0.012500 0.020833
1 0.990234 0.247222 0.017969 0.052778
2 0.450000 0.379861 0.017188 0.009722
2 0.800000 0.318750 0.025000 0.015278
2 0.812891 0.288889 0.025781 0.013889
2 0.738281 0.247222 0.071875 0.033333
2 0.956641 0.209028 0.053906 0.031944
2 0.647266 0.376389 0.017969 0.008333
7 0.555078 0.422222 0.011719 0.008333
7 0.576953 0.431250 0.016406 0.023611
7 0.656250 0.436806 0.014063 0.034722
7 0.763672 0.427083 0.039844 0.031944
7 0.835938 0.420139 0.026562 0.043056
7 0.899219 0.414583 0.054688 0.048611
7 0.545312 0.433333 0.014063 0.025000
7 0.564844 0.439583 0.026562 0.037500
7 0.529297 0.432639 0.019531 0.029167
7 0.516797 0.436111 0.017969 0.025000
7 0.504297 0.434028 0.008594 0.015278
7 0.494141 0.438194 0.016406 0.026389
7 0.477734 0.438889 0.016406 0.025000
7 0.467578 0.446528 0.021094 0.031944
7 0.441016 0.447222 0.010156 0.027778
7 0.425391 0.448611 0.014844 0.025000
7 0.412891 0.449306 0.021094 0.029167
7 0.398438 0.452778 0.021875 0.027778
7 0.385156 0.443750 0.009375 0.020833
7 0.303516 0.461111 0.035156 0.050000
7 0.286719 0.468750 0.015625 0.040278
7 0.352734 0.474306 0.082031 0.101389
7 0.617969 0.477083 0.096875 0.137500
7 0.687500 0.438889 0.039062 0.055556
5 0.222656 0.468750 0.115625 0.101389
7 0.051562 0.500694 0.103125 0.098611
7 0.953516 0.502778 0.091406 0.258333
3 0.772656 0.427083 0.014063 0.065278
3 0.925781 0.446528 0.031250 0.090278
