7 0.135156 0.417361 0.020313 0.018056
7 0.147266 0.422917 0.011719 0.020833
7 0.158594 0.425000 0.014063 0.033333
7 0.178906 0.428472 0.025000 0.031944
7 0.203516 0.430556 0.027344 0.044444
7 0.214453 0.438889 0.030469 0.050000
7 0.251563 0.441667 0.046875 0.058333
7 0.281250 0.452778 0.060937 0.066667
7 0.379297 0.445139 0.142969 0.154167
7 0.491406 0.497917 0.164062 0.154167
7 0.694531 0.547917 0.335938 0.268056
7 0.898047 0.584028 0.199219 0.351389
2 0.639453 0.249306 0.030469 0.043056
7 0.099219 0.404861 0.023438 0.045833
7 0.056250 0.497917 0.110937 0.631944
7 0.115625 0.413194 0.017188 0.031944
