2 0.282422 0.171528 0.013281 0.026389
2 0.190234 0.374306 0.014844 0.026389
1 0.189844 0.431250 0.023438 0.076389
1 0.283984 0.231944 0.022656 0.086111
1 0.205859 0.445139 0.013281 0.051389
1 0.176172 0.450000 0.008594 0.047222
1 0.850391 0.381250 0.022656 0.065278
2 0.831250 0.468056 0.025000 0.038889
5 0.055859 0.545139 0.088281 0.115278
7 0.106250 0.554861 0.026562 0.031944
7 0.262109 0.546528 0.008594 0.018056
7 0.240234 0.547222 0.008594 0.016667
7 0.370703 0.557639 0.033594 0.059722
7 0.413672 0.556944 0.039844 0.072222
7 0.439063 0.556250 0.048438 0.070833
7 0.460547 0.570139 0.057031 0.076389
7 0.319141 0.614583 0.121094 0.179167
8 0.382031 0.559028 0.021875 0.062500
4 0.378906 0.568750 0.018750 0.056944
2 0.158594 0.302083 0.032813 0.054167
2 0.203516 0.499306 0.019531 0.051389
2 0.189453 0.531250 0.016406 0.031944
