2 0.322656 0.418056 0.006250 0.019444
2 0.323047 0.440278 0.016406 0.011111
2 0.326953 0.396528 0.011719 0.037500
2 0.323828 0.474306 0.008594 0.020833
2 0.341016 0.458333 0.014844 0.011111
2 0.485938 0.465972 0.009375 0.029167
1 0.439453 0.481250 0.003906 0.018056
1 0.468359 0.475000 0.005469 0.022222
1 0.912891 0.252778 0.036719 0.141667
7 0.444922 0.500000 0.017969 0.027778
7 0.890625 0.515278 0.068750 0.075000
7 0.791406 0.512500 0.035937 0.055556
7 0.727344 0.511806 0.045312 0.048611
7 0.687500 0.510417 0.031250 0.048611
7 0.350391 0.507639 0.017969 0.043056
7 0.333203 0.499306 0.016406 0.018056
7 0.324219 0.494444 0.014063 0.013889
7 0.314453 0.504861 0.017969 0.020833
7 0.296484 0.507639 0.021094 0.020833
7 0.278516 0.500000 0.019531 0.027778
7 0.243750 0.493750 0.037500 0.029167
7 0.231250 0.509722 0.018750 0.030556
7 0.202734 0.516667 0.041406 0.044444
7 0.165625 0.516667 0.023438 0.036111
7 0.073047 0.527778 0.069531 0.055556
2 0.093359 0.439583 0.017969 0.031944
