1 0.557422 0.423611 0.007031 0.025000
1 0.568359 0.422917 0.005469 0.023611
1 0.562500 0.422222 0.007812 0.025000
1 0.568359 0.497917 0.008594 0.020833
2 0.535156 0.455556 0.009375 0.033333
2 0.519531 0.498611 0.009375 0.013889
2 0.266797 0.487500 0.016406 0.016667
1 0.515234 0.459722 0.007031 0.025000
1 0.519922 0.461806 0.007031 0.020833
7 0.585938 0.534028 0.062500 0.051389
3 0.620703 0.538194 0.016406 0.051389
7 0.298047 0.557639 0.017969 0.070833
7 0.270313 0.556944 0.046875 0.088889
7 0.191406 0.557639 0.139063 0.129167
7 0.558594 0.563889 0.089063 0.100000
7 0.666797 0.586111 0.127344 0.163889
7 0.065234 0.595139 0.130469 0.173611
7 0.838281 0.640278 0.317188 0.408333
7 0.408984 0.631250 0.242969 0.426389
