7 0.591797 0.492361 0.017969 0.020833
7 0.612109 0.486806 0.021094 0.026389
7 0.631250 0.484028 0.017188 0.026389
7 0.646094 0.481250 0.009375 0.020833
7 0.692969 0.481250 0.020313 0.034722
7 0.705078 0.475694 0.028906 0.043056
7 0.732812 0.477778 0.043750 0.075000
7 0.766797 0.484028 0.060156 0.093056
7 0.571094 0.484028 0.018750 0.023611
7 0.558984 0.490278 0.016406 0.025000
7 0.541406 0.492361 0.017188 0.026389
7 0.510156 0.490972 0.060937 0.051389
7 0.281641 0.493056 0.077344 0.069444
7 0.387891 0.493056 0.061719 0.041667
7 0.077344 0.518750 0.151562 0.106944
7 0.436719 0.497222 0.054688 0.063889
7 0.815625 0.496528 0.104688 0.109722
3 0.230469 0.505556 0.017188 0.083333
3 0.264844 0.497222 0.017188 0.063889
3 0.290234 0.495833 0.024219 0.061111
2 0.350000 0.334722 0.025000 0.047222
2 0.349219 0.387500 0.021875 0.011111
2 0.350391 0.413194 0.016406 0.037500
2 0.918750 0.284028 0.010937 0.023611
2 0.912891 0.234028 0.027344 0.073611
7 0.030859 0.503472 0.055469 0.070833
7 0.667969 0.486806 0.034375 0.043056
