2 0.694922 0.316667 0.024219 0.038889
2 0.242188 0.180556 0.043750 0.066667
2 0.260156 0.245833 0.026562 0.030556
2 0.278125 0.261806 0.017188 0.015278
7 0.245312 0.285417 0.010937 0.015278
7 0.267578 0.297222 0.007031 0.016667
7 0.257812 0.295833 0.014063 0.019444
7 0.285156 0.296528 0.015625 0.012500
7 0.299609 0.297917 0.010156 0.009722
7 0.333984 0.312500 0.011719 0.013889
7 0.325781 0.316667 0.020313 0.027778
7 0.345313 0.311806 0.010937 0.020833
7 0.207422 0.296528 0.036719 0.043056
7 0.299609 0.329167 0.053906 0.055556
7 0.081641 0.358333 0.163281 0.200000
2 0.122656 0.147917 0.017188 0.015278
2 0.144922 0.186111 0.058594 0.052778
