2 0.627344 0.490278 0.021875 0.008333
2 0.627734 0.509722 0.022656 0.036111
2 0.941016 0.502778 0.041406 0.066667
7 0.148047 0.556250 0.080469 0.031944
7 0.570703 0.570139 0.016406 0.020833
7 0.666797 0.577778 0.017969 0.041667
7 0.748437 0.563194 0.010937 0.018056
7 0.710547 0.560417 0.071094 0.137500
7 0.900000 0.597222 0.132812 0.147222
7 0.464453 0.558333 0.022656 0.011111
7 0.509766 0.558333 0.011719 0.008333
5 0.442188 0.547917 0.021875 0.031944
5 0.491016 0.552778 0.019531 0.019444
7 0.377734 0.584028 0.146094 0.176389
7 0.542578 0.570139 0.030469 0.043056
7 0.620313 0.617361 0.106250 0.154167
7 0.789453 0.626389 0.136719 0.144444
5 0.670312 0.506944 0.064062 0.086111
