2 0.360156 0.042361 0.046875 0.081944
2 0.790625 0.188889 0.028125 0.044444
2 0.506250 0.322917 0.012500 0.012500
2 0.499609 0.336111 0.024219 0.030556
2 0.548047 0.336806 0.013281 0.031944
2 0.789062 0.238889 0.015625 0.033333
2 0.789062 0.280556 0.018750 0.050000
2 0.835938 0.301389 0.014063 0.013889
2 0.817578 0.314583 0.024219 0.012500
2 0.829688 0.331944 0.012500 0.016667
7 0.391797 0.352083 0.024219 0.023611
7 0.499609 0.368056 0.021094 0.030556
7 0.515625 0.369444 0.029687 0.041667
7 0.546094 0.386111 0.051562 0.061111
7 0.533594 0.350000 0.029687 0.044444
7 0.579688 0.379167 0.023438 0.033333
7 0.435156 0.359028 0.012500 0.018056
7 0.458594 0.374306 0.060937 0.084722
7 0.341406 0.354167 0.017188 0.022222
7 0.313672 0.350000 0.042969 0.050000
7 0.257422 0.331250 0.036719 0.034722
7 0.190625 0.327083 0.035937 0.026389
7 0.781641 0.413194 0.024219 0.048611
7 0.681641 0.404167 0.199219 0.308333
7 0.127344 0.317361 0.050000 0.037500
7 0.034766 0.311806 0.066406 0.034722
