1 0.313672 0.416667 0.005469 0.022222
1 0.309766 0.413194 0.007031 0.020833
1 0.249609 0.471528 0.008594 0.015278
1 0.201172 0.470833 0.008594 0.013889
1 0.189062 0.462500 0.007812 0.016667
3 0.261719 0.499306 0.010937 0.062500
3 0.314063 0.502083 0.010937 0.045833
7 0.231641 0.527778 0.041406 0.052778
7 0.200000 0.533333 0.045312 0.044444
7 0.150391 0.531944 0.058594 0.077778
7 0.071484 0.536806 0.111719 0.101389
7 0.019531 0.556250 0.039062 0.093056
7 0.327344 0.509722 0.026562 0.030556
7 0.361328 0.507639 0.046094 0.070833
7 0.394531 0.521528 0.042188 0.093056
7 0.651953 0.558333 0.528906 0.652778
2 0.289062 0.412500 0.032813 0.011111
