7 0.415234 0.504861 0.014844 0.037500
7 0.401172 0.507639 0.024219 0.051389
7 0.387891 0.508333 0.025781 0.047222
7 0.359766 0.506944 0.049219 0.052778
7 0.468750 0.504167 0.017188 0.027778
7 0.290625 0.511111 0.048438 0.066667
7 0.501172 0.500694 0.010156 0.020833
7 0.541797 0.502778 0.013281 0.016667
7 0.510156 0.502778 0.014063 0.027778
7 0.559766 0.504167 0.013281 0.022222
7 0.529687 0.504861 0.015625 0.023611
7 0.236328 0.509028 0.083594 0.079167
7 0.594531 0.512500 0.043750 0.063889
2 0.655859 0.404167 0.046094 0.080556
2 0.848047 0.075000 0.085156 0.072222
1 0.862891 0.162500 0.024219 0.100000
2 0.567187 0.468056 0.007812 0.016667
2 0.014063 0.309028 0.026562 0.048611
3 0.145703 0.490972 0.017969 0.068056
