7 0.062500 0.463889 0.123438 0.413889
7 0.744922 0.446528 0.238281 0.223611
7 0.182812 0.463889 0.157812 0.247222
7 0.279687 0.431944 0.085938 0.141667
7 0.317188 0.407639 0.073438 0.131944
7 0.366016 0.402778 0.036719 0.072222
7 0.381250 0.400000 0.023438 0.061111
7 0.392969 0.397917 0.032813 0.056944
7 0.412500 0.390972 0.014063 0.045833
7 0.420312 0.382639 0.018750 0.040278
7 0.429688 0.377778 0.015625 0.025000
7 0.629297 0.420139 0.097656 0.156944
7 0.566016 0.394444 0.078906 0.111111
7 0.523828 0.392361 0.038281 0.065278
7 0.514844 0.386806 0.039062 0.059722
7 0.494922 0.392361 0.016406 0.048611
7 0.494531 0.386806 0.023438 0.051389
7 0.480469 0.381944 0.012500 0.030556
7 0.474609 0.382639 0.010156 0.026389
7 0.465625 0.384028 0.009375 0.020833
2 0.506250 0.329861 0.018750 0.026389
