7 0.102344 0.654167 0.204687 0.308333
7 0.349609 0.571528 0.071094 0.090278
7 0.307031 0.562500 0.034375 0.050000
0 0.694922 0.545139 0.117969 0.118056
7 0.591016 0.543056 0.025781 0.027778
7 0.403906 0.542361 0.017188 0.018056
7 0.385156 0.541667 0.012500 0.019444
7 0.521094 0.538889 0.014063 0.025000
7 0.259375 0.550000 0.018750 0.027778
7 0.431641 0.536111 0.010156 0.013889
7 0.420312 0.537500 0.009375 0.016667
7 0.513672 0.534722 0.014844 0.019444
7 0.505469 0.534722 0.006250 0.019444
0 0.443750 0.528472 0.023438 0.029167
7 0.458203 0.528472 0.011719 0.015278
7 0.489453 0.529167 0.007031 0.013889
7 0.482422 0.529861 0.007031 0.012500
7 0.475000 0.528472 0.006250 0.009722
7 0.460156 0.527083 0.007812 0.015278
7 0.469531 0.527083 0.007812 0.015278
3 0.269141 0.549306 0.008594 0.031944
3 0.277734 0.549306 0.007031 0.034722
2 0.747266 0.426389 0.013281 0.025000
7 0.760156 0.546528 0.017188 0.031944
7 0.781250 0.543750 0.034375 0.031944
2 0.051953 0.427778 0.016406 0.019444
