0 0.453906 0.497917 0.054688 0.201389
0 0.677344 0.440972 0.409375 0.537500
0 0.896875 0.482639 0.200000 0.959722
5 0.130078 0.457639 0.238281 0.323611
3 0.074219 0.509722 0.032813 0.044444
3 0.008594 0.517361 0.010937 0.020833
7 0.349609 0.514583 0.010156 0.029167
7 0.340234 0.514583 0.010156 0.040278
7 0.328906 0.516667 0.017188 0.052778
7 0.312109 0.520139 0.021094 0.065278
7 0.274609 0.525694 0.066406 0.090278
7 0.369922 0.509722 0.050781 0.075000
7 0.399609 0.499306 0.008594 0.018056
7 0.410547 0.497222 0.014844 0.019444
7 0.399219 0.584722 0.128125 0.166667
2 0.331250 0.468750 0.007812 0.018056
