2 0.232813 0.312500 0.020313 0.036111
2 0.048047 0.292361 0.025781 0.037500
2 0.523828 0.545139 0.024219 0.040278
2 0.832422 0.429861 0.035156 0.056944
2 0.365234 0.476389 0.016406 0.025000
2 0.146484 0.522222 0.016406 0.027778
2 0.003516 0.406944 0.007031 0.047222
2 0.325781 0.496528 0.015625 0.015278
0 0.229297 0.520833 0.013281 0.022222
7 0.221094 0.525694 0.009375 0.012500
5 0.244922 0.513194 0.022656 0.051389
5 0.322656 0.531944 0.046875 0.058333
7 0.048438 0.529167 0.028125 0.038889
7 0.882812 0.590278 0.109375 0.063889
3 0.978125 0.606944 0.018750 0.083333
