7 0.951172 0.370833 0.094531 0.180556
7 0.795703 0.361111 0.188281 0.166667
7 0.525000 0.425694 0.148438 0.179167
7 0.351172 0.384028 0.063281 0.131944
7 0.453516 0.408333 0.053906 0.125000
7 0.429688 0.395139 0.017188 0.081944
7 0.392578 0.368750 0.016406 0.029167
7 0.413281 0.389583 0.040625 0.070833
7 0.280469 0.364583 0.009375 0.012500
7 0.296094 0.367361 0.012500 0.020833
7 0.316016 0.379167 0.010156 0.025000
7 0.300781 0.379861 0.010937 0.020833
7 0.223047 0.382639 0.025781 0.034722
7 0.197266 0.393750 0.035156 0.043056
7 0.276172 0.388889 0.017969 0.033333
7 0.289062 0.388889 0.017188 0.025000
7 0.245312 0.374306 0.043750 0.076389
7 0.029687 0.404167 0.059375 0.050000
3 0.164062 0.390278 0.006250 0.033333
1 0.183594 0.305556 0.004687 0.016667
1 0.249609 0.322917 0.005469 0.018056
1 0.327344 0.313889 0.004687 0.016667
1 0.285547 0.338889 0.003906 0.016667
1 0.176563 0.305556 0.004687 0.016667
2 0.155078 0.307639 0.030469 0.012500
1 0.261328 0.334722 0.002344 0.016667
2 0.427344 0.318750 0.010937 0.006944
1 0.417969 0.311111 0.003125 0.016667
