2 0.607031 0.350694 0.031250 0.056944
2 0.441016 0.334722 0.050781 0.055556
2 0.384375 0.328472 0.034375 0.051389
7 0.543359 0.443750 0.016406 0.018056
7 0.561719 0.450694 0.028125 0.020833
7 0.523047 0.445139 0.014844 0.018056
7 0.596875 0.458333 0.025000 0.022222
5 0.651953 0.458333 0.132031 0.083333
7 0.735547 0.498611 0.042969 0.025000
7 0.754687 0.479167 0.067187 0.041667
7 0.821875 0.482639 0.054688 0.054167
7 0.465234 0.423611 0.007031 0.013889
7 0.460156 0.424306 0.006250 0.015278
7 0.479687 0.474306 0.039062 0.087500
7 0.335938 0.436111 0.039062 0.038889
7 0.297656 0.430556 0.026562 0.027778
5 0.292969 0.418750 0.028125 0.043056
7 0.273828 0.421528 0.011719 0.015278
7 0.260547 0.420139 0.032031 0.031944
7 0.169531 0.431944 0.018750 0.033333
7 0.139063 0.433333 0.043750 0.033333
7 0.122656 0.440972 0.043750 0.018056
7 0.106250 0.428472 0.023438 0.015278
7 0.078125 0.442361 0.031250 0.020833
7 0.079297 0.428472 0.025781 0.012500
7 0.317188 0.471528 0.064062 0.093056
7 0.407031 0.504861 0.128125 0.206944
7 0.215625 0.452778 0.085938 0.111111
7 0.083594 0.597917 0.164062 0.354167
7 0.972266 0.550694 0.050781 0.045833
