1 0.103516 0.207639 0.025781 0.054167
1 0.517969 0.320139 0.009375 0.020833
1 0.621875 0.319444 0.007812 0.019444
1 0.592578 0.355556 0.008594 0.013889
2 0.141797 0.084028 0.067969 0.045833
2 0.132031 0.124306 0.023438 0.037500
2 0.378906 0.218056 0.021875 0.038889
2 0.312500 0.177083 0.025000 0.070833
2 0.312109 0.234028 0.016406 0.045833
2 0.373047 0.297222 0.017969 0.080556
7 0.647266 0.395139 0.019531 0.029167
7 0.675781 0.409722 0.043750 0.055556
7 0.702734 0.406944 0.024219 0.036111
7 0.742969 0.431944 0.092188 0.113889
7 0.789062 0.418056 0.028125 0.066667
7 0.838281 0.418056 0.093750 0.094444
7 0.596875 0.456250 0.121875 0.173611
7 0.490234 0.376389 0.055469 0.097222
7 0.330469 0.422917 0.051562 0.145833
7 0.412109 0.443056 0.164844 0.194444
3 0.273438 0.402778 0.018750 0.102778
3 0.290234 0.402083 0.025781 0.106944
3 0.110156 0.433333 0.042188 0.250000
3 0.074609 0.427083 0.039844 0.231944
3 0.025391 0.430556 0.050781 0.244444
3 0.519141 0.392361 0.011719 0.040278
3 0.526953 0.396528 0.008594 0.037500
3 0.980469 0.427083 0.023438 0.112500
3 0.970313 0.438889 0.018750 0.105556
3 0.932422 0.434028 0.021094 0.120833
3 0.916797 0.427083 0.016406 0.093056
