2 0.254688 0.415972 0.009375 0.018056
2 0.229297 0.313889 0.005469 0.016667
2 0.230078 0.340278 0.007031 0.036111
2 0.230859 0.376389 0.007031 0.030556
2 0.227734 0.479861 0.011719 0.012500
2 0.250391 0.435417 0.017969 0.018056
2 0.253906 0.463194 0.023438 0.034722
2 0.252734 0.493056 0.021094 0.025000
2 0.399219 0.505556 0.028125 0.030556
2 0.124219 0.429167 0.015625 0.038889
2 0.106641 0.431944 0.014844 0.038889
2 0.124609 0.470139 0.019531 0.040278
2 0.124609 0.504861 0.016406 0.029167
2 0.107031 0.472917 0.017188 0.040278
2 0.108594 0.511111 0.014063 0.030556
2 0.277344 0.486806 0.021875 0.026389
2 0.273438 0.420139 0.023438 0.034722
2 0.296875 0.458333 0.021875 0.041667
2 0.683984 0.396528 0.016406 0.048611
2 0.681641 0.357639 0.014844 0.026389
2 0.686328 0.331944 0.036719 0.022222
2 0.706641 0.290972 0.039844 0.018056
2 0.056641 0.507639 0.038281 0.043056
2 0.018359 0.515278 0.036719 0.030556
2 0.275000 0.457639 0.028125 0.037500
2 0.327734 0.482639 0.046094 0.034722
2 0.330078 0.538194 0.007031 0.012500
2 0.330469 0.529167 0.009375 0.011111
2 0.282813 0.554861 0.012500 0.018056
2 0.256250 0.555556 0.014063 0.019444
2 0.284375 0.575000 0.009375 0.016667
2 0.257812 0.577778 0.010937 0.019444
2 0.248047 0.411806 0.011719 0.023611
2 0.112109 0.568056 0.008594 0.019444
2 0.128516 0.570833 0.007031 0.016667
2 0.128516 0.595139 0.010156 0.020833
2 0.112109 0.593750 0.007031 0.018056
2 0.040234 0.490972 0.024219 0.020833
2 0.225781 0.501389 0.014063 0.030556
1 0.401953 0.154861 0.025781 0.090278
1 0.430078 0.155556 0.017969 0.086111
1 0.688281 0.445833 0.017188 0.030556
1 0.710156 0.442361 0.020313 0.031944
7 0.099609 0.560417 0.016406 0.015278
5 0.092188 0.587500 0.031250 0.033333
7 0.064453 0.598611 0.044531 0.033333
7 0.278516 0.581944 0.071094 0.044444
7 0.446875 0.573611 0.060937 0.097222
7 0.416797 0.561111 0.011719 0.022222
7 0.686328 0.572222 0.141406 0.191667
7 0.580859 0.618056 0.227344 0.272222
5 0.539453 0.492361 0.121094 0.156944
7 0.372266 0.593750 0.103906 0.165278
7 0.018750 0.617361 0.037500 0.034722
0 0.048438 0.578472 0.035937 0.043056
7 0.860547 0.677778 0.272656 0.541667
3 0.780469 0.548611 0.028125 0.119444
