3 0.915625 0.339583 0.028125 0.118056
3 0.865625 0.325694 0.026562 0.098611
3 0.845703 0.326389 0.019531 0.088889
1 0.850781 0.225694 0.020313 0.045833
1 0.404687 0.031250 0.014063 0.062500
1 0.140625 0.213194 0.018750 0.026389
1 0.452344 0.208333 0.006250 0.027778
1 0.433594 0.213889 0.007812 0.022222
1 0.665625 0.012500 0.025000 0.025000
2 0.157031 0.137500 0.021875 0.019444
2 0.833594 0.147222 0.032813 0.022222
2 0.829688 0.124306 0.020313 0.020833
2 0.833203 0.029861 0.038281 0.054167
2 0.222266 0.196528 0.019531 0.062500
2 0.656250 0.214583 0.012500 0.048611
4 0.115234 0.390972 0.074219 0.084722
8 0.114062 0.354167 0.051562 0.155556
7 0.662109 0.321528 0.071094 0.095833
7 0.277734 0.310417 0.102344 0.140278
5 0.399609 0.270833 0.069531 0.113889
7 0.467969 0.286111 0.032813 0.066667
7 0.337500 0.319444 0.028125 0.061111
7 0.358203 0.309028 0.014844 0.054167
7 0.442188 0.278472 0.018750 0.056944
7 0.496484 0.288889 0.025781 0.050000
7 0.582422 0.300000 0.035156 0.047222
7 0.598437 0.309722 0.035937 0.058333
7 0.623828 0.309028 0.033594 0.068056
7 0.553125 0.290972 0.050000 0.051389
