1 0.598828 0.344444 0.010156 0.027778
1 0.509375 0.372222 0.009375 0.027778
1 0.588281 0.335417 0.010937 0.031944
1 0.684766 0.363889 0.010156 0.030556
1 0.721094 0.335417 0.009375 0.031944
1 0.831250 0.332639 0.018750 0.054167
1 0.803516 0.418750 0.017969 0.034722
1 0.739453 0.415278 0.014844 0.022222
2 0.365625 0.386806 0.018750 0.020833
2 0.412500 0.397917 0.012500 0.015278
2 0.420312 0.416667 0.015625 0.013889
2 0.673047 0.386806 0.013281 0.031944
2 0.648047 0.355556 0.021094 0.030556
2 0.900000 0.249306 0.025000 0.051389
2 0.901172 0.301389 0.038281 0.052778
7 0.557813 0.452083 0.017188 0.023611
7 0.577734 0.448611 0.022656 0.038889
7 0.508594 0.443750 0.021875 0.029167
5 0.458203 0.456944 0.033594 0.069444
7 0.430469 0.479861 0.028125 0.040278
7 0.525781 0.513889 0.087500 0.127778
7 0.376563 0.504167 0.060937 0.066667
7 0.317578 0.525000 0.057031 0.047222
7 0.243359 0.533333 0.133594 0.125000
7 0.101172 0.574306 0.202344 0.206944
7 0.653516 0.477778 0.061719 0.111111
7 0.775781 0.455556 0.068750 0.091667
3 0.770312 0.515278 0.032813 0.150000
3 0.872266 0.496528 0.027344 0.123611
3 0.844141 0.511111 0.046094 0.177778
