2 0.777734 0.354167 0.055469 0.066667
2 0.957031 0.224306 0.073438 0.123611
2 0.637891 0.320833 0.008594 0.019444
5 0.558984 0.340278 0.035156 0.094444
0 0.579688 0.351389 0.010937 0.033333
7 0.538672 0.357639 0.013281 0.026389
7 0.587891 0.365278 0.017969 0.019444
7 0.480469 0.350000 0.014063 0.011111
7 0.478125 0.360417 0.014063 0.015278
7 0.466406 0.358333 0.012500 0.019444
7 0.446484 0.356944 0.013281 0.027778
7 0.429297 0.357639 0.024219 0.029167
7 0.291016 0.363194 0.088281 0.056944
7 0.357812 0.345833 0.010937 0.019444
7 0.344922 0.350000 0.011719 0.019444
7 0.695312 0.337500 0.014063 0.019444
7 0.710938 0.347222 0.009375 0.022222
7 0.718750 0.347917 0.010937 0.023611
5 0.730078 0.345139 0.019531 0.034722
7 0.733984 0.354861 0.016406 0.023611
7 0.607422 0.370833 0.032031 0.047222
7 0.651172 0.389583 0.055469 0.068056
7 0.823047 0.384028 0.025781 0.026389
7 0.852734 0.369444 0.013281 0.016667
7 0.975391 0.662500 0.047656 0.313889
7 0.501953 0.361111 0.036719 0.061111
