1 0.108984 0.627083 0.008594 0.012500
1 0.097266 0.629167 0.007031 0.013889
1 0.200781 0.513889 0.012500 0.044444
1 0.188672 0.510417 0.010156 0.048611
1 0.472266 0.610417 0.028906 0.040278
2 0.287891 0.589583 0.024219 0.012500
2 0.456250 0.448611 0.012500 0.022222
2 0.463672 0.475694 0.021094 0.018056
2 0.446875 0.499306 0.034375 0.020833
2 0.454297 0.559028 0.019531 0.073611
1 0.292969 0.659722 0.007812 0.025000
7 0.084766 0.665278 0.011719 0.016667
7 0.108984 0.672917 0.014844 0.018056
7 0.113281 0.679167 0.017188 0.025000
7 0.128516 0.703472 0.016406 0.031944
7 0.147656 0.702778 0.026562 0.047222
7 0.150000 0.711111 0.018750 0.038889
5 0.067187 0.677778 0.015625 0.030556
7 0.010937 0.677083 0.021875 0.029167
7 0.014453 0.709722 0.028906 0.044444
7 0.036328 0.698611 0.014844 0.025000
7 0.187109 0.699306 0.069531 0.112500
7 0.062109 0.753472 0.091406 0.120833
3 0.398828 0.717361 0.010156 0.031944
3 0.388672 0.729861 0.016406 0.051389
3 0.366797 0.732639 0.017969 0.076389
3 0.932031 0.725694 0.040625 0.115278
3 0.960156 0.734722 0.078125 0.097222
3 0.959375 0.827778 0.079687 0.336111
7 0.597266 0.699306 0.044531 0.018056
7 0.602344 0.752083 0.034375 0.087500
7 0.487500 0.801389 0.218750 0.230556
7 0.767969 0.870139 0.445312 0.251389
5 0.034766 0.659722 0.044531 0.036111
