7 0.269922 0.696528 0.425781 0.576389
7 0.768359 0.650000 0.460156 0.488889
7 0.451172 0.475000 0.205469 0.302778
7 0.283984 0.386111 0.108594 0.066667
7 0.129688 0.451389 0.120313 0.122222
7 0.542578 0.386111 0.017969 0.030556
1 0.241797 0.238889 0.011719 0.041667
1 0.501563 0.230556 0.006250 0.033333
1 0.563672 0.242361 0.008594 0.040278
1 0.935937 0.197222 0.012500 0.044444
1 0.624609 0.165972 0.008594 0.056944
1 0.558594 0.164583 0.012500 0.051389
2 0.424609 0.228472 0.038281 0.020833
2 0.958203 0.190972 0.014844 0.031944
2 0.610938 0.154861 0.014063 0.029167
2 0.604688 0.279861 0.025000 0.009722
2 0.513672 0.229861 0.010156 0.020833
2 0.555469 0.305556 0.007812 0.036111
2 0.336328 0.295833 0.019531 0.061111
1 0.260547 0.344444 0.007031 0.027778
5 0.738281 0.297917 0.232813 0.193056
