1 0.407031 0.600694 0.007812 0.018056
7 0.031250 0.734028 0.060937 0.173611
7 0.963281 0.834722 0.068750 0.322222
7 0.834766 0.758333 0.322656 0.347222
7 0.653516 0.695833 0.146094 0.177778
7 0.578125 0.677778 0.060937 0.105556
7 0.544141 0.663889 0.047656 0.088889
7 0.524609 0.661111 0.030469 0.055556
7 0.506641 0.656944 0.035156 0.052778
7 0.235937 0.681250 0.073438 0.081944
7 0.277734 0.672222 0.024219 0.075000
7 0.303516 0.667361 0.022656 0.045833
7 0.326562 0.658333 0.029687 0.047222
7 0.345703 0.657639 0.017969 0.037500
7 0.362500 0.650000 0.018750 0.030556
7 0.376172 0.646528 0.014844 0.029167
7 0.396484 0.652778 0.021094 0.030556
7 0.437500 0.643750 0.017188 0.034722
7 0.476562 0.645833 0.023438 0.030556
7 0.414844 0.643750 0.014063 0.020833
