7 0.457813 0.420833 0.028125 0.050000
7 0.417578 0.410417 0.028906 0.040278
7 0.392578 0.421528 0.035156 0.043056
7 0.357422 0.425694 0.044531 0.059722
7 0.323047 0.432639 0.025781 0.048611
7 0.267188 0.459028 0.117188 0.123611
7 0.182031 0.461806 0.106250 0.104167
7 0.599609 0.420833 0.028906 0.041667
7 0.645703 0.429861 0.036719 0.056944
7 0.679688 0.431944 0.062500 0.088889
7 0.746484 0.434722 0.111719 0.133333
7 0.520703 0.498611 0.163281 0.233333
7 0.933594 0.486111 0.129688 0.277778
3 0.894531 0.415972 0.026562 0.076389
3 0.856250 0.425694 0.023438 0.081944
3 0.824219 0.413889 0.021875 0.072222
1 0.557422 0.370833 0.008594 0.016667
1 0.472656 0.356944 0.007812 0.016667
