1 0.518359 0.678472 0.007031 0.034722
1 0.598047 0.672917 0.007031 0.029167
1 0.591797 0.670833 0.005469 0.030556
1 0.512500 0.679167 0.006250 0.033333
1 0.483984 0.680556 0.008594 0.030556
1 0.426953 0.686806 0.007031 0.026389
1 0.403516 0.691667 0.007031 0.027778
1 0.476953 0.680556 0.005469 0.036111
2 0.858203 0.672917 0.047656 0.029167
2 0.871875 0.699306 0.018750 0.037500
2 0.846484 0.699306 0.017969 0.026389
2 0.872266 0.732639 0.019531 0.020833
2 0.850781 0.730556 0.023438 0.019444
2 0.750781 0.734028 0.017188 0.026389
2 0.727734 0.743056 0.010156 0.019444
2 0.634375 0.734028 0.023438 0.018056
2 0.636328 0.759028 0.011719 0.006944
7 0.327344 0.784722 0.028125 0.019444
7 0.578125 0.786111 0.015625 0.022222
7 0.746484 0.799306 0.050781 0.034722
7 0.350000 0.790278 0.012500 0.019444
7 0.182422 0.777778 0.066406 0.050000
7 0.262109 0.794444 0.074219 0.050000
5 0.391016 0.781250 0.046094 0.051389
7 0.471484 0.786806 0.022656 0.034722
7 0.520703 0.786111 0.021094 0.033333
7 0.550000 0.793750 0.026562 0.043056
7 0.600781 0.801389 0.029687 0.041667
7 0.117578 0.772222 0.047656 0.050000
7 0.047656 0.752083 0.095312 0.084722
