7 0.210938 0.339583 0.031250 0.029167
7 0.160938 0.334028 0.062500 0.068056
7 0.353516 0.321528 0.017969 0.043056
7 0.476953 0.311111 0.007031 0.027778
7 0.487109 0.313194 0.007031 0.026389
7 0.493750 0.310417 0.007812 0.029167
7 0.504297 0.308333 0.013281 0.038889
7 0.530078 0.301389 0.046094 0.063889
5 0.724609 0.229167 0.378906 0.455556
7 0.453906 0.315972 0.043750 0.093056
7 0.404687 0.365972 0.126562 0.176389
7 0.301953 0.331944 0.072656 0.086111
7 0.029687 0.354167 0.053125 0.038889
2 0.093750 0.249306 0.031250 0.029167
