1 0.241406 0.447917 0.004687 0.018056
1 0.264844 0.447222 0.006250 0.019444
2 0.307031 0.454861 0.010937 0.023611
2 0.583594 0.316667 0.026562 0.036111
7 0.226172 0.486806 0.011719 0.023611
7 0.214062 0.490972 0.014063 0.031944
7 0.185547 0.490972 0.044531 0.059722
7 0.139453 0.524306 0.050781 0.084722
7 0.119141 0.531250 0.061719 0.101389
7 0.070703 0.526389 0.089844 0.158333
7 0.272656 0.484722 0.012500 0.019444
7 0.282031 0.484028 0.010937 0.020833
7 0.289453 0.487500 0.014844 0.027778
7 0.311719 0.490972 0.037500 0.051389
7 0.391797 0.519444 0.074219 0.075000
7 0.469141 0.534028 0.089844 0.126389
7 0.546484 0.563889 0.167969 0.180556
7 0.780859 0.595139 0.389844 0.379167
7 0.937891 0.754861 0.124219 0.384722
