2 0.673438 0.542361 0.032813 0.015278
2 0.589453 0.561111 0.086719 0.058333
2 0.661328 0.567361 0.057031 0.040278
2 0.688672 0.624306 0.016406 0.029167
2 0.712109 0.629167 0.010156 0.019444
2 0.701953 0.627083 0.010156 0.020833
2 0.721875 0.638889 0.014063 0.033333
2 0.511719 0.603472 0.009375 0.031944
2 0.386328 0.579167 0.035156 0.050000
7 0.337891 0.604861 0.030469 0.023611
7 0.414844 0.616667 0.025000 0.025000
7 0.520703 0.636111 0.017969 0.025000
7 0.710156 0.659028 0.020313 0.015278
7 0.684375 0.656250 0.014063 0.020833
7 0.670703 0.655556 0.022656 0.022222
7 0.653906 0.658333 0.031250 0.033333
7 0.633594 0.657639 0.018750 0.034722
7 0.162109 0.672222 0.324219 0.333333
7 0.499609 0.635417 0.027344 0.031944
7 0.450000 0.640278 0.051562 0.066667
7 0.571875 0.678472 0.117188 0.179167
