1 0.551953 0.343750 0.011719 0.043056
1 0.716797 0.256250 0.010156 0.040278
1 0.106641 0.193056 0.013281 0.061111
1 0.103125 0.282639 0.026562 0.070833
1 0.865625 0.394444 0.015625 0.030556
2 0.851953 0.397917 0.019531 0.023611
2 0.623437 0.384028 0.031250 0.037500
2 0.744922 0.383333 0.016406 0.019444
7 0.017969 0.499306 0.035937 0.090278
7 0.028906 0.460417 0.035937 0.062500
7 0.126953 0.431944 0.192969 0.127778
7 0.301172 0.458333 0.149219 0.108333
7 0.670312 0.463194 0.029687 0.045833
7 0.698828 0.470139 0.042969 0.056944
7 0.623047 0.427778 0.049219 0.030556
7 0.797656 0.496528 0.170313 0.206944
3 0.917969 0.464583 0.014063 0.059722
3 0.921484 0.470139 0.010156 0.040278
3 0.931641 0.465972 0.008594 0.043056
7 0.922656 0.614583 0.153125 0.401389
7 0.625781 0.494444 0.078125 0.111111
7 0.492578 0.541667 0.208594 0.241667
2 0.664844 0.204167 0.021875 0.047222
2 0.616016 0.025694 0.032031 0.051389
2 0.722266 0.331944 0.007031 0.019444
2 0.732031 0.337500 0.010937 0.022222
2 0.739062 0.356944 0.009375 0.022222
