7 0.057031 0.583333 0.112500 0.300000
7 0.855859 0.401389 0.285156 0.313889
7 0.189453 0.482639 0.264844 0.240278
7 0.551953 0.334028 0.005469 0.012500
7 0.556641 0.335417 0.003906 0.015278
7 0.562500 0.337500 0.009375 0.022222
7 0.570312 0.340972 0.010937 0.031944
7 0.582812 0.345833 0.025000 0.047222
7 0.604688 0.354861 0.037500 0.065278
7 0.632031 0.350694 0.035937 0.098611
7 0.686328 0.359722 0.117969 0.158333
7 0.480469 0.359028 0.018750 0.040278
7 0.505859 0.349306 0.013281 0.026389
7 0.511719 0.341667 0.007812 0.019444
7 0.537109 0.353472 0.025781 0.037500
7 0.454297 0.363194 0.047656 0.070833
2 0.496875 0.342361 0.015625 0.029167
