2 0.087500 0.145139 0.089063 0.131944
2 0.400781 0.404861 0.010937 0.023611
2 0.415625 0.439583 0.004687 0.009722
2 0.401172 0.431250 0.010156 0.018056
7 0.272656 0.475000 0.042188 0.027778
7 0.227344 0.481944 0.051562 0.033333
7 0.173828 0.489583 0.057031 0.031944
7 0.312109 0.472222 0.036719 0.044444
7 0.455859 0.459722 0.014844 0.027778
7 0.423438 0.458333 0.012500 0.016667
7 0.442969 0.475000 0.031250 0.055556
7 0.416016 0.480556 0.033594 0.052778
7 0.385547 0.449306 0.022656 0.009722
7 0.357422 0.550694 0.178906 0.204167
7 0.475781 0.469444 0.020313 0.025000
