3 0.254297 0.455556 0.025781 0.138889
3 0.314453 0.429861 0.011719 0.051389
3 0.925391 0.446528 0.036719 0.156944
3 0.565625 0.433333 0.012500 0.063889
3 0.539844 0.435417 0.010937 0.054167
3 0.550781 0.434028 0.017188 0.076389
5 0.476172 0.424306 0.061719 0.104167
7 0.350391 0.437500 0.027344 0.044444
7 0.342578 0.441667 0.035156 0.044444
1 0.797266 0.206250 0.042969 0.065278
2 0.757812 0.113194 0.076563 0.048611
2 0.773047 0.036806 0.022656 0.062500
2 0.246094 0.286806 0.021875 0.034722
2 0.234375 0.173611 0.026562 0.022222
2 0.259375 0.161806 0.009375 0.023611
1 0.375391 0.347222 0.005469 0.016667
1 0.426953 0.359028 0.008594 0.026389
7 0.412109 0.463194 0.091406 0.140278
