2 0.657422 0.343056 0.047656 0.086111
2 0.668750 0.393750 0.031250 0.040278
2 0.475391 0.459028 0.008594 0.012500
2 0.436719 0.456944 0.004687 0.019444
1 0.451953 0.475694 0.003906 0.018056
1 0.416016 0.454167 0.010156 0.030556
3 0.514453 0.525000 0.014844 0.061111
1 0.162109 0.468750 0.016406 0.006944
1 0.178516 0.469444 0.007031 0.013889
1 0.198047 0.452083 0.010156 0.009722
1 0.199609 0.468056 0.008594 0.022222
1 0.258984 0.484028 0.007031 0.020833
7 0.245703 0.489583 0.016406 0.012500
7 0.257031 0.493056 0.014063 0.011111
2 0.232813 0.487500 0.014063 0.011111
2 0.225391 0.472917 0.005469 0.012500
7 0.209766 0.506944 0.063281 0.044444
7 0.168359 0.493750 0.024219 0.009722
7 0.167969 0.563194 0.076563 0.140278
7 0.440625 0.493750 0.009375 0.012500
7 0.430469 0.491667 0.007812 0.008333
7 0.421875 0.490972 0.006250 0.009722
7 0.414844 0.490278 0.007812 0.011111
7 0.420312 0.525000 0.034375 0.058333
7 0.082031 0.577083 0.164062 0.315278
7 0.467187 0.553472 0.078125 0.118056
7 0.335547 0.493750 0.136719 0.273611
7 0.271094 0.634028 0.212500 0.273611
