2 0.172656 0.390972 0.026562 0.034722
2 0.276562 0.465972 0.015625 0.037500
2 0.328906 0.492361 0.010937 0.020833
1 0.379297 0.430556 0.008594 0.025000
2 0.390625 0.482639 0.010937 0.020833
7 0.428516 0.544444 0.016406 0.019444
7 0.413281 0.541667 0.014063 0.025000
7 0.399609 0.538889 0.014844 0.027778
7 0.375000 0.528472 0.028125 0.026389
7 0.305078 0.531250 0.033594 0.043056
7 0.455078 0.568750 0.050781 0.112500
7 0.621875 0.526389 0.042188 0.041667
7 0.594531 0.561111 0.054688 0.091667
7 0.798828 0.552778 0.130469 0.158333
7 0.349219 0.564583 0.093750 0.115278
7 0.070703 0.562500 0.141406 0.225000
7 0.195312 0.620139 0.270313 0.276389
7 0.533594 0.600694 0.148438 0.212500
7 0.693359 0.586111 0.157031 0.172222
