2 0.607812 0.259028 0.034375 0.026389
2 0.607812 0.221528 0.050000 0.048611
2 0.456641 0.159028 0.014844 0.029167
2 0.365625 0.184722 0.012500 0.041667
2 0.366797 0.242361 0.014844 0.062500
2 0.419141 0.215278 0.066406 0.069444
1 0.883203 0.200694 0.010156 0.020833
1 0.812500 0.179861 0.006250 0.023611
1 0.805469 0.187500 0.007812 0.027778
2 0.797266 0.198611 0.013281 0.041667
2 0.795312 0.161806 0.035937 0.023611
2 0.796094 0.118056 0.023438 0.052778
1 0.664844 0.228472 0.009375 0.020833
7 0.707422 0.273611 0.013281 0.027778
7 0.699219 0.279861 0.020313 0.034722
7 0.677344 0.279167 0.031250 0.047222
7 0.778906 0.275000 0.034375 0.038889
2 0.785547 0.245139 0.010156 0.020833
2 0.845703 0.211806 0.019531 0.034722
7 0.750000 0.286806 0.026562 0.034722
7 0.641797 0.304167 0.052344 0.075000
