1 0.300391 0.040972 0.016406 0.073611
1 0.993359 0.017361 0.011719 0.034722
1 0.953906 0.015972 0.042188 0.031944
2 0.283203 0.366667 0.016406 0.036111
2 0.189062 0.390278 0.014063 0.030556
2 0.705078 0.381944 0.016406 0.033333
3 0.959766 0.592361 0.044531 0.173611
3 0.269922 0.477778 0.013281 0.055556
3 0.277344 0.480556 0.009375 0.061111
3 0.293750 0.473611 0.010937 0.041667
3 0.201563 0.464583 0.010937 0.040278
3 0.178906 0.465972 0.015625 0.051389
3 0.158984 0.472917 0.013281 0.070833
4 0.207031 0.497917 0.026562 0.062500
4 0.184375 0.502778 0.029687 0.058333
4 0.089453 0.499306 0.067969 0.079167
8 0.132422 0.482639 0.038281 0.140278
4 0.134766 0.521528 0.038281 0.101389
7 0.487500 0.488889 0.018750 0.030556
7 0.476172 0.482639 0.011719 0.018056
3 0.417187 0.467361 0.014063 0.045833
5 0.445312 0.459028 0.046875 0.118056
7 0.390234 0.499306 0.071094 0.112500
5 0.512891 0.475694 0.036719 0.079167
4 0.987109 0.657639 0.022656 0.090278
