7 0.521094 0.342361 0.025000 0.037500
7 0.611328 0.336111 0.028906 0.050000
7 0.635938 0.341667 0.025000 0.055556
7 0.501563 0.333333 0.017188 0.030556
7 0.492578 0.346528 0.021094 0.043056
7 0.468359 0.358333 0.041406 0.080556
7 0.436328 0.370139 0.047656 0.104167
7 0.365234 0.374306 0.113281 0.159722
7 0.269922 0.347222 0.082031 0.044444
7 0.131641 0.390972 0.047656 0.056944
2 0.363672 0.254861 0.016406 0.023611
2 0.316797 0.316667 0.014844 0.027778
7 0.561328 0.368056 0.067969 0.108333
7 0.682422 0.379167 0.113281 0.150000
7 0.200781 0.452083 0.259375 0.234722
7 0.061719 0.468750 0.123438 0.215278
7 0.884766 0.285417 0.013281 0.031944
