3 0.375391 0.487500 0.013281 0.038889
3 0.386328 0.480556 0.007031 0.025000
3 0.379688 0.477778 0.006250 0.025000
3 0.871484 0.411111 0.032031 0.097222
3 0.969922 0.393750 0.024219 0.126389
3 0.946484 0.406250 0.032031 0.129167
7 0.564063 0.456250 0.009375 0.023611
7 0.509375 0.465972 0.026562 0.026389
7 0.337891 0.494444 0.035156 0.044444
7 0.580859 0.449306 0.017969 0.037500
1 0.561328 0.366667 0.005469 0.022222
1 0.555078 0.363889 0.005469 0.022222
1 0.472266 0.388889 0.005469 0.016667
5 0.271094 0.487500 0.121875 0.144444
7 0.544531 0.459722 0.037500 0.061111
7 0.466797 0.477778 0.083594 0.122222
7 0.089453 0.548611 0.177344 0.363889
7 0.732422 0.505556 0.391406 0.547222
5 0.503125 0.443056 0.028125 0.030556
