7 0.450000 0.584028 0.015625 0.018056
7 0.435547 0.583333 0.019531 0.041667
7 0.426563 0.591667 0.018750 0.033333
7 0.401562 0.599306 0.037500 0.056944
7 0.381641 0.602778 0.024219 0.061111
7 0.345703 0.606250 0.061719 0.095833
7 0.301953 0.623611 0.066406 0.105556
7 0.215234 0.661111 0.169531 0.175000
7 0.502734 0.584028 0.013281 0.023611
7 0.505078 0.587500 0.008594 0.013889
7 0.516797 0.586806 0.013281 0.029167
7 0.532031 0.588194 0.028125 0.054167
7 0.548047 0.595139 0.041406 0.062500
7 0.554688 0.602083 0.025000 0.054167
7 0.593359 0.600000 0.075781 0.119444
7 0.647266 0.622917 0.114844 0.165278
2 0.600391 0.520833 0.016406 0.033333
2 0.056641 0.406944 0.036719 0.030556
2 0.089063 0.382639 0.020313 0.037500
2 0.337109 0.535417 0.019531 0.034722
3 0.464844 0.585417 0.007812 0.018056
1 0.450000 0.525000 0.006250 0.013889
1 0.531250 0.519444 0.006250 0.019444
