1 0.625391 0.297222 0.011719 0.041667
1 0.732812 0.385417 0.010937 0.034722
1 0.737891 0.417361 0.011719 0.018056
1 0.384375 0.406944 0.010937 0.036111
1 0.380859 0.442361 0.008594 0.020833
3 0.376172 0.488194 0.013281 0.065278
3 0.773438 0.459722 0.010937 0.047222
3 0.924219 0.438194 0.010937 0.029167
3 0.737500 0.465972 0.012500 0.048611
2 0.194141 0.251389 0.017969 0.027778
2 0.173828 0.317361 0.032031 0.020833
2 0.651172 0.308333 0.033594 0.019444
2 0.726172 0.339583 0.017969 0.018056
2 0.737891 0.352083 0.017969 0.015278
2 0.912500 0.354861 0.029687 0.054167
2 0.957812 0.297222 0.010937 0.063889
2 0.959766 0.342361 0.014844 0.018056
1 0.342187 0.407639 0.006250 0.037500
1 0.193750 0.370139 0.014063 0.020833
1 0.307422 0.284028 0.010156 0.037500
2 0.305859 0.312500 0.014844 0.019444
7 0.956641 0.457639 0.050781 0.062500
7 0.437500 0.509722 0.087500 0.150000
7 0.340234 0.525000 0.085156 0.163889
7 0.187500 0.628472 0.375000 0.462500
7 0.591016 0.615972 0.310156 0.465278
7 0.862891 0.545833 0.233594 0.227778
