1 0.747266 0.337500 0.013281 0.052778
1 0.464453 0.313889 0.011719 0.055556
1 0.297266 0.511806 0.014844 0.020833
1 0.447656 0.314583 0.012500 0.056944
1 0.729297 0.338889 0.014844 0.055556
1 0.175391 0.488889 0.025781 0.041667
1 0.150000 0.483333 0.018750 0.036111
2 0.159375 0.425694 0.042188 0.023611
2 0.162500 0.449306 0.029687 0.020833
2 0.280469 0.454167 0.026562 0.019444
2 0.267969 0.425694 0.025000 0.020833
3 0.417969 0.602083 0.017188 0.087500
3 0.314453 0.654167 0.019531 0.136111
7 0.603516 0.562500 0.010156 0.016667
7 0.614453 0.567361 0.013281 0.018056
7 0.628125 0.578472 0.017188 0.034722
7 0.612500 0.605556 0.032813 0.066667
7 0.648047 0.566667 0.017969 0.036111
5 0.671484 0.568056 0.038281 0.072222
7 0.669922 0.588889 0.016406 0.038889
7 0.692187 0.589583 0.039062 0.065278
7 0.558594 0.615972 0.093750 0.140278
0 0.475391 0.561806 0.085156 0.145833
7 0.067578 0.744444 0.133594 0.297222
3 0.333203 0.606250 0.013281 0.070833
3 0.303125 0.648611 0.012500 0.152778
3 0.284766 0.641667 0.032031 0.188889
7 0.315625 0.562500 0.042188 0.030556
7 0.887891 0.697917 0.222656 0.445833
3 0.238672 0.599306 0.021094 0.081944
