1 0.641016 0.420139 0.008594 0.020833
1 0.635547 0.421528 0.008594 0.023611
1 0.540234 0.409028 0.008594 0.023611
1 0.536328 0.409722 0.008594 0.025000
2 0.655078 0.422222 0.008594 0.025000
2 0.673438 0.427778 0.017188 0.013889
2 0.700000 0.423611 0.010937 0.022222
2 0.724609 0.424306 0.013281 0.018056
2 0.696094 0.395139 0.010937 0.020833
7 0.042969 0.457639 0.042188 0.029167
7 0.186719 0.470139 0.076563 0.048611
7 0.228125 0.470833 0.039062 0.047222
7 0.269531 0.465972 0.051562 0.037500
7 0.644531 0.479167 0.012500 0.027778
7 0.653516 0.481250 0.021094 0.037500
7 0.658203 0.490972 0.016406 0.043056
7 0.626563 0.486111 0.015625 0.041667
7 0.614062 0.486111 0.032813 0.052778
7 0.951562 0.525000 0.095312 0.211111
7 0.944531 0.716667 0.109375 0.425000
7 0.534766 0.556250 0.164844 0.256944
7 0.693750 0.498611 0.076563 0.119444
5 0.393750 0.450694 0.107813 0.129167
5 0.309375 0.445833 0.092188 0.075000
5 0.142578 0.436806 0.107031 0.068056
7 0.092578 0.474306 0.046094 0.051389
4 0.751953 0.487500 0.019531 0.044444
4 0.789062 0.495139 0.012500 0.040278
4 0.794141 0.498611 0.008594 0.041667
4 0.800391 0.497917 0.014844 0.040278
4 0.804688 0.501389 0.015625 0.041667
4 0.816406 0.497222 0.017188 0.055556
4 0.825391 0.500694 0.017969 0.056944
4 0.835938 0.502083 0.017188 0.054167
4 0.860938 0.517361 0.014063 0.045833
