2 0.544531 0.275000 0.015625 0.011111
2 0.539453 0.297222 0.030469 0.033333
7 0.069922 0.427778 0.028906 0.027778
7 0.040234 0.431250 0.042969 0.043056
7 0.008203 0.437500 0.016406 0.033333
7 0.178125 0.411111 0.035937 0.027778
7 0.261328 0.395139 0.024219 0.018056
7 0.239844 0.403472 0.026562 0.020833
7 0.321875 0.386111 0.020313 0.019444
7 0.303125 0.386806 0.020313 0.018056
7 0.412500 0.368750 0.010937 0.015278
7 0.401953 0.359028 0.010156 0.012500
7 0.393750 0.364583 0.015625 0.015278
7 0.382812 0.369444 0.015625 0.008333
7 0.364453 0.375000 0.014844 0.013889
5 0.353906 0.361111 0.029687 0.038889
2 0.263281 0.313194 0.028125 0.031944
2 0.237109 0.315972 0.027344 0.031944
2 0.209375 0.316667 0.025000 0.038889
2 0.182422 0.316667 0.028906 0.033333
7 0.462109 0.362500 0.013281 0.011111
7 0.450391 0.368750 0.011719 0.015278
7 0.431641 0.358333 0.017969 0.011111
7 0.490234 0.365972 0.013281 0.012500
7 0.444922 0.404167 0.027344 0.036111
7 0.431250 0.370833 0.012500 0.013889
7 0.403516 0.377778 0.017969 0.016667
2 0.529687 0.348611 0.015625 0.016667
7 0.517969 0.377778 0.015625 0.016667
7 0.536719 0.366667 0.009375 0.019444
7 0.519922 0.364583 0.011719 0.015278
7 0.507812 0.359028 0.014063 0.018056
7 0.561328 0.350694 0.008594 0.018056
7 0.569922 0.362500 0.007031 0.019444
2 0.600000 0.343056 0.017188 0.013889
7 0.528516 0.420139 0.042969 0.056944
7 0.406641 0.426389 0.053906 0.075000
