2 0.338672 0.452778 0.017969 0.016667
2 0.379297 0.482639 0.013281 0.018056
2 0.655859 0.386806 0.030469 0.023611
2 0.670703 0.357639 0.028906 0.020833
2 0.137500 0.489583 0.028125 0.018056
3 0.341016 0.552083 0.013281 0.054167
3 0.352344 0.551389 0.009375 0.063889
3 0.017969 0.631944 0.034375 0.105556
3 0.547266 0.525000 0.011719 0.047222
7 0.097266 0.613889 0.024219 0.052778
7 0.173437 0.594444 0.101562 0.075000
7 0.424609 0.537500 0.013281 0.025000
7 0.406641 0.532639 0.022656 0.034722
7 0.575781 0.515278 0.026562 0.047222
7 0.503516 0.522222 0.013281 0.027778
7 0.513672 0.525694 0.021094 0.034722
7 0.523828 0.531250 0.022656 0.037500
7 0.687500 0.564583 0.125000 0.165278
7 0.836719 0.588194 0.279687 0.254167
7 0.933203 0.652778 0.132031 0.311111
5 0.442578 0.509722 0.032031 0.077778
