7 0.039453 0.509722 0.078906 0.130556
7 0.090625 0.455556 0.026562 0.036111
7 0.107422 0.530556 0.125781 0.291667
7 0.546484 0.427083 0.013281 0.068056
7 0.578516 0.429167 0.050781 0.075000
7 0.641797 0.486111 0.144531 0.180556
7 0.355469 0.493056 0.409375 0.638889
2 0.629297 0.302778 0.013281 0.025000
2 0.635156 0.326389 0.009375 0.011111
2 0.624219 0.322222 0.010937 0.008333
2 0.622266 0.342361 0.007031 0.015278
3 0.814063 0.445139 0.021875 0.104167
3 0.694922 0.412500 0.014844 0.047222
3 0.794141 0.454167 0.021094 0.033333
3 0.830078 0.441667 0.013281 0.058333
3 0.847266 0.438889 0.042969 0.069444
3 0.721484 0.425000 0.013281 0.038889
3 0.725391 0.437500 0.019531 0.036111
