7 0.057422 0.457639 0.114844 0.201389
6 0.233203 0.409028 0.052344 0.079167
7 0.275000 0.395833 0.043750 0.061111
7 0.310937 0.379861 0.032813 0.054167
7 0.330469 0.384028 0.015625 0.037500
7 0.337500 0.376389 0.017188 0.044444
7 0.353125 0.365972 0.018750 0.031944
7 0.556250 0.397917 0.085938 0.093056
7 0.517969 0.387500 0.023438 0.080556
7 0.498437 0.386111 0.029687 0.063889
7 0.480859 0.380556 0.025781 0.055556
7 0.461328 0.380556 0.021094 0.047222
7 0.450781 0.372222 0.020313 0.050000
7 0.436719 0.364583 0.018750 0.023611
7 0.686328 0.433333 0.182031 0.180556
7 0.380469 0.367361 0.021875 0.029167
2 0.453125 0.283333 0.014063 0.013889
1 0.457422 0.317361 0.005469 0.018056
