7 0.212109 0.520139 0.013281 0.023611
7 0.197266 0.525000 0.021094 0.019444
7 0.178516 0.524306 0.014844 0.023611
7 0.164062 0.524306 0.017188 0.023611
7 0.148828 0.525694 0.017969 0.020833
7 0.131641 0.525000 0.025781 0.027778
7 0.111328 0.527083 0.030469 0.043056
7 0.082812 0.527083 0.031250 0.043056
7 0.480469 0.519444 0.028125 0.075000
7 0.508594 0.521528 0.060937 0.095833
7 0.547266 0.527778 0.046094 0.119444
7 0.372266 0.505556 0.011719 0.027778
7 0.425781 0.515972 0.018750 0.023611
7 0.403906 0.518056 0.021875 0.033333
7 0.352734 0.520139 0.038281 0.056944
7 0.246875 0.529861 0.062500 0.070833
5 0.627344 0.538194 0.164062 0.187500
7 0.034766 0.541667 0.069531 0.225000
7 0.307422 0.517361 0.010156 0.018056
7 0.325000 0.513889 0.009375 0.019444
