7 0.387500 0.329167 0.029687 0.036111
7 0.302344 0.336111 0.023438 0.036111
7 0.237891 0.323611 0.019531 0.019444
7 0.199609 0.331944 0.021094 0.027778
7 0.099219 0.324306 0.031250 0.043056
7 0.419922 0.328472 0.024219 0.026389
7 0.457031 0.325694 0.018750 0.031944
7 0.445703 0.331250 0.027344 0.034722
7 0.149219 0.346528 0.085938 0.070833
7 0.523047 0.285417 0.035156 0.018056
7 0.521875 0.386806 0.143750 0.190278
7 0.348047 0.345139 0.078906 0.090278
7 0.615234 0.324306 0.014844 0.015278
7 0.659375 0.324306 0.018750 0.023611
7 0.696094 0.320833 0.015625 0.022222
7 0.848828 0.343750 0.063281 0.073611
7 0.881250 0.341667 0.054688 0.091667
7 0.926953 0.343056 0.092969 0.111111
7 0.967578 0.356944 0.061719 0.111111
7 0.789062 0.336806 0.064062 0.065278
7 0.060937 0.365972 0.121875 0.273611
7 0.271094 0.335417 0.048438 0.056944
2 0.649609 0.160417 0.038281 0.068056
