1 0.273438 0.303472 0.009375 0.034722
1 0.123438 0.399306 0.015625 0.034722
1 0.778906 0.397222 0.029687 0.036111
1 0.634766 0.413194 0.011719 0.020833
1 0.759766 0.247917 0.014844 0.056944
2 0.134766 0.352778 0.019531 0.016667
2 0.127734 0.336111 0.016406 0.011111
2 0.210547 0.313889 0.044531 0.019444
2 0.238672 0.404167 0.013281 0.030556
2 0.755859 0.336111 0.014844 0.022222
2 0.765234 0.293056 0.011719 0.013889
2 0.775391 0.316667 0.022656 0.013889
3 0.966406 0.490278 0.034375 0.119444
3 0.883203 0.495833 0.032031 0.086111
7 0.867969 0.494444 0.071875 0.080556
7 0.735547 0.486111 0.147656 0.097222
7 0.629297 0.496528 0.011719 0.029167
3 0.651953 0.467361 0.011719 0.059722
7 0.214453 0.467361 0.055469 0.062500
0 0.453906 0.358333 0.351562 0.716667
