2 0.757812 0.189583 0.023438 0.015278
2 0.740625 0.218750 0.040625 0.020833
1 0.147266 0.302083 0.017969 0.043056
1 0.753906 0.263194 0.015625 0.048611
1 0.771875 0.260417 0.014063 0.043056
1 0.130469 0.302778 0.015625 0.038889
3 0.193359 0.404861 0.022656 0.076389
7 0.185547 0.399306 0.086719 0.056944
7 0.551172 0.375000 0.024219 0.044444
7 0.567578 0.378472 0.032031 0.051389
7 0.578906 0.385417 0.023438 0.043056
7 0.606641 0.382639 0.047656 0.079167
7 0.635156 0.398611 0.076563 0.102778
7 0.460156 0.376389 0.020313 0.025000
7 0.444141 0.376389 0.017969 0.022222
7 0.434375 0.378472 0.017188 0.023611
7 0.424609 0.382639 0.017969 0.023611
7 0.410547 0.386111 0.021094 0.036111
7 0.395313 0.389583 0.015625 0.037500
7 0.366797 0.388889 0.050781 0.063889
7 0.327344 0.403472 0.039062 0.065278
7 0.263672 0.406944 0.102344 0.119444
7 0.501563 0.401389 0.084375 0.127778
1 0.622656 0.017361 0.017188 0.034722
1 0.641016 0.017361 0.019531 0.034722
7 0.535156 0.368750 0.010937 0.026389
