1 0.435156 0.195833 0.020313 0.072222
1 0.621875 0.357639 0.009375 0.051389
1 0.427344 0.399306 0.004687 0.015278
2 0.153125 0.530556 0.029687 0.052778
2 0.610547 0.318750 0.036719 0.029167
2 0.494922 0.226389 0.047656 0.025000
2 0.766406 0.396528 0.017188 0.037500
2 0.228906 0.452778 0.009375 0.016667
2 0.515625 0.422917 0.015625 0.034722
7 0.286719 0.482639 0.026562 0.037500
7 0.253906 0.496528 0.028125 0.040278
7 0.337891 0.464583 0.010156 0.018056
7 0.346875 0.456944 0.010937 0.008333
7 0.441016 0.452083 0.008594 0.018056
7 0.448828 0.452083 0.010156 0.018056
7 0.451953 0.457639 0.007031 0.018056
7 0.458594 0.460417 0.009375 0.029167
7 0.432422 0.451389 0.008594 0.016667
7 0.385937 0.459028 0.015625 0.026389
7 0.428125 0.456250 0.014063 0.020833
7 0.475391 0.465972 0.024219 0.040278
7 0.347266 0.473611 0.022656 0.030556
7 0.328516 0.469444 0.014844 0.025000
7 0.371875 0.459028 0.012500 0.018056
7 0.917578 0.497917 0.117969 0.098611
7 0.953906 0.503472 0.090625 0.115278
4 0.517969 0.500694 0.028125 0.043056
4 0.524219 0.506944 0.028125 0.050000
4 0.529687 0.509722 0.026562 0.050000
4 0.535156 0.514583 0.034375 0.045833
4 0.543750 0.516667 0.040625 0.055556
4 0.547656 0.520833 0.040625 0.058333
4 0.554688 0.527778 0.048438 0.052778
3 0.278906 0.518056 0.025000 0.102778
3 0.708984 0.513889 0.021094 0.094444
3 0.675000 0.510417 0.017188 0.090278
3 0.635156 0.505556 0.018750 0.097222
3 0.626563 0.500694 0.012500 0.104167
3 0.663281 0.500000 0.010937 0.088889
3 0.722656 0.491667 0.018750 0.097222
3 0.783984 0.463194 0.011719 0.045833
3 0.789062 0.485417 0.015625 0.090278
2 0.408203 0.196528 0.013281 0.023611
