1 0.285156 0.366667 0.010937 0.036111
1 0.275391 0.368750 0.011719 0.037500
1 0.267188 0.368056 0.009375 0.038889
1 0.499219 0.354861 0.009375 0.034722
1 0.472656 0.486111 0.006250 0.022222
1 0.394531 0.491667 0.006250 0.016667
1 0.435156 0.515278 0.006250 0.013889
1 0.177344 0.502778 0.020313 0.022222
1 0.655078 0.468056 0.016406 0.025000
1 0.673047 0.298611 0.016406 0.047222
1 0.662891 0.300000 0.014844 0.050000
1 0.653516 0.301389 0.013281 0.044444
1 0.788281 0.423611 0.032813 0.050000
1 0.313672 0.453472 0.007031 0.020833
7 0.418359 0.532639 0.022656 0.023611
7 0.410547 0.552083 0.017969 0.034722
7 0.387500 0.552083 0.018750 0.031944
0 0.358984 0.531250 0.047656 0.084722
7 0.338672 0.561111 0.032031 0.041667
7 0.316797 0.554861 0.021094 0.043056
7 0.296484 0.557639 0.039844 0.051389
7 0.263281 0.568056 0.054688 0.061111
7 0.064062 0.654861 0.128125 0.212500
7 0.467187 0.527778 0.018750 0.016667
2 0.471094 0.654167 0.167187 0.244444
7 0.703125 0.541667 0.125000 0.094444
7 0.863672 0.640278 0.266406 0.272222
7 0.992188 0.791667 0.012500 0.133333
3 0.086328 0.554167 0.013281 0.050000
3 0.066797 0.546528 0.013281 0.034722
3 0.210156 0.559722 0.012500 0.061111
3 0.200391 0.575694 0.010156 0.031944
3 0.259766 0.563889 0.013281 0.066667
3 0.739453 0.545833 0.028906 0.108333
0 0.322266 0.517361 0.030469 0.048611
2 0.640625 0.368750 0.012500 0.043056
2 0.644141 0.437500 0.019531 0.038889
2 0.758984 0.324306 0.022656 0.037500
2 0.191406 0.404861 0.012500 0.031944
2 0.174609 0.435417 0.021094 0.015278
2 0.185547 0.460417 0.021094 0.018056
2 0.308203 0.495139 0.010156 0.023611
2 0.219922 0.476389 0.013281 0.036111
2 0.792188 0.343056 0.039062 0.025000
1 0.771875 0.446528 0.031250 0.065278
