2 0.119922 0.448611 0.049219 0.022222
2 0.600000 0.460417 0.017188 0.015278
2 0.737500 0.435417 0.037500 0.029167
2 0.080859 0.497917 0.024219 0.018056
2 0.082031 0.438194 0.026562 0.043056
2 0.526953 0.429167 0.039844 0.016667
2 0.597656 0.476389 0.020313 0.016667
2 0.751172 0.357639 0.022656 0.037500
1 0.077344 0.544444 0.014063 0.022222
1 0.068359 0.547222 0.019531 0.027778
1 0.609375 0.511111 0.018750 0.027778
1 0.758203 0.481944 0.021094 0.030556
2 0.663672 0.552778 0.019531 0.041667
8 0.022266 0.622222 0.035156 0.100000
4 0.023438 0.653472 0.037500 0.093056
3 0.637891 0.577778 0.017969 0.072222
3 0.809375 0.571528 0.032813 0.145833
3 0.779297 0.568056 0.030469 0.133333
8 0.068750 0.618750 0.012500 0.045833
4 0.068359 0.640278 0.024219 0.033333
1 0.156641 0.434028 0.011719 0.048611
1 0.166797 0.433333 0.008594 0.041667
7 0.192969 0.613889 0.046875 0.055556
7 0.357422 0.588889 0.049219 0.061111
7 0.514453 0.580556 0.014844 0.044444
0 0.251563 0.554167 0.073438 0.094444
7 0.267578 0.607639 0.110156 0.156944
7 0.541797 0.584028 0.050781 0.056944
7 0.435156 0.621528 0.150000 0.281944
1 0.467578 0.427778 0.008594 0.033333
6 0.306641 0.546528 0.008594 0.020833
2 0.853516 0.427083 0.014844 0.020833
2 0.753906 0.402778 0.039062 0.047222
5 0.480078 0.545139 0.055469 0.115278
