2 0.723047 0.424306 0.033594 0.079167
2 0.413281 0.406944 0.015625 0.016667
1 0.369922 0.404167 0.005469 0.022222
1 0.360938 0.404167 0.006250 0.022222
7 0.254688 0.501389 0.015625 0.027778
7 0.244141 0.498611 0.008594 0.016667
7 0.230859 0.493056 0.022656 0.019444
7 0.271484 0.506250 0.025781 0.045833
5 0.301953 0.488194 0.024219 0.026389
5 0.371875 0.499306 0.068750 0.129167
7 0.415234 0.534722 0.033594 0.055556
7 0.432422 0.542361 0.038281 0.054167
7 0.469141 0.543056 0.067969 0.075000
7 0.517969 0.560417 0.081250 0.095833
7 0.597656 0.565278 0.139063 0.141667
7 0.750391 0.602778 0.230469 0.191667
7 0.228125 0.513194 0.029687 0.037500
7 0.297656 0.543750 0.071875 0.098611
7 0.917188 0.697222 0.164062 0.200000
7 0.181641 0.486806 0.013281 0.015278
7 0.155078 0.486111 0.021094 0.019444
5 0.085938 0.486111 0.048438 0.022222
7 0.030859 0.482639 0.044531 0.037500
