1 0.457813 0.123611 0.006250 0.025000
1 0.540625 0.117361 0.006250 0.018056
1 0.532813 0.119444 0.004687 0.016667
7 0.455859 0.182639 0.016406 0.034722
7 0.436328 0.206944 0.035156 0.077778
7 0.278906 0.230556 0.076563 0.113889
7 0.173828 0.219444 0.167969 0.197222
7 0.552734 0.163194 0.030469 0.029167
7 0.614844 0.196528 0.026562 0.043056
7 0.670312 0.225694 0.092188 0.162500
7 0.776563 0.278472 0.217188 0.279167
7 0.533984 0.324306 0.244531 0.331944
7 0.375000 0.223611 0.100000 0.141667
7 0.887891 0.356250 0.222656 0.523611
7 0.108203 0.331944 0.216406 0.536111
5 0.289844 0.153472 0.104688 0.184722
2 0.352734 0.071528 0.013281 0.020833
2 0.346094 0.088889 0.014063 0.013889
2 0.344141 0.106250 0.013281 0.009722
2 0.353125 0.131944 0.018750 0.013889
