7 0.307422 0.371528 0.025781 0.040278
7 0.434766 0.402778 0.036719 0.100000
7 0.476562 0.419444 0.089063 0.116667
7 0.187891 0.367361 0.078906 0.090278
7 0.252734 0.385417 0.077344 0.104167
7 0.047656 0.382639 0.095312 0.159722
7 0.779297 0.506250 0.030469 0.126389
7 0.641016 0.447222 0.289844 0.366667
2 0.848828 0.320139 0.019531 0.070833
2 0.837500 0.373611 0.014063 0.025000
2 0.438672 0.295139 0.022656 0.018056
1 0.419141 0.284722 0.008594 0.033333
1 0.255078 0.311111 0.008594 0.025000
3 0.946094 0.550000 0.040625 0.147222
7 0.364844 0.412500 0.126562 0.211111
