7 0.372266 0.318750 0.016406 0.020833
7 0.343359 0.318750 0.027344 0.034722
7 0.294141 0.321528 0.022656 0.034722
7 0.267188 0.322917 0.037500 0.048611
7 0.217969 0.323611 0.054688 0.061111
7 0.101953 0.363194 0.194531 0.201389
7 0.609375 0.301389 0.051562 0.030556
7 0.707031 0.395139 0.157812 0.226389
7 0.821094 0.387500 0.120313 0.144444
7 0.906641 0.375000 0.141406 0.150000
7 0.466016 0.382639 0.108594 0.170833
7 0.910156 0.514583 0.178125 0.409722
7 0.585547 0.518056 0.314844 0.427778
2 0.339453 0.163194 0.033594 0.101389
2 0.339844 0.038889 0.034375 0.061111
1 0.439844 0.165278 0.012500 0.041667
1 0.558984 0.109722 0.013281 0.050000
7 0.325781 0.315972 0.015625 0.020833
2 0.442578 0.239583 0.017969 0.029167
