7 0.378906 0.397917 0.009375 0.012500
7 0.384766 0.397222 0.008594 0.027778
7 0.390625 0.396528 0.010937 0.034722
7 0.397656 0.401389 0.012500 0.038889
7 0.403906 0.402778 0.014063 0.050000
7 0.412109 0.404167 0.016406 0.058333
7 0.439453 0.402083 0.053906 0.076389
7 0.312891 0.402083 0.011719 0.020833
7 0.310156 0.407639 0.009375 0.020833
7 0.303906 0.404861 0.009375 0.026389
7 0.293750 0.399306 0.021875 0.031944
7 0.279687 0.400694 0.023438 0.043056
7 0.263281 0.403472 0.032813 0.051389
7 0.242188 0.407639 0.020313 0.056944
7 0.221094 0.409028 0.042188 0.068056
7 0.135937 0.414583 0.109375 0.112500
7 0.748047 0.384722 0.171094 0.100000
3 0.442969 0.406944 0.020313 0.091667
3 0.489453 0.393750 0.019531 0.076389
7 0.928906 0.364583 0.137500 0.106944
3 0.985156 0.297222 0.020313 0.033333
