1 0.184375 0.394444 0.014063 0.063889
1 0.295312 0.397917 0.010937 0.031944
1 0.282031 0.395139 0.007812 0.037500
1 0.270313 0.393056 0.009375 0.030556
1 0.265625 0.507639 0.007812 0.015278
1 0.619141 0.342361 0.014844 0.070833
2 0.694531 0.400694 0.039062 0.029167
2 0.718750 0.313194 0.039062 0.020833
2 0.740234 0.229861 0.036719 0.112500
2 0.215625 0.406250 0.009375 0.031944
2 0.164844 0.375000 0.012500 0.027778
3 0.221875 0.560417 0.017188 0.051389
5 0.199219 0.537500 0.062500 0.072222
2 0.157031 0.434028 0.023438 0.012500
2 0.265234 0.479167 0.008594 0.011111
7 0.272656 0.579861 0.048438 0.081944
7 0.088672 0.561806 0.177344 0.312500
7 0.652344 0.562500 0.062500 0.058333
7 0.688281 0.550000 0.054688 0.030556
7 0.733594 0.566667 0.070312 0.063889
7 0.799219 0.562500 0.060937 0.072222
7 0.855078 0.568750 0.069531 0.070833
7 0.913281 0.547222 0.034375 0.052778
7 0.955859 0.563889 0.085156 0.069444
5 0.478125 0.659028 0.410938 0.540278
