7 0.336328 0.473611 0.032031 0.038889
7 0.297266 0.474306 0.052344 0.048611
7 0.500781 0.461111 0.028125 0.066667
7 0.651563 0.459722 0.068750 0.102778
7 0.540625 0.475000 0.071875 0.108333
3 0.914062 0.491667 0.040625 0.163889
1 0.844922 0.244444 0.032031 0.091667
1 0.853516 0.343056 0.028906 0.041667
2 0.828906 0.161111 0.062500 0.038889
2 0.706641 0.054861 0.061719 0.079167
2 0.618359 0.065278 0.092969 0.050000
1 0.558984 0.029861 0.032031 0.059722
1 0.385547 0.025000 0.030469 0.050000
1 0.014453 0.335417 0.016406 0.059722
1 0.007422 0.189583 0.014844 0.084722
1 0.021094 0.403472 0.012500 0.034722
2 0.614844 0.335417 0.025000 0.045833
2 0.429297 0.436111 0.017969 0.027778
