2 0.575781 0.111111 0.045312 0.155556
2 0.567969 0.016667 0.029687 0.033333
1 0.701172 0.166667 0.039844 0.138889
2 0.712891 0.268750 0.030469 0.015278
1 0.916406 0.294444 0.015625 0.038889
1 0.899609 0.345833 0.013281 0.019444
1 0.871094 0.320139 0.017188 0.031944
1 0.783984 0.327778 0.011719 0.038889
1 0.783984 0.368750 0.011719 0.020833
2 0.627734 0.084722 0.114844 0.169444
1 0.572656 0.216667 0.014063 0.050000
7 0.345703 0.488194 0.077344 0.068056
7 0.467187 0.462500 0.060937 0.075000
2 0.505469 0.454861 0.012500 0.023611
2 0.794531 0.451389 0.025000 0.033333
7 0.317969 0.479167 0.082812 0.088889
7 0.410156 0.472222 0.054688 0.052778
7 0.436719 0.452083 0.020313 0.023611
7 0.504297 0.457639 0.025781 0.045833
7 0.567187 0.446528 0.017188 0.018056
7 0.719922 0.443750 0.033594 0.043056
7 0.682422 0.435417 0.039844 0.040278
7 0.666797 0.429861 0.010156 0.020833
7 0.600000 0.438889 0.004687 0.016667
7 0.586328 0.445833 0.013281 0.008333
2 0.486719 0.402083 0.009375 0.012500
7 0.486328 0.415972 0.007031 0.009722
7 0.658984 0.433333 0.005469 0.027778
