1 0.614844 0.420139 0.007812 0.026389
1 0.588672 0.431250 0.007031 0.018056
1 0.785937 0.479167 0.009375 0.016667
1 0.721094 0.437500 0.006250 0.016667
1 0.714844 0.438889 0.006250 0.016667
1 0.683984 0.428472 0.005469 0.020833
1 0.837500 0.469444 0.009375 0.016667
1 0.795312 0.456944 0.009375 0.022222
1 0.283203 0.413194 0.008594 0.034722
1 0.241797 0.370833 0.010156 0.019444
1 0.326172 0.429167 0.005469 0.019444
2 0.668359 0.464583 0.016406 0.023611
2 0.751172 0.415278 0.017969 0.016667
2 0.751563 0.442361 0.010937 0.015278
2 0.830469 0.452083 0.009375 0.015278
2 0.824609 0.408333 0.010156 0.030556
7 0.393750 0.548611 0.012500 0.016667
7 0.373828 0.552778 0.017969 0.019444
7 0.338281 0.549306 0.035937 0.040278
7 0.265625 0.570833 0.042188 0.038889
7 0.133594 0.584722 0.065625 0.083333
7 0.474219 0.549306 0.014063 0.029167
7 0.538672 0.542361 0.017969 0.026389
7 0.632422 0.549306 0.041406 0.034722
7 0.672656 0.552778 0.051562 0.047222
7 0.731641 0.539583 0.071094 0.073611
7 0.783594 0.524306 0.035937 0.043056
7 0.825391 0.557639 0.133594 0.079167
0 0.582812 0.529167 0.037500 0.052778
7 0.417187 0.550694 0.014063 0.026389
7 0.449609 0.560417 0.044531 0.065278
7 0.977734 0.524306 0.041406 0.045833
7 0.055859 0.603472 0.111719 0.101389
