1 0.727344 0.447917 0.031250 0.048611
1 0.417187 0.028472 0.028125 0.054167
1 0.382812 0.036111 0.035937 0.072222
1 0.448047 0.527083 0.005469 0.023611
1 0.332031 0.529861 0.004687 0.020833
1 0.452734 0.527778 0.007031 0.036111
1 0.487500 0.575694 0.004687 0.018056
1 0.379297 0.570139 0.005469 0.020833
7 0.369531 0.604861 0.020313 0.020833
7 0.349609 0.607639 0.011719 0.020833
7 0.328516 0.608333 0.022656 0.027778
7 0.294531 0.611111 0.020313 0.041667
7 0.272266 0.619444 0.022656 0.050000
7 0.249609 0.620833 0.019531 0.061111
7 0.221484 0.625000 0.044531 0.069444
5 0.167187 0.616667 0.053125 0.086111
5 0.432812 0.592361 0.029687 0.045833
7 0.471875 0.599306 0.010937 0.037500
7 0.482422 0.598611 0.013281 0.030556
7 0.492188 0.601389 0.012500 0.033333
7 0.501953 0.606250 0.017969 0.045833
7 0.458594 0.602778 0.015625 0.030556
7 0.519922 0.607639 0.038281 0.068056
7 0.544922 0.610417 0.035156 0.081944
7 0.601172 0.631944 0.110156 0.125000
