1 0.538281 0.068056 0.034375 0.130556
1 0.981250 0.393056 0.020313 0.061111
1 0.284375 0.371528 0.023438 0.112500
1 0.045312 0.200694 0.026562 0.090278
2 0.045312 0.141667 0.017188 0.030556
2 0.284375 0.289583 0.023438 0.040278
2 0.289453 0.456944 0.027344 0.050000
2 0.290625 0.499306 0.028125 0.045833
1 0.694141 0.431944 0.019531 0.061111
2 0.333984 0.514583 0.017969 0.015278
3 0.748437 0.572222 0.020313 0.072222
3 0.763281 0.562500 0.021875 0.091667
3 0.806641 0.546528 0.014844 0.098611
3 0.926562 0.578472 0.040625 0.159722
3 0.878516 0.586111 0.049219 0.141667
7 0.341406 0.552083 0.012500 0.018056
7 0.281250 0.560417 0.017188 0.023611
7 0.270703 0.550694 0.017969 0.031944
7 0.348438 0.565972 0.021875 0.037500
7 0.375000 0.572917 0.034375 0.051389
7 0.653125 0.584722 0.175000 0.102778
7 0.414062 0.581944 0.059375 0.088889
0 0.163672 0.539583 0.197656 0.198611
7 0.044141 0.570139 0.028906 0.034722
7 0.004297 0.578472 0.008594 0.040278
