2 0.900000 0.129861 0.057813 0.145833
2 0.809766 0.143056 0.032031 0.044444
2 0.598828 0.259028 0.024219 0.018056
2 0.555469 0.325694 0.012500 0.023611
2 0.407813 0.286806 0.018750 0.012500
1 0.529297 0.240972 0.008594 0.026389
7 0.460547 0.257639 0.005469 0.023611
1 0.466797 0.255556 0.005469 0.030556
1 0.520312 0.242361 0.007812 0.031944
1 0.453906 0.254861 0.007812 0.026389
7 0.575391 0.388194 0.060156 0.104167
7 0.538281 0.443056 0.001563 0.011111
7 0.625000 0.413889 0.098437 0.138889
7 0.378125 0.381250 0.042188 0.065278
7 0.308984 0.413889 0.157031 0.202778
7 0.471094 0.413194 0.164062 0.265278
7 0.827344 0.443750 0.343750 0.406944
7 0.066406 0.510417 0.129688 0.387500
7 0.249609 0.359028 0.016406 0.034722
7 0.155078 0.361806 0.092969 0.054167
7 0.080078 0.360417 0.057031 0.045833
7 0.229297 0.378472 0.025781 0.029167
1 0.364063 0.304167 0.018750 0.027778
1 0.603125 0.302083 0.010937 0.015278
1 0.594531 0.298611 0.010937 0.019444
