2 0.736328 0.176389 0.028906 0.058333
2 0.735547 0.220139 0.027344 0.023611
2 0.739844 0.286806 0.015625 0.018056
2 0.746484 0.310417 0.019531 0.020833
2 0.728906 0.340972 0.020313 0.020833
2 0.447266 0.428472 0.008594 0.020833
2 0.021094 0.266667 0.031250 0.061111
2 0.062891 0.275694 0.017969 0.023611
2 0.137500 0.294444 0.020313 0.027778
2 0.134766 0.320833 0.039844 0.025000
2 0.200391 0.347222 0.024219 0.027778
2 0.200391 0.318056 0.027344 0.025000
2 0.328125 0.402083 0.012500 0.015278
1 0.341797 0.265972 0.014844 0.026389
1 0.366797 0.383333 0.010156 0.019444
1 0.544922 0.304167 0.011719 0.041667
1 0.415234 0.396528 0.011719 0.015278
1 0.376172 0.414583 0.011719 0.020833
1 0.534766 0.293056 0.010156 0.033333
2 0.548828 0.281944 0.013281 0.044444
1 0.727734 0.300694 0.011719 0.048611
5 0.429688 0.443750 0.028125 0.065278
5 0.604297 0.463194 0.242969 0.331944
7 0.455469 0.450000 0.026562 0.036111
7 0.473047 0.454861 0.025781 0.045833
7 0.476562 0.463194 0.021875 0.040278
7 0.491406 0.465972 0.023438 0.045833
7 0.697266 0.482639 0.113281 0.201389
7 0.842578 0.538889 0.194531 0.205556
7 0.353125 0.436806 0.020313 0.023611
7 0.340234 0.439583 0.025781 0.023611
7 0.322656 0.438889 0.015625 0.033333
7 0.306250 0.437500 0.037500 0.033333
7 0.283203 0.435417 0.042969 0.040278
7 0.250781 0.427778 0.070312 0.072222
7 0.178516 0.424306 0.067969 0.073611
7 0.143359 0.421528 0.086719 0.090278
7 0.090234 0.425694 0.094531 0.112500
7 0.026953 0.440972 0.053906 0.151389
7 0.938281 0.534722 0.117188 0.394444
7 0.386328 0.459722 0.058594 0.088889
