2 0.420703 0.231944 0.016406 0.030556
2 0.273438 0.211111 0.014063 0.030556
2 0.316406 0.216667 0.009375 0.016667
1 0.394531 0.222222 0.007812 0.016667
7 0.382422 0.265972 0.016406 0.012500
7 0.394141 0.270833 0.007031 0.025000
7 0.400391 0.277778 0.008594 0.030556
7 0.411719 0.284722 0.023438 0.041667
7 0.436719 0.294444 0.067187 0.069444
7 0.512891 0.303472 0.103906 0.104167
7 0.550781 0.355556 0.150000 0.186111
7 0.311719 0.269444 0.015625 0.019444
7 0.302734 0.267361 0.007031 0.023611
7 0.289453 0.272222 0.036719 0.033333
7 0.289062 0.293750 0.032813 0.054167
7 0.269141 0.293750 0.025781 0.070833
7 0.241016 0.293750 0.067969 0.093056
7 0.134766 0.320139 0.127344 0.165278
7 0.063672 0.293750 0.127344 0.176389
7 0.094531 0.498611 0.189062 0.472222
7 0.770312 0.445833 0.454688 0.538889
3 0.669531 0.422222 0.118750 0.486111
3 0.453125 0.300000 0.031250 0.066667
3 0.352344 0.338889 0.115625 0.166667
