2 0.020313 0.422222 0.035937 0.063889
2 0.021094 0.487500 0.040625 0.061111
2 0.526953 0.467361 0.033594 0.059722
7 0.162891 0.656944 0.169531 0.213889
7 0.979688 0.640278 0.037500 0.144444
7 0.912891 0.634722 0.169531 0.183333
5 0.826172 0.608333 0.163281 0.161111
7 0.605078 0.600694 0.036719 0.031944
7 0.572266 0.605556 0.055469 0.036111
7 0.502344 0.608333 0.029687 0.030556
7 0.326172 0.559722 0.013281 0.016667
7 0.350391 0.563194 0.011719 0.015278
7 0.305078 0.591667 0.035156 0.038889
7 0.283594 0.640278 0.098437 0.086111
7 0.082812 0.636806 0.023438 0.079167
7 0.069531 0.613194 0.053125 0.051389
