2 0.160938 0.285417 0.032813 0.026389
3 0.160938 0.395833 0.010937 0.038889
3 0.152734 0.395833 0.011719 0.044444
3 0.142187 0.434722 0.014063 0.119444
3 0.122266 0.404861 0.014844 0.070833
3 0.097656 0.409722 0.020313 0.100000
3 0.065625 0.402083 0.023438 0.106944
3 0.047266 0.402083 0.017969 0.093056
3 0.018750 0.389583 0.026562 0.101389
1 0.131250 0.319444 0.009375 0.025000
1 0.372656 0.218056 0.007812 0.044444
1 0.652344 0.231944 0.010937 0.055556
1 0.635156 0.231250 0.012500 0.054167
2 0.473438 0.425000 0.009375 0.019444
3 0.459766 0.465972 0.003906 0.023611
3 0.468359 0.465278 0.005469 0.025000
3 0.485547 0.468056 0.007031 0.027778
3 0.495703 0.470833 0.007031 0.033333
7 0.269141 0.464583 0.275781 0.340278
5 0.428516 0.434028 0.064844 0.131944
7 0.513672 0.486111 0.027344 0.075000
7 0.663281 0.520833 0.325000 0.366667
7 0.934766 0.575000 0.128906 0.211111
3 0.828906 0.548611 0.012500 0.100000
