2 0.779687 0.061806 0.048438 0.034722
2 0.732031 0.127083 0.159375 0.095833
7 0.195703 0.371528 0.022656 0.020833
7 0.166797 0.362500 0.022656 0.013889
5 0.129297 0.352083 0.038281 0.020833
7 0.087109 0.347917 0.021094 0.015278
7 0.220312 0.377083 0.017188 0.023611
7 0.241406 0.375694 0.017188 0.026389
7 0.204687 0.388889 0.043750 0.027778
7 0.316016 0.392361 0.044531 0.020833
7 0.371484 0.385417 0.032031 0.026389
7 0.396484 0.388889 0.024219 0.019444
7 0.476172 0.404167 0.017969 0.022222
7 0.809375 0.419444 0.084375 0.080556
5 0.353125 0.379861 0.031250 0.037500
5 0.277344 0.376389 0.062500 0.044444
5 0.533203 0.347222 0.107031 0.211111
7 0.428906 0.407639 0.040625 0.056944
7 0.615625 0.404167 0.050000 0.052778
5 0.917969 0.447917 0.162500 0.276389
7 0.657813 0.395833 0.018750 0.022222
