2 0.711328 0.404167 0.094531 0.119444
7 0.853516 0.406944 0.038281 0.025000
7 0.898828 0.389583 0.052344 0.043056
7 0.962500 0.374306 0.067187 0.051389
7 0.107422 0.479167 0.049219 0.019444
7 0.193359 0.471528 0.050781 0.020833
5 0.289062 0.458333 0.068750 0.025000
7 0.404687 0.451389 0.028125 0.013889
7 0.446484 0.444444 0.047656 0.022222
7 0.486328 0.445833 0.030469 0.013889
5 0.170703 0.553472 0.014844 0.026389
5 0.189062 0.552778 0.020313 0.025000
7 0.235156 0.561806 0.012500 0.012500
7 0.247656 0.577083 0.021875 0.015278
7 0.267969 0.590278 0.035937 0.047222
7 0.448437 0.573611 0.023438 0.044444
7 0.425000 0.567361 0.020313 0.029167
7 0.140234 0.594444 0.039844 0.025000
7 0.094922 0.598611 0.049219 0.027778
7 0.368750 0.569444 0.018750 0.016667
7 0.307031 0.597222 0.060937 0.069444
7 0.403125 0.589583 0.076563 0.106944
7 0.202344 0.620833 0.120313 0.116667
7 0.065234 0.795833 0.128906 0.305556
7 0.014063 0.592361 0.025000 0.020833
7 0.029297 0.604167 0.033594 0.022222
7 0.571094 0.601389 0.250000 0.447222
