1 0.534375 0.552083 0.018750 0.065278
1 0.400000 0.550694 0.015625 0.090278
1 0.154688 0.541667 0.012500 0.080556
7 0.827344 0.781250 0.046875 0.051389
7 0.866406 0.772222 0.067187 0.052778
7 0.917188 0.761111 0.162500 0.469444
7 0.064062 0.908333 0.128125 0.177778
7 0.163281 0.877778 0.090625 0.122222
7 0.271875 0.856944 0.053125 0.063889
7 0.369922 0.836111 0.011719 0.033333
5 0.415234 0.775694 0.092969 0.223611
7 0.479687 0.822917 0.026562 0.029167
7 0.501953 0.819444 0.019531 0.036111
7 0.530469 0.806250 0.037500 0.045833
7 0.574219 0.803472 0.081250 0.070833
7 0.582812 0.807639 0.070312 0.059722
7 0.644531 0.801389 0.107813 0.072222
7 0.656641 0.819444 0.088281 0.086111
7 0.655859 0.824306 0.033594 0.040278
3 0.709375 0.796528 0.017188 0.106944
2 0.680469 0.690972 0.032813 0.018056
2 0.696875 0.622917 0.020313 0.020833
2 0.703125 0.642361 0.018750 0.023611
7 0.737891 0.803472 0.113281 0.070833
1 0.181641 0.531944 0.017969 0.061111
1 0.417578 0.542361 0.011719 0.048611
7 0.338672 0.839583 0.022656 0.026389
7 0.310547 0.844444 0.024219 0.025000
