7 0.025781 0.422222 0.051562 0.097222
7 0.052344 0.435417 0.093750 0.093056
7 0.478125 0.390972 0.031250 0.062500
7 0.506641 0.409722 0.053906 0.069444
7 0.431641 0.391667 0.016406 0.041667
3 0.963281 0.411111 0.034375 0.200000
3 0.988672 0.406250 0.019531 0.156944
3 0.804688 0.406250 0.034375 0.162500
3 0.716797 0.385417 0.021094 0.106944
3 0.766406 0.438194 0.048438 0.259722
3 0.839844 0.404861 0.040625 0.159722
2 0.689844 0.175000 0.048438 0.027778
1 0.715234 0.252778 0.025781 0.038889
7 0.276953 0.404861 0.025781 0.037500
6 0.565625 0.409028 0.028125 0.076389
