2 0.666016 0.389583 0.038281 0.070833
2 0.854688 0.472222 0.015625 0.019444
2 0.741406 0.465278 0.017188 0.011111
2 0.505859 0.483333 0.014844 0.011111
2 0.472656 0.472222 0.006250 0.011111
2 0.257031 0.475000 0.012500 0.011111
1 0.401953 0.476389 0.005469 0.013889
1 0.366406 0.486806 0.006250 0.015278
1 0.321484 0.470833 0.003906 0.013889
7 0.367188 0.515278 0.009375 0.013889
7 0.376172 0.514583 0.010156 0.012500
7 0.382812 0.511806 0.007812 0.006944
7 0.358594 0.514583 0.007812 0.012500
7 0.350000 0.514583 0.010937 0.012500
7 0.338672 0.514583 0.011719 0.012500
7 0.322656 0.514583 0.010937 0.012500
7 0.312500 0.514583 0.010937 0.012500
7 0.300000 0.514583 0.017188 0.015278
7 0.289062 0.514583 0.007812 0.012500
7 0.275000 0.512500 0.012500 0.016667
7 0.262109 0.515972 0.011719 0.012500
7 0.199219 0.515278 0.023438 0.019444
7 0.169141 0.518056 0.013281 0.013889
7 0.144531 0.509722 0.031250 0.027778
7 0.121484 0.517361 0.022656 0.023611
7 0.064062 0.516667 0.029687 0.033333
7 0.033594 0.515972 0.042188 0.034722
7 0.408594 0.511806 0.006250 0.012500
7 0.415234 0.515972 0.005469 0.012500
7 0.421875 0.515278 0.007812 0.011111
7 0.404687 0.512500 0.006250 0.013889
7 0.382422 0.529167 0.024219 0.038889
7 0.463281 0.519444 0.004687 0.013889
7 0.467578 0.521528 0.008594 0.015278
7 0.476172 0.524306 0.008594 0.015278
7 0.482812 0.524306 0.007812 0.015278
7 0.489063 0.526389 0.006250 0.013889
7 0.495703 0.529167 0.011719 0.016667
7 0.508984 0.531250 0.010156 0.020833
7 0.548047 0.562500 0.088281 0.130556
5 0.603906 0.520139 0.060937 0.098611
5 0.981641 0.537500 0.032031 0.080556
7 0.960547 0.563889 0.028906 0.036111
3 0.946875 0.575694 0.012500 0.065278
