2 0.076953 0.439583 0.021094 0.034722
2 0.539062 0.440278 0.028125 0.025000
2 0.857031 0.367361 0.054688 0.093056
2 0.862891 0.467361 0.055469 0.112500
7 0.271484 0.502083 0.017969 0.018056
7 0.332031 0.502083 0.018750 0.020833
7 0.392188 0.504167 0.014063 0.016667
7 0.408594 0.504167 0.014063 0.016667
7 0.423047 0.506250 0.013281 0.015278
7 0.439844 0.505556 0.017188 0.016667
7 0.667578 0.506250 0.013281 0.020833
7 0.633594 0.506250 0.035937 0.020833
7 0.632422 0.536806 0.030469 0.040278
7 0.829688 0.510417 0.014063 0.009722
7 0.815234 0.512500 0.013281 0.011111
7 0.792578 0.509722 0.011719 0.008333
7 0.778516 0.509722 0.011719 0.011111
7 0.764453 0.510417 0.019531 0.023611
7 0.720703 0.504861 0.067969 0.029167
7 0.739453 0.537500 0.041406 0.041667
7 0.851562 0.540278 0.068750 0.052778
7 0.798047 0.544444 0.052344 0.041667
7 0.142187 0.513889 0.140625 0.080556
7 0.489844 0.525000 0.131250 0.072222
7 0.681641 0.540278 0.094531 0.052778
7 0.908594 0.534722 0.028125 0.052778
7 0.950391 0.540278 0.057031 0.058333
7 0.985547 0.537500 0.027344 0.050000
0 0.362109 0.502083 0.049219 0.098611
0 0.478516 0.493056 0.053906 0.066667
0 0.539453 0.506250 0.050781 0.090278
0 0.590625 0.511111 0.060937 0.091667
