7 0.330859 0.536111 0.038281 0.055556
7 0.214062 0.544444 0.064062 0.097222
7 0.175781 0.561111 0.100000 0.130556
7 0.089063 0.572917 0.142187 0.184722
7 0.465625 0.534722 0.012500 0.025000
7 0.478906 0.537500 0.020313 0.038889
7 0.821875 0.565972 0.154688 0.106944
7 0.324219 0.544444 0.021875 0.052778
1 0.455859 0.521528 0.007031 0.026389
1 0.507031 0.464583 0.010937 0.029167
2 0.173828 0.434722 0.019531 0.052778
7 0.396875 0.582639 0.129688 0.204167
2 0.535156 0.463889 0.015625 0.019444
7 0.642969 0.634722 0.435937 0.522222
7 0.917578 0.651389 0.164844 0.394444
7 0.020313 0.584028 0.039062 0.245833
7 0.276953 0.559722 0.105469 0.133333
2 0.337891 0.471528 0.016406 0.015278
7 0.685937 0.467361 0.051562 0.065278
