7 0.336328 0.675000 0.132031 0.230556
7 0.580859 0.724306 0.127344 0.187500
3 0.652344 0.661806 0.028125 0.106944
3 0.630469 0.652083 0.025000 0.087500
3 0.907813 0.636806 0.060937 0.223611
3 0.870703 0.685417 0.028906 0.154167
3 0.833203 0.676389 0.060156 0.172222
7 0.413281 0.685417 0.032813 0.040278
7 0.440234 0.681944 0.028906 0.038889
7 0.461328 0.677778 0.016406 0.022222
7 0.494141 0.675694 0.027344 0.045833
7 0.526953 0.674306 0.038281 0.068056
2 0.559766 0.595833 0.019531 0.036111
2 0.602344 0.573611 0.012500 0.016667
2 0.603906 0.596528 0.020313 0.023611
