7 0.325000 0.365278 0.010937 0.013889
7 0.337109 0.364583 0.013281 0.015278
7 0.357422 0.370833 0.027344 0.033333
0 0.299609 0.350694 0.036719 0.076389
7 0.046484 0.346528 0.036719 0.023611
7 0.008984 0.347222 0.017969 0.019444
7 0.032813 0.391667 0.065625 0.091667
0 0.162891 0.311111 0.235156 0.300000
7 0.387109 0.372917 0.035156 0.059722
7 0.402344 0.376389 0.029687 0.052778
7 0.405469 0.395833 0.018750 0.069444
7 0.433594 0.388889 0.062500 0.083333
7 0.442969 0.407639 0.046875 0.093056
7 0.498047 0.413194 0.092969 0.104167
5 0.768750 0.377083 0.457813 0.751389
