2 0.243750 0.414583 0.009375 0.015278
7 0.219531 0.443056 0.014063 0.019444
7 0.201563 0.445833 0.018750 0.013889
7 0.173047 0.443056 0.016406 0.008333
7 0.143750 0.443056 0.043750 0.019444
7 0.051562 0.453472 0.078125 0.048611
7 0.006250 0.465972 0.012500 0.037500
2 0.107422 0.391667 0.042969 0.069444
7 0.236719 0.468056 0.035937 0.069444
1 0.317188 0.327778 0.010937 0.030556
1 0.372656 0.384028 0.007812 0.018056
1 0.460156 0.325694 0.009375 0.040278
1 0.433594 0.387500 0.009375 0.019444
7 0.405469 0.429167 0.010937 0.019444
7 0.397266 0.435417 0.013281 0.020833
7 0.391406 0.439583 0.020313 0.029167
7 0.377344 0.447222 0.021875 0.058333
7 0.457031 0.436806 0.020313 0.018056
7 0.443359 0.439583 0.019531 0.020833
7 0.420703 0.429167 0.019531 0.013889
7 0.421875 0.460417 0.040625 0.048611
2 0.460547 0.350694 0.017969 0.020833
2 0.452344 0.315972 0.043750 0.040278
2 0.425391 0.347917 0.046094 0.023611
2 0.577734 0.286111 0.017969 0.027778
2 0.576172 0.355556 0.016406 0.011111
2 0.614062 0.349306 0.009375 0.023611
2 0.575781 0.319444 0.009375 0.019444
2 0.534766 0.369444 0.017969 0.008333
2 0.505078 0.372917 0.008594 0.018056
2 0.539062 0.386806 0.009375 0.012500
1 0.538281 0.401389 0.007812 0.025000
1 0.582812 0.386806 0.010937 0.020833
5 0.624219 0.431944 0.051562 0.080556
7 0.311328 0.486111 0.155469 0.211111
7 0.833203 0.577083 0.328906 0.576389
