7 0.481250 0.442361 0.009375 0.018056
7 0.447656 0.439583 0.007812 0.023611
7 0.440625 0.438194 0.009375 0.026389
7 0.435937 0.443056 0.012500 0.030556
7 0.423438 0.443750 0.020313 0.037500
7 0.418359 0.447917 0.019531 0.037500
7 0.390625 0.450000 0.043750 0.072222
7 0.380078 0.464583 0.046094 0.070833
7 0.325391 0.475694 0.078906 0.109722
7 0.269922 0.450694 0.060156 0.051389
7 0.223438 0.450694 0.026562 0.037500
7 0.488672 0.440278 0.011719 0.025000
7 0.503906 0.442361 0.023438 0.040278
7 0.516016 0.450694 0.028906 0.045833
7 0.523047 0.457639 0.019531 0.056944
7 0.550781 0.461111 0.056250 0.086111
7 0.587109 0.484028 0.078906 0.112500
7 0.693750 0.523611 0.192188 0.241667
7 0.842969 0.662500 0.312500 0.444444
7 0.055859 0.639583 0.111719 0.276389
