2 0.037500 0.511111 0.025000 0.036111
2 0.079297 0.498611 0.008594 0.033333
2 0.610156 0.484028 0.034375 0.015278
2 0.680469 0.504167 0.014063 0.013889
2 0.771094 0.422222 0.015625 0.058333
1 0.574609 0.485417 0.007031 0.029167
1 0.567578 0.486806 0.007031 0.029167
1 0.661328 0.552083 0.008594 0.018056
1 0.671875 0.555556 0.010937 0.016667
7 0.153516 0.611806 0.142969 0.118056
0 0.239063 0.565972 0.054688 0.081944
7 0.502344 0.606944 0.023438 0.027778
7 0.534375 0.611806 0.012500 0.020833
7 0.548828 0.615278 0.022656 0.022222
7 0.618750 0.603472 0.060937 0.056944
7 0.735156 0.629167 0.164062 0.166667
2 0.064062 0.358333 0.015625 0.041667
2 0.075781 0.334722 0.010937 0.047222
7 0.025781 0.603472 0.051562 0.079167
7 0.366016 0.597917 0.269531 0.254167
