2 0.458984 0.282639 0.010156 0.048611
2 0.945312 0.238889 0.017188 0.072222
1 0.967187 0.243750 0.015625 0.070833
1 0.446094 0.281944 0.015625 0.055556
1 0.246875 0.413889 0.014063 0.030556
2 0.570703 0.406250 0.049219 0.031944
1 0.263281 0.317361 0.026562 0.068056
1 0.235937 0.320833 0.028125 0.058333
1 0.479297 0.452083 0.007031 0.015278
1 0.445312 0.454167 0.007812 0.013889
7 0.459375 0.508333 0.017188 0.036111
7 0.473438 0.506944 0.010937 0.019444
7 0.482422 0.510417 0.013281 0.026389
7 0.493750 0.509722 0.017188 0.050000
7 0.575781 0.534722 0.042188 0.061111
7 0.524609 0.512500 0.063281 0.116667
7 0.426563 0.506944 0.050000 0.091667
3 0.387109 0.527778 0.016406 0.088889
3 0.332422 0.517361 0.013281 0.093056
3 0.705469 0.550694 0.223438 0.315278
3 0.299609 0.558333 0.019531 0.180556
3 0.260156 0.540278 0.035937 0.183333
0 0.116797 0.443056 0.232031 0.286111
2 0.756250 0.406250 0.021875 0.012500
2 0.743750 0.434722 0.021875 0.013889
