2 0.525000 0.530556 0.009375 0.025000
2 0.286719 0.485417 0.014063 0.012500
2 0.281641 0.495139 0.019531 0.009722
2 0.498047 0.556250 0.007031 0.015278
2 0.507422 0.526389 0.010156 0.011111
7 0.808594 0.577083 0.132812 0.073611
7 0.357422 0.597222 0.036719 0.038889
7 0.419531 0.591667 0.028125 0.027778
7 0.520312 0.591667 0.029687 0.041667
7 0.558594 0.574306 0.029687 0.037500
7 0.379688 0.593750 0.007812 0.031944
7 0.497656 0.586111 0.014063 0.030556
7 0.487109 0.581944 0.005469 0.022222
7 0.482812 0.577778 0.010937 0.013889
7 0.442188 0.576389 0.009375 0.011111
7 0.450781 0.572917 0.009375 0.009722
