2 0.136719 0.465278 0.037500 0.022222
7 0.155469 0.565972 0.010937 0.012500
7 0.140234 0.564583 0.008594 0.015278
7 0.123438 0.563194 0.012500 0.018056
7 0.058984 0.566667 0.010156 0.013889
7 0.070703 0.566667 0.010156 0.013889
7 0.017578 0.581944 0.035156 0.058333
7 0.325000 0.568750 0.023438 0.029167
7 0.597266 0.557639 0.013281 0.018056
7 0.637891 0.561806 0.021094 0.020833
7 0.657422 0.561111 0.021094 0.030556
7 0.672656 0.559722 0.015625 0.027778
7 0.685156 0.560417 0.012500 0.026389
7 0.703125 0.565278 0.018750 0.022222
7 0.723437 0.561806 0.026562 0.026389
7 0.748828 0.562500 0.017969 0.022222
7 0.792188 0.559722 0.025000 0.036111
