1 0.542578 0.596528 0.007031 0.018056
1 0.466406 0.604861 0.006250 0.018056
5 0.503906 0.626389 0.010937 0.022222
7 0.494922 0.643056 0.011719 0.025000
7 0.462500 0.651389 0.009375 0.027778
2 0.357031 0.572917 0.010937 0.012500
2 0.365234 0.588889 0.014844 0.011111
2 0.555859 0.596528 0.014844 0.009722
2 0.158594 0.575000 0.021875 0.033333
2 0.158594 0.548611 0.014063 0.013889
2 0.008594 0.543056 0.017188 0.055556
7 0.451953 0.646528 0.008594 0.018056
7 0.445312 0.652083 0.009375 0.026389
7 0.437109 0.654167 0.007031 0.022222
7 0.430469 0.652083 0.012500 0.026389
7 0.421484 0.647917 0.011719 0.026389
7 0.411328 0.652083 0.010156 0.034722
7 0.392578 0.654167 0.033594 0.038889
7 0.313672 0.652083 0.067969 0.084722
5 0.546094 0.638194 0.017188 0.045833
5 0.568359 0.626389 0.013281 0.025000
7 0.551953 0.648611 0.013281 0.027778
7 0.570703 0.657639 0.022656 0.031944
7 0.595313 0.665972 0.040625 0.070833
7 0.606250 0.675000 0.039062 0.072222
7 0.621484 0.683333 0.033594 0.075000
7 0.672266 0.685417 0.096094 0.134722
7 0.717187 0.718750 0.095312 0.143056
7 0.848828 0.750000 0.235156 0.280556
7 0.930859 0.801389 0.138281 0.391667
7 0.063281 0.721528 0.126562 0.151389
7 0.037500 0.631944 0.048438 0.027778
2 0.609375 0.610417 0.010937 0.023611
7 0.508984 0.645833 0.016406 0.030556
7 0.480078 0.653472 0.022656 0.029167
