2 0.528125 0.284028 0.045312 0.018056
2 0.521875 0.329861 0.071875 0.065278
2 0.571094 0.408333 0.014063 0.036111
2 0.717187 0.313889 0.012500 0.050000
3 0.983594 0.584722 0.010937 0.027778
3 0.883203 0.647917 0.008594 0.034722
3 0.875391 0.643750 0.007031 0.037500
7 0.988281 0.681250 0.020313 0.051389
7 0.947266 0.670139 0.055469 0.056944
7 0.963281 0.706944 0.051562 0.047222
2 0.827734 0.525694 0.011719 0.015278
7 0.449219 0.472222 0.032813 0.063889
7 0.391406 0.473611 0.053125 0.050000
7 0.553125 0.436111 0.018750 0.025000
7 0.499609 0.497917 0.124219 0.170833
7 0.140234 0.514583 0.280469 0.356944
