2 0.516797 0.470833 0.022656 0.013889
2 0.519922 0.482639 0.024219 0.018056
2 0.420312 0.468750 0.026562 0.018056
2 0.463672 0.468750 0.013281 0.018056
2 0.112109 0.500000 0.014844 0.025000
7 0.164062 0.518750 0.026562 0.020833
7 0.139453 0.520833 0.025781 0.025000
7 0.102344 0.513889 0.053125 0.041667
7 0.290234 0.504861 0.013281 0.020833
7 0.308203 0.511806 0.013281 0.020833
7 0.235547 0.525000 0.044531 0.041667
7 0.237500 0.472917 0.015625 0.012500
7 0.528906 0.502083 0.017188 0.018056
3 0.396094 0.515278 0.012500 0.055556
5 0.356641 0.504167 0.085156 0.105556
