1 0.276172 0.373611 0.010156 0.036111
1 0.332031 0.357639 0.010937 0.037500
1 0.441797 0.412500 0.005469 0.025000
1 0.485156 0.414583 0.004687 0.023611
1 0.318359 0.467361 0.007031 0.023611
2 0.306250 0.371528 0.021875 0.012500
2 0.469922 0.420833 0.014844 0.011111
1 0.589453 0.445833 0.007031 0.033333
3 0.233203 0.527778 0.011719 0.061111
3 0.862891 0.556944 0.017969 0.097222
7 0.225391 0.518056 0.052344 0.033333
7 0.208203 0.536806 0.047656 0.051389
7 0.159375 0.539583 0.059375 0.068056
7 0.428125 0.515278 0.014063 0.055556
7 0.409375 0.518056 0.040625 0.063889
7 0.528516 0.506250 0.014844 0.031944
7 0.085938 0.550000 0.103125 0.077778
7 0.392969 0.529861 0.051562 0.065278
7 0.339844 0.515972 0.020313 0.026389
7 0.465234 0.504167 0.011719 0.016667
7 0.494531 0.510417 0.018750 0.029167
7 0.544922 0.509722 0.024219 0.038889
5 0.725000 0.508333 0.279687 0.300000
