7 0.121875 0.780556 0.243750 0.427778
7 0.812500 0.586806 0.060937 0.070833
7 0.525000 0.660417 0.189062 0.284722
7 0.808984 0.681944 0.377344 0.325000
7 0.803906 0.846528 0.387500 0.295833
8 0.340234 0.670139 0.432031 0.645833
6 0.413281 0.858333 0.604688 0.275000
2 0.593750 0.584722 0.032813 0.077778
2 0.464844 0.393750 0.020313 0.031944
2 0.838281 0.485417 0.023438 0.040278
2 0.189453 0.589583 0.013281 0.029167
7 0.199609 0.626389 0.039844 0.041667
1 0.110547 0.515278 0.013281 0.044444
2 0.445312 0.268750 0.046875 0.115278
2 0.452344 0.348611 0.040625 0.061111
7 0.637109 0.597222 0.052344 0.030556
7 0.780078 0.593750 0.039844 0.023611
