2 0.751172 0.373611 0.022656 0.019444
2 0.989453 0.347222 0.019531 0.052778
7 0.749219 0.400000 0.010937 0.013889
7 0.737891 0.397917 0.007031 0.009722
7 0.699219 0.397222 0.014063 0.019444
7 0.691797 0.409028 0.008594 0.020833
7 0.677734 0.396528 0.011719 0.012500
7 0.660547 0.396528 0.013281 0.012500
7 0.641016 0.404861 0.019531 0.031944
7 0.621484 0.397222 0.011719 0.013889
7 0.691016 0.405556 0.007031 0.025000
7 0.684766 0.408333 0.016406 0.025000
7 0.672266 0.416667 0.011719 0.030556
7 0.656250 0.423611 0.034375 0.044444
7 0.626953 0.421528 0.017969 0.045833
7 0.713281 0.415972 0.028125 0.045833
7 0.462109 0.398611 0.016406 0.016667
7 0.437891 0.394444 0.021094 0.019444
7 0.413281 0.393750 0.023438 0.026389
7 0.368359 0.392361 0.032031 0.023611
7 0.346484 0.394444 0.019531 0.016667
7 0.337109 0.377083 0.021094 0.015278
7 0.299609 0.410417 0.127344 0.156944
7 0.892578 0.393750 0.017969 0.026389
0 0.835938 0.379861 0.029687 0.037500
7 0.764453 0.418056 0.025781 0.041667
7 0.731250 0.432639 0.042188 0.062500
7 0.539453 0.487500 0.192969 0.280556
7 0.161719 0.522917 0.323437 0.323611
7 0.930469 0.463889 0.135937 0.169444
