7 0.323437 0.627083 0.217188 0.148611
7 0.660156 0.611806 0.034375 0.056944
7 0.714844 0.594444 0.079687 0.119444
7 0.770312 0.618750 0.020313 0.034722
7 0.782031 0.633333 0.009375 0.072222
7 0.824219 0.618056 0.079687 0.105556
2 0.154688 0.588194 0.059375 0.101389
2 0.273047 0.106250 0.039844 0.090278
2 0.515234 0.040278 0.052344 0.080556
2 0.835938 0.428472 0.023438 0.029167
2 0.835547 0.465278 0.028906 0.052778
2 0.588672 0.578472 0.021094 0.034722
1 0.462109 0.027083 0.041406 0.040278
3 0.984375 0.598611 0.017188 0.072222
