1 0.004687 0.193750 0.009375 0.043056
1 0.019922 0.188194 0.016406 0.065278
1 0.240625 0.051389 0.020313 0.066667
1 0.217188 0.052083 0.023438 0.065278
1 0.254688 0.069444 0.015625 0.066667
1 0.269922 0.363889 0.016406 0.022222
1 0.318359 0.361806 0.013281 0.026389
1 0.494531 0.289583 0.017188 0.037500
1 0.508984 0.378472 0.016406 0.012500
2 0.496484 0.325694 0.021094 0.018056
2 0.584375 0.025694 0.057813 0.045833
2 0.658203 0.107639 0.033594 0.209722
2 0.582812 0.182639 0.056250 0.040278
1 0.603125 0.241667 0.015625 0.058333
1 0.624609 0.247917 0.027344 0.054167
1 0.573047 0.096528 0.017969 0.084722
5 0.271484 0.394444 0.052344 0.036111
7 0.268750 0.425694 0.018750 0.029167
7 0.046484 0.443056 0.092969 0.144444
5 0.146875 0.497917 0.248438 0.251389
7 0.054688 0.661111 0.109375 0.316667
1 0.436719 0.362500 0.007812 0.019444
7 0.416406 0.565972 0.487500 0.420833
7 0.949219 0.470139 0.096875 0.109722
7 0.850000 0.481250 0.154688 0.123611
7 0.755859 0.440278 0.080469 0.050000
7 0.625781 0.469444 0.031250 0.075000
3 0.572266 0.429861 0.022656 0.043056
3 0.645312 0.476389 0.032813 0.144444
3 0.680078 0.475694 0.036719 0.154167
3 0.697656 0.485417 0.015625 0.093056
3 0.714453 0.502083 0.017969 0.093056
3 0.754297 0.479861 0.013281 0.120833
3 0.879687 0.458333 0.034375 0.163889
3 0.850000 0.454167 0.042188 0.197222
3 0.772266 0.461806 0.032031 0.159722
3 0.736719 0.465972 0.037500 0.176389
