2 0.462891 0.200000 0.021094 0.016667
2 0.463672 0.230556 0.030469 0.044444
2 0.469141 0.307639 0.036719 0.054167
2 0.479297 0.338194 0.010156 0.012500
2 0.479297 0.351389 0.007031 0.011111
2 0.448047 0.295833 0.007031 0.016667
2 0.151562 0.334722 0.015625 0.022222
2 0.803906 0.396528 0.014063 0.062500
2 0.701172 0.402778 0.010156 0.022222
7 0.487109 0.390278 0.010156 0.011111
7 0.477734 0.390278 0.011719 0.016667
7 0.457031 0.395833 0.015625 0.011111
7 0.442188 0.393056 0.014063 0.016667
7 0.409375 0.402778 0.026562 0.038889
7 0.513672 0.386806 0.016406 0.012500
7 0.590234 0.433333 0.024219 0.016667
7 0.613672 0.431250 0.025781 0.020833
7 0.658984 0.407639 0.072656 0.079167
7 0.890625 0.435417 0.175000 0.115278
7 0.313672 0.390972 0.021094 0.018056
7 0.378516 0.409722 0.042969 0.063889
7 0.269531 0.418750 0.065625 0.087500
7 0.096094 0.420139 0.107813 0.106944
2 0.643750 0.320833 0.012500 0.019444
2 0.642188 0.338194 0.007812 0.012500
2 0.643359 0.355556 0.008594 0.016667
2 0.571094 0.411111 0.006250 0.011111
