2 0.654297 0.263889 0.014844 0.025000
2 0.675391 0.266667 0.017969 0.025000
2 0.800781 0.334722 0.010937 0.019444
2 0.864062 0.295139 0.012500 0.034722
2 0.801562 0.352778 0.009375 0.008333
2 0.374219 0.254861 0.037500 0.054167
2 0.492578 0.292361 0.033594 0.034722
2 0.834766 0.350000 0.010156 0.016667
2 0.279297 0.044444 0.050781 0.088889
7 0.517188 0.343056 0.043750 0.066667
7 0.607031 0.359028 0.054688 0.079167
7 0.684375 0.304167 0.009375 0.011111
7 0.668359 0.302778 0.010156 0.013889
7 0.658594 0.302778 0.010937 0.016667
7 0.639453 0.302778 0.011719 0.016667
7 0.647656 0.313889 0.015625 0.016667
7 0.489844 0.371528 0.084375 0.104167
7 0.780469 0.363889 0.014063 0.027778
7 0.808594 0.375000 0.021875 0.022222
7 0.865234 0.395139 0.028906 0.031944
7 0.776563 0.422917 0.043750 0.098611
7 0.688281 0.442361 0.164062 0.240278
7 0.975781 0.426389 0.046875 0.055556
7 0.977734 0.395833 0.027344 0.013889
