2 0.208203 0.240972 0.025781 0.040278
2 0.242188 0.247222 0.026562 0.038889
2 0.275000 0.252778 0.037500 0.041667
2 0.309375 0.252083 0.025000 0.062500
2 0.372656 0.264583 0.031250 0.048611
2 0.467187 0.312500 0.020313 0.058333
2 0.694531 0.322222 0.026562 0.027778
2 0.674219 0.320833 0.014063 0.036111
2 0.648828 0.318750 0.011719 0.034722
2 0.618359 0.315278 0.013281 0.033333
2 0.584375 0.311111 0.014063 0.036111
2 0.553125 0.306944 0.015625 0.036111
2 0.866016 0.284028 0.011719 0.018056
2 0.822656 0.265278 0.010937 0.016667
2 0.763281 0.293750 0.007812 0.015278
2 0.534766 0.351389 0.013281 0.019444
2 0.487500 0.318750 0.014063 0.020833
1 0.489844 0.293750 0.007812 0.018056
7 0.097266 0.318056 0.011719 0.016667
8 0.111328 0.321528 0.011719 0.015278
6 0.111328 0.334028 0.011719 0.018056
7 0.122266 0.318750 0.014844 0.015278
7 0.199609 0.334722 0.008594 0.019444
7 0.211719 0.335417 0.021875 0.034722
7 0.727734 0.384722 0.036719 0.025000
7 0.982031 0.402083 0.032813 0.040278
7 0.226172 0.345833 0.030469 0.044444
7 0.137891 0.329167 0.025781 0.033333
7 0.639062 0.402083 0.065625 0.065278
7 0.082422 0.325000 0.035156 0.050000
5 0.016797 0.208333 0.033594 0.269444
1 0.806250 0.259722 0.007812 0.019444
1 0.489844 0.342361 0.007812 0.023611
5 0.189062 0.315972 0.017188 0.048611
5 0.316406 0.322917 0.059375 0.076389
7 0.815234 0.322917 0.030469 0.018056
