1 0.633203 0.134722 0.017969 0.086111
1 0.446094 0.101389 0.020313 0.086111
1 0.895312 0.322222 0.017188 0.091667
1 0.851953 0.350694 0.024219 0.031944
1 0.416797 0.402083 0.010156 0.020833
1 0.405469 0.400694 0.007812 0.018056
1 0.385937 0.391667 0.010937 0.025000
2 0.623047 0.405556 0.035156 0.019444
2 0.621875 0.425000 0.034375 0.019444
2 0.623828 0.441667 0.033594 0.019444
7 0.510156 0.449306 0.015625 0.031944
7 0.441797 0.439583 0.022656 0.029167
7 0.418750 0.450694 0.021875 0.034722
7 0.404297 0.438194 0.014844 0.031944
7 0.391797 0.431250 0.013281 0.020833
7 0.494531 0.465278 0.042188 0.050000
7 0.570312 0.479861 0.079687 0.123611
2 0.542188 0.425694 0.009375 0.023611
2 0.465625 0.421528 0.009375 0.023611
7 0.634766 0.481250 0.017969 0.023611
7 0.728516 0.487500 0.027344 0.025000
7 0.865234 0.493750 0.053906 0.034722
7 0.986719 0.495833 0.025000 0.038889
7 0.928125 0.498611 0.092188 0.052778
7 0.833594 0.490972 0.012500 0.026389
7 0.816797 0.488194 0.019531 0.031944
7 0.796094 0.482639 0.020313 0.015278
2 0.793750 0.468056 0.010937 0.016667
2 0.533594 0.121528 0.068750 0.031944
1 0.450781 0.130556 0.015625 0.102778
