7 0.373437 0.541667 0.010937 0.013889
7 0.383594 0.541667 0.012500 0.019444
7 0.397266 0.544444 0.025781 0.044444
7 0.226562 0.550694 0.023438 0.026389
7 0.203906 0.559028 0.025000 0.034722
7 0.184766 0.554861 0.027344 0.026389
7 0.010156 0.564583 0.018750 0.065278
7 0.341016 0.547917 0.014844 0.020833
7 0.426563 0.561806 0.040625 0.068056
7 0.687500 0.564583 0.284375 0.381944
7 0.271484 0.561111 0.033594 0.038889
3 0.330859 0.552083 0.008594 0.029167
3 0.312500 0.557639 0.009375 0.020833
3 0.127344 0.552778 0.010937 0.066667
