1 0.441406 0.486111 0.012500 0.052778
1 0.319922 0.652778 0.021094 0.030556
1 0.179688 0.568056 0.017188 0.038889
1 0.160547 0.568056 0.021094 0.036111
1 0.453906 0.489583 0.012500 0.051389
1 0.428516 0.487500 0.013281 0.047222
2 0.198047 0.445139 0.014844 0.031944
2 0.186328 0.436806 0.033594 0.020833
2 0.726172 0.472917 0.044531 0.056944
2 0.154297 0.627778 0.013281 0.047222
7 0.405859 0.727778 0.036719 0.063889
7 0.299609 0.762500 0.164844 0.125000
7 0.068359 0.733333 0.136719 0.080556
7 0.973437 0.777083 0.051562 0.081944
7 0.939844 0.894444 0.118750 0.208333
7 0.632422 0.733333 0.469531 0.530556
