5 0.216797 0.813194 0.074219 0.051389
5 0.087109 0.855556 0.080469 0.083333
7 0.258984 0.838889 0.066406 0.066667
5 0.744531 0.595833 0.506250 0.802778
7 0.298047 0.836111 0.021094 0.047222
7 0.323047 0.817361 0.011719 0.012500
7 0.355859 0.807639 0.041406 0.031944
7 0.479297 0.839583 0.157031 0.237500
7 0.069141 0.901389 0.057031 0.075000
7 0.185547 0.882639 0.189844 0.154167
1 0.394922 0.650000 0.010156 0.036111
2 0.396484 0.688889 0.022656 0.033333
3 0.029297 0.908333 0.052344 0.177778
1 0.503516 0.740278 0.005469 0.013889
