1 0.428906 0.313194 0.007812 0.023611
1 0.307812 0.346528 0.004687 0.015278
1 0.217578 0.294444 0.005469 0.027778
7 0.459766 0.414583 0.032031 0.090278
7 0.367188 0.414583 0.020313 0.054167
7 0.334375 0.422917 0.045312 0.065278
7 0.412500 0.413194 0.076563 0.151389
7 0.221094 0.493750 0.259375 0.268056
7 0.002734 0.493056 0.005469 0.066667
7 0.012891 0.725000 0.025781 0.144444
3 0.648438 0.414583 0.025000 0.123611
3 0.614062 0.393056 0.037500 0.097222
3 0.570312 0.382639 0.048438 0.112500
3 0.519531 0.406944 0.021875 0.052778
3 0.929688 0.436111 0.043750 0.247222
3 0.688281 0.408333 0.042188 0.150000
3 0.957812 0.438194 0.059375 0.265278
3 0.529687 0.401389 0.015625 0.063889
1 0.357422 0.308333 0.005469 0.027778
