7 0.456641 0.511806 0.089844 0.145833
2 0.704297 0.418056 0.022656 0.052778
2 0.400391 0.436111 0.010156 0.022222
2 0.591406 0.447917 0.010937 0.026389
7 0.591406 0.503472 0.054688 0.065278
7 0.563672 0.493056 0.041406 0.050000
7 0.581250 0.496528 0.043750 0.056944
7 0.540234 0.494444 0.022656 0.033333
7 0.671875 0.495833 0.176563 0.111111
7 0.725781 0.530556 0.203125 0.133333
3 0.375391 0.477083 0.011719 0.037500
3 0.266406 0.487500 0.020313 0.069444
3 0.139453 0.527778 0.050781 0.161111
3 0.092969 0.510417 0.059375 0.187500
3 0.767969 0.550000 0.096875 0.322222
2 0.280078 0.245139 0.035156 0.123611
2 0.124219 0.322222 0.023438 0.030556
2 0.291797 0.395139 0.011719 0.018056
