7 0.525391 0.566667 0.044531 0.075000
7 0.433984 0.560417 0.019531 0.026389
7 0.381250 0.566667 0.023438 0.038889
7 0.359375 0.572917 0.028125 0.059722
7 0.340234 0.579167 0.035156 0.061111
7 0.310937 0.582639 0.039062 0.079167
7 0.259375 0.584722 0.078125 0.130556
7 0.173828 0.590278 0.121094 0.186111
7 0.066406 0.586111 0.132812 0.288889
7 0.404297 0.577778 0.049219 0.055556
7 0.471875 0.583333 0.051562 0.066667
7 0.492188 0.563889 0.006250 0.027778
7 0.553125 0.593056 0.057813 0.063889
7 0.526172 0.584722 0.024219 0.063889
7 0.662109 0.636806 0.121094 0.193056
7 0.834766 0.662500 0.324219 0.541667
