2 0.037109 0.685417 0.042969 0.056944
2 0.064453 0.627778 0.024219 0.044444
2 0.823828 0.684722 0.030469 0.047222
7 0.335547 0.781944 0.083594 0.091667
7 0.503516 0.790972 0.039844 0.084722
7 0.463672 0.795833 0.075781 0.113889
7 0.398828 0.829861 0.127344 0.154167
7 0.699609 0.818750 0.071094 0.090278
7 0.781641 0.829861 0.125781 0.131944
7 0.834766 0.763889 0.028906 0.022222
7 0.867188 0.760417 0.031250 0.026389
7 0.173047 0.850000 0.346094 0.294444
7 0.915234 0.841667 0.166406 0.205556
7 0.589844 0.868750 0.203125 0.256944
