2 0.676562 0.363194 0.031250 0.051389
2 0.673828 0.406250 0.019531 0.029167
7 0.477344 0.434028 0.010937 0.026389
7 0.487109 0.438889 0.016406 0.036111
7 0.500781 0.445833 0.007812 0.022222
7 0.508203 0.450000 0.007031 0.027778
7 0.519141 0.450000 0.011719 0.030556
7 0.467187 0.440278 0.009375 0.025000
7 0.461719 0.442361 0.007812 0.023611
7 0.457031 0.445139 0.009375 0.026389
7 0.449609 0.442361 0.011719 0.037500
7 0.441406 0.444444 0.012500 0.047222
7 0.430078 0.445833 0.017969 0.044444
7 0.416016 0.447222 0.022656 0.058333
7 0.404687 0.455556 0.025000 0.077778
7 0.308203 0.454861 0.030469 0.084722
7 0.356250 0.461111 0.079687 0.108333
7 0.219141 0.478472 0.191406 0.240278
7 0.100000 0.539583 0.200000 0.454167
7 0.565234 0.464583 0.046094 0.073611
7 0.623047 0.475000 0.108594 0.094444
7 0.625000 0.513889 0.067187 0.105556
7 0.702734 0.517361 0.128906 0.173611
4 0.535547 0.481944 0.019531 0.063889
8 0.532031 0.470139 0.017188 0.081944
7 0.544531 0.452778 0.017188 0.030556
7 0.841797 0.584722 0.299219 0.372222
