0 0.099219 0.537500 0.187500 0.227778
0 0.842969 0.461806 0.310937 0.923611
0 0.664844 0.509722 0.084375 0.186111
7 0.675000 0.588889 0.075000 0.127778
7 0.600000 0.558333 0.040625 0.061111
7 0.403125 0.552778 0.046875 0.036111
7 0.371484 0.551389 0.021094 0.030556
7 0.336719 0.553472 0.032813 0.026389
7 0.353906 0.547917 0.017188 0.026389
7 0.326953 0.534028 0.016406 0.012500
7 0.305859 0.550000 0.013281 0.041667
7 0.288672 0.550694 0.024219 0.034722
7 0.267188 0.554861 0.020313 0.029167
7 0.239844 0.554861 0.029687 0.029167
7 0.207813 0.552778 0.028125 0.033333
7 0.531250 0.597222 0.114062 0.169444
1 0.185938 0.451389 0.007812 0.025000
1 0.442578 0.425000 0.008594 0.033333
1 0.552734 0.400000 0.008594 0.041667
0 0.605078 0.506944 0.041406 0.038889
