1 0.474609 0.111111 0.014844 0.075000
1 0.466016 0.110417 0.010156 0.076389
1 0.588281 0.350694 0.021875 0.029167
2 0.571875 0.207639 0.020313 0.043056
2 0.582812 0.267361 0.020313 0.018056
3 0.795703 0.464583 0.016406 0.068056
3 0.822656 0.450694 0.020313 0.098611
3 0.695312 0.450694 0.017188 0.073611
3 0.616406 0.454861 0.014063 0.095833
3 0.601953 0.460417 0.014844 0.084722
3 0.578516 0.462500 0.011719 0.080556
3 0.564453 0.456944 0.016406 0.097222
3 0.587500 0.460417 0.018750 0.104167
3 0.476172 0.440278 0.010156 0.044444
3 0.487500 0.436806 0.007812 0.043056
3 0.494531 0.437500 0.012500 0.058333
7 0.364453 0.427083 0.011719 0.018056
7 0.376563 0.427083 0.012500 0.018056
7 0.387500 0.425694 0.015625 0.020833
7 0.419141 0.428472 0.010156 0.020833
7 0.425391 0.431250 0.010156 0.031944
7 0.430078 0.432639 0.008594 0.034722
7 0.291797 0.422222 0.010156 0.013889
7 0.301563 0.422222 0.012500 0.013889
7 0.282422 0.423611 0.011719 0.025000
7 0.275000 0.423611 0.020313 0.025000
7 0.233203 0.432639 0.016406 0.043056
7 0.251563 0.428472 0.040625 0.051389
7 0.208594 0.436111 0.053125 0.066667
7 0.312109 0.425694 0.014844 0.020833
7 0.323828 0.420139 0.013281 0.018056
7 0.337500 0.424306 0.014063 0.018056
7 0.352344 0.425694 0.017188 0.020833
7 0.404687 0.438194 0.034375 0.054167
7 0.441797 0.436806 0.025781 0.037500
7 0.105078 0.494444 0.207031 0.225000
7 0.934375 0.488194 0.129688 0.123611
