1 0.477344 0.468056 0.001563 0.013889
1 0.473047 0.466667 0.002344 0.011111
1 0.380469 0.472917 0.004687 0.015278
7 0.313281 0.534028 0.015625 0.031944
7 0.304297 0.540278 0.010156 0.033333
7 0.215234 0.542361 0.047656 0.056944
7 0.271484 0.530556 0.071094 0.069444
7 0.098828 0.636111 0.196094 0.413889
7 0.359375 0.526389 0.039062 0.058333
7 0.335938 0.527778 0.014063 0.044444
7 0.409375 0.527778 0.009375 0.025000
7 0.391797 0.534028 0.014844 0.023611
7 0.423438 0.523611 0.026562 0.038889
7 0.472656 0.530556 0.010937 0.019444
7 0.454688 0.521528 0.025000 0.037500
5 0.491406 0.502083 0.028125 0.073611
7 0.519141 0.517361 0.011719 0.040278
7 0.526172 0.524306 0.016406 0.037500
7 0.537109 0.521528 0.025781 0.043056
7 0.667188 0.541667 0.106250 0.136111
7 0.569141 0.475694 0.049219 0.154167
3 0.907031 0.531250 0.040625 0.193056
3 0.742578 0.518750 0.013281 0.070833
