7 0.431250 0.637500 0.012500 0.022222
7 0.416406 0.642361 0.023438 0.034722
7 0.390625 0.654167 0.037500 0.044444
7 0.030469 0.657639 0.060937 0.101389
7 0.105859 0.667361 0.072656 0.051389
7 0.483203 0.638889 0.014844 0.030556
7 0.458984 0.649306 0.028906 0.043056
7 0.204687 0.709722 0.196875 0.227778
7 0.575781 0.637500 0.034375 0.050000
7 0.803516 0.640972 0.124219 0.095833
7 0.826953 0.649306 0.122656 0.104167
7 0.885547 0.643056 0.116406 0.136111
7 0.928516 0.643056 0.103906 0.116667
7 0.952344 0.656250 0.090625 0.098611
