2 0.176953 0.224306 0.055469 0.081944
2 0.176563 0.278472 0.034375 0.023611
2 0.113672 0.306944 0.022656 0.063889
2 0.116797 0.360417 0.022656 0.026389
2 0.601172 0.356944 0.039844 0.019444
2 0.605078 0.390278 0.016406 0.044444
2 0.833594 0.083333 0.039062 0.080556
2 0.852344 0.189583 0.017188 0.034722
2 0.845313 0.227778 0.009375 0.030556
2 0.851953 0.258333 0.011719 0.041667
2 0.854297 0.301389 0.013281 0.041667
2 0.791016 0.206250 0.049219 0.081944
2 0.790234 0.262500 0.030469 0.022222
2 0.725000 0.419444 0.009375 0.041667
7 0.895312 0.450694 0.056250 0.081944
7 0.841406 0.472917 0.062500 0.045833
7 0.791797 0.493750 0.025781 0.018056
7 0.268750 0.484028 0.171875 0.209722
7 0.367969 0.490972 0.056250 0.081944
7 0.134375 0.581944 0.267188 0.425000
7 0.504297 0.550694 0.272656 0.409722
