3 0.791016 0.706944 0.060156 0.186111
2 0.751172 0.494444 0.021094 0.013889
2 0.757812 0.511111 0.017188 0.013889
1 0.743359 0.449306 0.011719 0.048611
1 0.763281 0.567361 0.010937 0.020833
1 0.342969 0.434028 0.012500 0.048611
1 0.357031 0.438889 0.010937 0.041667
2 0.961719 0.420833 0.048438 0.050000
7 0.238672 0.815278 0.372656 0.363889
0 0.303906 0.570833 0.465625 0.294444
7 0.048047 0.655556 0.094531 0.119444
7 0.726562 0.645139 0.181250 0.101389
7 0.604688 0.639583 0.143750 0.112500
7 0.851953 0.652083 0.016406 0.056944
