2 0.349609 0.332639 0.025781 0.020833
2 0.362891 0.336806 0.008594 0.015278
2 0.382031 0.338889 0.014063 0.025000
7 0.303125 0.349306 0.010937 0.020833
7 0.283984 0.343056 0.011719 0.011111
7 0.291406 0.350000 0.007812 0.019444
7 0.280078 0.362500 0.021094 0.036111
7 0.316016 0.355556 0.017969 0.025000
7 0.315625 0.370833 0.023438 0.036111
7 0.335938 0.352778 0.015625 0.025000
7 0.365234 0.358333 0.014844 0.022222
7 0.355469 0.377778 0.032813 0.041667
7 0.246094 0.334722 0.012500 0.019444
7 0.214453 0.329861 0.013281 0.015278
7 0.201172 0.329167 0.011719 0.016667
7 0.192578 0.340972 0.007031 0.020833
7 0.191406 0.350694 0.028125 0.034722
7 0.229297 0.327778 0.011719 0.013889
7 0.230859 0.341667 0.014844 0.022222
7 0.247656 0.367361 0.037500 0.054167
7 0.109375 0.346528 0.028125 0.034722
7 0.094531 0.349306 0.046875 0.037500
7 0.010937 0.325000 0.021875 0.016667
7 0.035547 0.397222 0.071094 0.141667
7 0.301953 0.375000 0.033594 0.044444
2 0.581250 0.352778 0.014063 0.033333
