7 0.300000 0.521528 0.056250 0.065278
7 0.560937 0.467361 0.028125 0.070833
7 0.577734 0.476389 0.032031 0.063889
7 0.598828 0.477083 0.052344 0.076389
7 0.642969 0.468056 0.067187 0.111111
7 0.765234 0.470139 0.147656 0.154167
7 0.891406 0.463889 0.206250 0.216667
6 0.248438 0.549306 0.048438 0.093056
3 0.122266 0.493750 0.022656 0.037500
7 0.168750 0.571528 0.137500 0.154167
7 0.524219 0.485417 0.056250 0.087500
2 0.527734 0.429167 0.007031 0.016667
7 0.460938 0.510417 0.071875 0.109722
7 0.337500 0.509722 0.023438 0.025000
7 0.973047 0.513889 0.050781 0.158333
