2 0.691016 0.279861 0.010156 0.020833
2 0.680078 0.270139 0.028906 0.018056
2 0.678125 0.294444 0.018750 0.016667
2 0.708594 0.286111 0.017188 0.038889
2 0.699219 0.240972 0.020313 0.031944
2 0.538672 0.358333 0.008594 0.025000
2 0.390625 0.402083 0.012500 0.023611
3 0.723828 0.447917 0.022656 0.109722
3 0.684375 0.454167 0.020313 0.102778
3 0.538281 0.431250 0.009375 0.031944
3 0.540625 0.434722 0.007812 0.033333
3 0.548828 0.434722 0.008594 0.038889
3 0.741016 0.452778 0.017969 0.100000
3 0.693359 0.456250 0.014844 0.087500
3 0.674219 0.454167 0.012500 0.097222
3 0.753125 0.452778 0.020313 0.108333
3 0.763672 0.481250 0.027344 0.048611
3 0.812109 0.459722 0.028906 0.061111
3 0.798828 0.478472 0.024219 0.048611
3 0.903906 0.429861 0.010937 0.054167
3 0.894531 0.425000 0.007812 0.052778
3 0.889844 0.425694 0.012500 0.051389
3 0.879687 0.423611 0.010937 0.055556
3 0.870313 0.426389 0.010937 0.055556
3 0.860938 0.423611 0.009375 0.041667
3 0.853516 0.422222 0.008594 0.044444
3 0.846094 0.425694 0.006250 0.045833
3 0.839063 0.425000 0.009375 0.052778
3 0.833203 0.423611 0.008594 0.055556
3 0.828906 0.420139 0.010937 0.043056
7 0.560937 0.460417 0.020313 0.081944
7 0.459766 0.437500 0.011719 0.016667
7 0.480469 0.437500 0.012500 0.016667
7 0.436719 0.376389 0.020313 0.011111
7 0.467578 0.434722 0.016406 0.022222
7 0.440625 0.439583 0.023438 0.031944
7 0.608203 0.459722 0.103906 0.136111
7 0.211719 0.462500 0.054688 0.052778
7 0.113672 0.481944 0.100781 0.102778
