7 0.045703 0.559722 0.091406 0.222222
7 0.096094 0.548611 0.123438 0.163889
7 0.469922 0.487500 0.019531 0.036111
7 0.455469 0.547917 0.056250 0.187500
7 0.503516 0.519444 0.074219 0.113889
7 0.611328 0.498611 0.069531 0.075000
7 0.711328 0.535417 0.139844 0.173611
7 0.295703 0.629167 0.360156 0.505556
7 0.900781 0.614583 0.195312 0.281944
3 0.781250 0.500000 0.021875 0.069444
3 0.819141 0.504861 0.021094 0.065278
7 0.591016 0.564583 0.157031 0.190278
0 0.575000 0.461806 0.125000 0.062500
2 0.636719 0.395139 0.020313 0.020833
2 0.592969 0.309722 0.060937 0.086111
2 0.548828 0.372917 0.013281 0.020833
1 0.491406 0.403472 0.006250 0.029167
1 0.498047 0.405556 0.007031 0.033333
