7 0.412109 0.465278 0.005469 0.025000
7 0.400000 0.465972 0.015625 0.026389
7 0.379297 0.466667 0.013281 0.027778
7 0.364063 0.463889 0.015625 0.022222
7 0.351172 0.468750 0.017969 0.031944
7 0.288281 0.470139 0.046875 0.043056
7 0.328906 0.469444 0.037500 0.044444
7 0.185156 0.477083 0.079687 0.070833
7 0.038672 0.479167 0.077344 0.113889
7 0.538281 0.465972 0.012500 0.029167
7 0.545312 0.464583 0.007812 0.018056
7 0.549219 0.470833 0.009375 0.030556
7 0.561328 0.469444 0.022656 0.044444
7 0.590234 0.474306 0.042969 0.068056
7 0.610938 0.490278 0.034375 0.075000
7 0.632422 0.496528 0.047656 0.090278
7 0.661328 0.503472 0.057031 0.118056
7 0.745313 0.513194 0.171875 0.190278
7 0.513672 0.469444 0.011719 0.016667
7 0.920312 0.601389 0.157812 0.330556
