4 0.842578 0.543056 0.080469 0.130556
4 0.703516 0.514583 0.030469 0.098611
4 0.938672 0.565278 0.119531 0.183333
7 0.799219 0.504167 0.107813 0.077778
7 0.886328 0.509028 0.099219 0.076389
7 0.071875 0.482639 0.059375 0.048611
7 0.037891 0.470833 0.055469 0.075000
7 0.144922 0.471528 0.011719 0.015278
7 0.156250 0.470139 0.007812 0.015278
7 0.166797 0.472222 0.013281 0.016667
7 0.310547 0.477778 0.022656 0.022222
7 0.367188 0.484028 0.018750 0.029167
7 0.407422 0.481250 0.011719 0.023611
7 0.392188 0.481250 0.015625 0.026389
7 0.433203 0.487500 0.028906 0.041667
7 0.017578 0.587500 0.035156 0.291667
1 0.060156 0.381944 0.012500 0.055556
1 0.143359 0.238194 0.016406 0.059722
1 0.505859 0.389583 0.013281 0.048611
1 0.646875 0.436111 0.004687 0.019444
1 0.651563 0.405556 0.009375 0.033333
1 0.073047 0.395139 0.013281 0.034722
1 0.689844 0.229167 0.012500 0.063889
2 0.688672 0.178472 0.010156 0.026389
2 0.774609 0.333333 0.013281 0.041667
2 0.512891 0.359722 0.063281 0.055556
2 0.509766 0.429167 0.008594 0.027778
2 0.480078 0.401389 0.010156 0.019444
2 0.480859 0.419444 0.011719 0.019444
2 0.481641 0.442361 0.010156 0.020833
2 0.151562 0.341667 0.032813 0.019444
2 0.151953 0.355556 0.033594 0.013889
2 0.153125 0.372917 0.034375 0.018056
2 0.152344 0.391667 0.032813 0.016667
2 0.155078 0.411806 0.036719 0.018056
2 0.142187 0.197222 0.014063 0.019444
7 0.190625 0.481250 0.021875 0.020833
7 0.234375 0.484722 0.035937 0.036111
