2 0.237891 0.361806 0.014844 0.034722
3 0.308203 0.506944 0.060156 0.213889
3 0.432812 0.481250 0.014063 0.034722
4 0.292969 0.525000 0.067187 0.088889
4 0.264844 0.533333 0.084375 0.105556
4 0.213672 0.524306 0.061719 0.104167
7 0.455859 0.496528 0.010156 0.018056
7 0.507812 0.517361 0.025000 0.079167
7 0.550781 0.520139 0.084375 0.126389
7 0.582422 0.542361 0.102344 0.137500
7 0.471094 0.493056 0.021875 0.038889
7 0.378125 0.482639 0.073438 0.131944
7 0.793359 0.564583 0.411719 0.520833
7 0.944922 0.735417 0.108594 0.356944
4 0.084375 0.501389 0.048438 0.091667
