1 0.176953 0.375694 0.008594 0.037500
1 0.282422 0.471528 0.007031 0.034722
1 0.438281 0.384028 0.006250 0.026389
1 0.010156 0.500000 0.015625 0.025000
1 0.154297 0.466667 0.010156 0.044444
1 0.157422 0.509028 0.016406 0.018056
1 0.289453 0.470139 0.005469 0.034722
1 0.502344 0.368750 0.007812 0.031944
1 0.448437 0.378472 0.009375 0.034722
1 0.185938 0.376389 0.006250 0.047222
1 0.653125 0.419444 0.021875 0.027778
2 0.570312 0.447222 0.015625 0.011111
2 0.581250 0.412500 0.018750 0.013889
2 0.138672 0.381250 0.022656 0.029167
2 0.078516 0.390972 0.060156 0.009722
2 0.025000 0.413889 0.028125 0.027778
2 0.630078 0.199306 0.030469 0.031944
2 0.634766 0.318056 0.030469 0.061111
1 0.280078 0.512500 0.010156 0.013889
7 0.594141 0.560417 0.050781 0.126389
7 0.657031 0.579167 0.134375 0.177778
7 0.748047 0.504861 0.052344 0.065278
7 0.519141 0.522222 0.042969 0.069444
7 0.488281 0.493750 0.014063 0.006944
7 0.451562 0.522222 0.059375 0.066667
7 0.402734 0.529861 0.016406 0.029167
7 0.417578 0.527778 0.010156 0.022222
7 0.384375 0.509028 0.035937 0.048611
7 0.375391 0.542361 0.039844 0.068056
7 0.334766 0.570139 0.080469 0.098611
7 0.847266 0.633333 0.296094 0.366667
3 0.183984 0.565972 0.008594 0.048611
3 0.201953 0.554167 0.007031 0.022222
3 0.253906 0.545139 0.007812 0.012500
3 0.267969 0.561806 0.009375 0.031944
3 0.271875 0.561111 0.007812 0.030556
3 0.292969 0.548611 0.006250 0.036111
7 0.223828 0.568750 0.072656 0.051389
7 0.054297 0.570833 0.077344 0.038889
7 0.047656 0.599306 0.093750 0.048611
7 0.482031 0.597917 0.143750 0.198611
2 0.151562 0.532639 0.009375 0.020833
