2 0.159766 0.493750 0.032031 0.015278
2 0.813672 0.440278 0.041406 0.091667
1 0.346875 0.479167 0.006250 0.022222
1 0.503516 0.480556 0.008594 0.025000
1 0.197656 0.494444 0.006250 0.022222
7 0.034375 0.631250 0.037500 0.020833
7 0.008984 0.631250 0.017969 0.084722
7 0.236719 0.604167 0.042188 0.033333
7 0.388672 0.586111 0.011719 0.022222
7 0.376953 0.584722 0.013281 0.025000
7 0.451172 0.586111 0.010156 0.011111
7 0.461328 0.584722 0.003906 0.016667
7 0.478516 0.587500 0.008594 0.022222
7 0.484375 0.589583 0.007812 0.026389
7 0.492188 0.588889 0.009375 0.030556
7 0.694531 0.564583 0.045312 0.018056
7 0.741797 0.572222 0.044531 0.063889
7 0.307422 0.597222 0.017969 0.025000
7 0.274609 0.600000 0.041406 0.050000
7 0.341406 0.590972 0.026562 0.026389
7 0.363281 0.591667 0.014063 0.027778
7 0.700391 0.626389 0.110156 0.113889
5 0.927734 0.572917 0.142969 0.426389
7 0.398047 0.587500 0.013281 0.019444
5 0.563281 0.568750 0.137500 0.226389
3 0.839844 0.605556 0.031250 0.116667
