7 0.175000 0.413194 0.014063 0.020833
7 0.179297 0.418750 0.014844 0.026389
7 0.152734 0.425694 0.014844 0.029167
7 0.150781 0.431250 0.014063 0.029167
7 0.140625 0.427083 0.018750 0.037500
7 0.121875 0.430556 0.034375 0.044444
7 0.136719 0.431944 0.012500 0.036111
7 0.089063 0.438194 0.045312 0.056944
7 0.334766 0.448611 0.039844 0.072222
7 0.353125 0.470833 0.042188 0.116667
7 0.244922 0.474306 0.158594 0.245833
7 0.437109 0.468056 0.164844 0.208333
7 0.037891 0.465278 0.075781 0.169444
7 0.778906 0.509028 0.439063 0.298611
1 0.298438 0.145833 0.014063 0.063889
1 0.280859 0.140278 0.016406 0.063889
1 0.406641 0.343750 0.010156 0.026389
1 0.698047 0.182639 0.035156 0.079167
2 0.415625 0.265972 0.018750 0.015278
2 0.487109 0.281944 0.013281 0.041667
