1 0.426172 0.419444 0.010156 0.030556
2 0.439844 0.438889 0.018750 0.013889
2 0.570703 0.476389 0.011719 0.019444
2 0.356250 0.461806 0.012500 0.023611
1 0.366797 0.475694 0.007031 0.020833
2 0.657031 0.429167 0.012500 0.025000
7 0.452734 0.518056 0.030469 0.041667
7 0.489844 0.506944 0.053125 0.077778
7 0.514844 0.508333 0.010937 0.047222
7 0.301563 0.515972 0.018750 0.054167
7 0.287109 0.523611 0.017969 0.061111
7 0.262891 0.530556 0.030469 0.072222
7 0.200391 0.513194 0.108594 0.170833
7 0.125000 0.584028 0.114062 0.140278
7 0.017188 0.598611 0.034375 0.197222
7 0.642578 0.497917 0.035156 0.056944
7 0.660156 0.506250 0.045312 0.051389
7 0.691797 0.510417 0.049219 0.056944
7 0.754297 0.512500 0.092969 0.086111
7 0.836328 0.518750 0.122656 0.098611
7 0.964063 0.552778 0.068750 0.127778
7 0.567187 0.554861 0.109375 0.129167
8 0.618359 0.502083 0.014844 0.031944
6 0.617578 0.520833 0.016406 0.025000
7 0.397656 0.545139 0.096875 0.156944
