7 0.399609 0.595833 0.016406 0.022222
7 0.387891 0.598611 0.011719 0.019444
7 0.371094 0.595139 0.018750 0.031944
7 0.355469 0.600000 0.023438 0.038889
7 0.335938 0.600000 0.014063 0.038889
7 0.321094 0.593750 0.025000 0.043056
7 0.307422 0.596528 0.017969 0.045833
7 0.289062 0.597222 0.028125 0.055556
7 0.276953 0.602083 0.022656 0.059722
7 0.251563 0.600694 0.034375 0.079167
7 0.219141 0.608333 0.050781 0.088889
7 0.180859 0.624306 0.071094 0.112500
7 0.453516 0.601389 0.013281 0.022222
7 0.469531 0.595139 0.015625 0.006944
7 0.471484 0.608333 0.019531 0.022222
7 0.419531 0.598611 0.015625 0.019444
7 0.434766 0.598611 0.011719 0.016667
7 0.519531 0.606944 0.034375 0.033333
7 0.539453 0.628472 0.058594 0.059722
7 0.088672 0.626389 0.139844 0.169444
7 0.017188 0.661806 0.034375 0.176389
2 0.776953 0.438889 0.022656 0.027778
2 0.520703 0.514583 0.010156 0.009722
2 0.520703 0.525000 0.010156 0.011111
2 0.520312 0.538194 0.015625 0.009722
