1 0.503906 0.266667 0.006250 0.030556
1 0.324219 0.284028 0.010937 0.031944
1 0.404687 0.386111 0.004687 0.022222
1 0.315625 0.282639 0.006250 0.026389
1 0.495312 0.268056 0.009375 0.027778
1 0.137891 0.350000 0.008594 0.036111
1 0.123828 0.389583 0.013281 0.018056
1 0.627734 0.309028 0.017969 0.018056
2 0.627344 0.325694 0.012500 0.012500
2 0.618750 0.343056 0.021875 0.011111
1 0.623828 0.370833 0.008594 0.019444
1 0.238281 0.397222 0.007812 0.013889
2 0.247656 0.382639 0.012500 0.009722
2 0.240625 0.372222 0.012500 0.011111
2 0.094141 0.369444 0.022656 0.011111
2 0.096094 0.393056 0.009375 0.027778
7 0.420312 0.425694 0.014063 0.020833
7 0.389844 0.431944 0.010937 0.019444
7 0.375000 0.433333 0.007812 0.019444
7 0.366406 0.433333 0.004687 0.016667
7 0.358594 0.435417 0.010937 0.023611
7 0.403906 0.429861 0.023438 0.029167
7 0.306250 0.427083 0.017188 0.018056
7 0.293750 0.445139 0.031250 0.040278
7 0.273438 0.433333 0.014063 0.022222
7 0.331250 0.431250 0.046875 0.062500
7 0.074609 0.475694 0.100781 0.101389
7 0.014453 0.486806 0.028906 0.118056
7 0.153125 0.480556 0.148438 0.122222
7 0.574219 0.432639 0.037500 0.070833
7 0.624609 0.438889 0.063281 0.088889
7 0.669531 0.459028 0.107813 0.104167
7 0.730859 0.395833 0.032031 0.016667
7 0.723828 0.425000 0.049219 0.061111
2 0.532813 0.372917 0.009375 0.018056
7 0.493750 0.500000 0.173437 0.244444
