2 0.668359 0.361806 0.039844 0.054167
3 0.287891 0.434722 0.013281 0.052778
7 0.528906 0.445833 0.021875 0.038889
7 0.455469 0.446528 0.017188 0.037500
7 0.393750 0.450000 0.021875 0.055556
7 0.369141 0.442361 0.025781 0.059722
7 0.335156 0.454167 0.068750 0.091667
7 0.426953 0.463194 0.058594 0.081944
7 0.500781 0.423611 0.034375 0.047222
7 0.490234 0.472222 0.069531 0.091667
5 0.442969 0.383333 0.046875 0.050000
7 0.569141 0.455556 0.049219 0.086111
7 0.542188 0.444444 0.009375 0.041667
3 0.599219 0.451389 0.010937 0.050000
3 0.610547 0.447917 0.008594 0.043056
3 0.622266 0.446528 0.003906 0.031944
3 0.643359 0.449306 0.008594 0.045833
3 0.656250 0.450000 0.009375 0.044444
3 0.633984 0.450694 0.011719 0.054167
3 0.692578 0.454861 0.014844 0.073611
2 0.557813 0.375694 0.012500 0.009722
1 0.352734 0.350694 0.008594 0.029167
1 0.557422 0.395833 0.007031 0.013889
