1 0.376953 0.444444 0.005469 0.025000
1 0.493750 0.437500 0.004687 0.025000
1 0.587500 0.428472 0.009375 0.034722
1 0.486719 0.440972 0.007812 0.026389
1 0.223438 0.503472 0.014063 0.018056
1 0.603906 0.505556 0.009375 0.013889
1 0.556641 0.510417 0.008594 0.018056
7 0.408203 0.532639 0.013281 0.012500
0 0.389453 0.515972 0.030469 0.076389
7 0.253906 0.561111 0.023438 0.038889
7 0.235937 0.575694 0.042188 0.059722
7 0.190234 0.578472 0.080469 0.095833
7 0.126953 0.590278 0.100781 0.113889
7 0.077344 0.648611 0.154688 0.194444
7 0.035937 0.547917 0.071875 0.104167
3 0.417578 0.547917 0.013281 0.043056
3 0.432812 0.553472 0.015625 0.056944
0 0.443359 0.526389 0.013281 0.025000
7 0.480469 0.560417 0.045312 0.043056
7 0.457031 0.574306 0.043750 0.065278
7 0.529687 0.575000 0.056250 0.086111
0 0.490234 0.518750 0.033594 0.029167
7 0.585547 0.544444 0.060156 0.027778
7 0.585547 0.577778 0.052344 0.080556
7 0.606250 0.589583 0.046875 0.081944
7 0.658203 0.590972 0.086719 0.118056
7 0.759766 0.608333 0.178906 0.180556
7 0.880078 0.652778 0.167969 0.169444
7 0.914844 0.755556 0.167187 0.461111
7 0.330078 0.645833 0.188281 0.283333
2 0.899609 0.435417 0.027344 0.109722
2 0.231250 0.477778 0.018750 0.016667
