7 0.078125 0.604167 0.156250 0.113889
7 0.195312 0.581250 0.126562 0.098611
7 0.559375 0.629167 0.293750 0.247222
7 0.736719 0.627083 0.226562 0.165278
2 0.312891 0.424306 0.011719 0.018056
2 0.313672 0.425694 0.013281 0.015278
2 0.294922 0.409722 0.017969 0.011111
1 0.294922 0.484722 0.016406 0.027778
1 0.313672 0.486111 0.008594 0.025000
1 0.459766 0.324306 0.014844 0.056944
1 0.471094 0.326389 0.010937 0.052778
1 0.448047 0.323611 0.008594 0.047222
1 0.856641 0.089583 0.022656 0.109722
1 0.917188 0.082639 0.023438 0.104167
1 0.889062 0.079167 0.028125 0.111111
1 0.950391 0.487500 0.024219 0.030556
1 0.931641 0.488194 0.014844 0.034722
3 0.823047 0.587500 0.014844 0.072222
8 0.893359 0.615278 0.032031 0.105556
8 0.851953 0.606250 0.025781 0.109722
4 0.899609 0.640278 0.058594 0.077778
4 0.861719 0.623611 0.046875 0.075000
