7 0.327344 0.497917 0.020313 0.029167
7 0.339453 0.490972 0.016406 0.018056
7 0.353125 0.500694 0.029687 0.029167
7 0.367578 0.497222 0.019531 0.036111
7 0.391406 0.504861 0.032813 0.037500
7 0.426563 0.510417 0.045312 0.045833
7 0.499219 0.520833 0.059375 0.075000
7 0.529297 0.533333 0.063281 0.072222
7 0.573828 0.538889 0.078906 0.077778
7 0.170313 0.497222 0.031250 0.030556
7 0.199219 0.501389 0.029687 0.036111
7 0.137500 0.499306 0.039062 0.040278
7 0.104688 0.506944 0.039062 0.047222
7 0.071875 0.508333 0.034375 0.058333
7 0.040625 0.513194 0.057813 0.062500
7 0.645312 0.547222 0.101562 0.094444
5 0.301953 0.478472 0.039844 0.101389
2 0.278125 0.311806 0.035937 0.073611
2 0.261328 0.398611 0.010156 0.027778
2 0.268750 0.451389 0.010937 0.019444
2 0.278125 0.477778 0.017188 0.033333
2 0.276953 0.504861 0.022656 0.034722
2 0.743750 0.422917 0.025000 0.048611
7 0.007812 0.521528 0.015625 0.054167
2 0.276172 0.300694 0.058594 0.056944
2 0.276172 0.365972 0.039844 0.045833
