7 0.007031 0.586806 0.014063 0.026389
7 0.022656 0.588194 0.034375 0.026389
7 0.057031 0.578472 0.042188 0.029167
7 0.091797 0.566667 0.025781 0.019444
7 0.101562 0.635417 0.134375 0.126389
7 0.191016 0.604167 0.032031 0.077778
7 0.263672 0.598611 0.077344 0.077778
7 0.307422 0.558333 0.024219 0.022222
7 0.389844 0.559028 0.021875 0.018056
7 0.458594 0.563889 0.014063 0.027778
7 0.471094 0.557639 0.009375 0.029167
7 0.582812 0.576389 0.021875 0.030556
7 0.570312 0.571528 0.017188 0.031944
7 0.544531 0.565972 0.014063 0.026389
7 0.533984 0.558333 0.010156 0.016667
7 0.484766 0.565972 0.014844 0.031944
7 0.492188 0.575000 0.023438 0.033333
7 0.452344 0.575000 0.021875 0.036111
7 0.693359 0.604861 0.064844 0.070833
7 0.599609 0.580556 0.028906 0.038889
2 0.556250 0.475694 0.023438 0.043056
2 0.458594 0.524306 0.007812 0.012500
7 0.730859 0.566667 0.019531 0.036111
