2 0.830859 0.262500 0.049219 0.038889
2 0.824609 0.198611 0.044531 0.100000
0 0.062891 0.426389 0.124219 0.186111
7 0.099219 0.579167 0.198437 0.230556
7 0.385547 0.469444 0.022656 0.038889
7 0.377734 0.476389 0.024219 0.038889
7 0.356250 0.481944 0.029687 0.052778
7 0.329297 0.473611 0.028906 0.041667
7 0.200391 0.501389 0.074219 0.102778
7 0.260937 0.512500 0.085938 0.113889
5 0.400391 0.456944 0.021094 0.038889
5 0.431641 0.459028 0.017969 0.045833
5 0.451172 0.459028 0.025781 0.051389
7 0.422266 0.468750 0.017969 0.031944
7 0.468750 0.466667 0.015625 0.038889
7 0.482422 0.468750 0.032031 0.045833
7 0.486719 0.472222 0.023438 0.038889
7 0.497656 0.475694 0.023438 0.056944
7 0.508203 0.477083 0.017969 0.062500
7 0.532422 0.479167 0.052344 0.072222
3 0.706250 0.469444 0.021875 0.080556
3 0.891797 0.472222 0.036719 0.080556
4 0.909375 0.489583 0.045312 0.054167
6 0.989453 0.488194 0.019531 0.090278
3 0.304297 0.508333 0.041406 0.175000
3 0.238672 0.464583 0.013281 0.029167
2 0.580078 0.452778 0.008594 0.025000
2 0.496094 0.418056 0.012500 0.019444
2 0.847266 0.440972 0.013281 0.026389
