7 0.473047 0.500694 0.013281 0.048611
7 0.452734 0.507639 0.035156 0.068056
7 0.510547 0.488889 0.010156 0.019444
7 0.521484 0.484722 0.014844 0.030556
7 0.528906 0.494444 0.014063 0.027778
7 0.541406 0.499306 0.014063 0.026389
7 0.555859 0.499306 0.025781 0.040278
7 0.570703 0.508333 0.025781 0.038889
7 0.597656 0.513889 0.043750 0.055556
7 0.638281 0.534028 0.065625 0.068056
7 0.742188 0.564583 0.134375 0.148611
7 0.833984 0.529861 0.069531 0.034722
7 0.930078 0.541667 0.138281 0.102778
7 0.951562 0.658333 0.090625 0.222222
7 0.338281 0.613194 0.246875 0.318056
7 0.483594 0.492361 0.007812 0.034722
