7 0.332422 0.740972 0.028906 0.034722
7 0.280469 0.748611 0.040625 0.050000
7 0.213281 0.724306 0.100000 0.118056
7 0.104688 0.766667 0.117188 0.102778
7 0.041016 0.768056 0.044531 0.063889
7 0.014844 0.762500 0.029687 0.097222
7 0.487109 0.716667 0.021094 0.016667
7 0.435937 0.722222 0.014063 0.016667
7 0.591406 0.717361 0.151562 0.131944
1 0.330078 0.066667 0.046094 0.133333
1 0.106641 0.487500 0.030469 0.086111
1 0.037500 0.486111 0.018750 0.066667
1 0.069531 0.445139 0.050000 0.179167
2 0.070703 0.322222 0.035156 0.058333
1 0.832422 0.447917 0.036719 0.095833
5 0.941406 0.610417 0.060937 0.043056
