1 0.322656 0.379167 0.007812 0.027778
1 0.662891 0.284028 0.010156 0.034722
2 0.321875 0.422222 0.010937 0.030556
2 0.696875 0.246528 0.040625 0.056944
2 0.713672 0.322222 0.027344 0.019444
2 0.695703 0.341667 0.014844 0.022222
1 0.719531 0.402778 0.031250 0.038889
2 0.615234 0.362500 0.013281 0.041667
2 0.619141 0.396528 0.021094 0.015278
2 0.671094 0.145139 0.009375 0.043056
2 0.691016 0.154861 0.008594 0.073611
8 0.026562 0.562500 0.029687 0.077778
6 0.027734 0.580556 0.030469 0.052778
3 0.101562 0.550694 0.009375 0.045833
3 0.094141 0.559722 0.014844 0.072222
3 0.007422 0.577778 0.014844 0.063889
7 0.671875 0.485417 0.043750 0.048611
7 0.683594 0.557639 0.064062 0.145833
7 0.844531 0.553472 0.307812 0.379167
7 0.968359 0.742361 0.060156 0.270833
7 0.232031 0.525694 0.235937 0.368056
7 0.501172 0.579167 0.314844 0.458333
