2 0.499219 0.341667 0.012500 0.011111
2 0.589453 0.330556 0.010156 0.011111
2 0.640625 0.338889 0.009375 0.025000
1 0.580078 0.328472 0.007031 0.018056
1 0.508984 0.340278 0.007031 0.019444
3 0.708984 0.392361 0.011719 0.051389
3 0.615625 0.378472 0.007812 0.029167
3 0.720313 0.409722 0.012500 0.063889
3 0.749219 0.398611 0.006250 0.047222
3 0.757031 0.410417 0.014063 0.070833
3 0.930078 0.434722 0.024219 0.105556
3 0.687891 0.384722 0.010156 0.036111
3 0.624219 0.384722 0.007812 0.038889
3 0.601172 0.378472 0.005469 0.023611
7 0.463672 0.384028 0.011719 0.026389
7 0.452344 0.384028 0.010937 0.040278
7 0.481250 0.369444 0.015625 0.011111
7 0.514062 0.377778 0.010937 0.013889
7 0.505469 0.378472 0.009375 0.012500
7 0.481641 0.390972 0.038281 0.040278
7 0.525391 0.384028 0.019531 0.026389
7 0.591406 0.379167 0.017188 0.022222
7 0.558203 0.375694 0.010156 0.018056
7 0.386328 0.384722 0.122656 0.202778
7 0.198828 0.476389 0.258594 0.258333
3 0.112500 0.390278 0.015625 0.050000
3 0.098437 0.403472 0.012500 0.070833
2 0.287109 0.284028 0.017969 0.034722
