7 0.199609 0.513889 0.025781 0.019444
7 0.167969 0.516667 0.020313 0.022222
7 0.127344 0.525694 0.057813 0.043056
7 0.089063 0.529167 0.029687 0.033333
7 0.057031 0.543750 0.039062 0.026389
7 0.024609 0.560417 0.030469 0.051389
7 0.121875 0.532639 0.060937 0.056944
7 0.014453 0.570139 0.028906 0.068056
7 0.410938 0.477778 0.007812 0.011111
7 0.419141 0.481944 0.005469 0.011111
7 0.416797 0.488194 0.010156 0.012500
7 0.449219 0.504861 0.012500 0.018056
7 0.462500 0.509722 0.023438 0.030556
7 0.465234 0.515278 0.021094 0.027778
7 0.475000 0.524306 0.026562 0.031944
7 0.491016 0.538889 0.039844 0.047222
7 0.433594 0.507639 0.021875 0.031944
7 0.620313 0.546528 0.092188 0.059722
7 0.724219 0.525000 0.082812 0.050000
7 0.408203 0.494444 0.011719 0.019444
7 0.394531 0.497222 0.010937 0.019444
7 0.366016 0.502778 0.027344 0.025000
7 0.371484 0.531944 0.038281 0.052778
7 0.619922 0.627083 0.121094 0.159722
7 0.781641 0.686111 0.339844 0.297222
7 0.924609 0.804167 0.141406 0.327778
1 0.239453 0.403472 0.008594 0.026389
1 0.464844 0.372222 0.007812 0.036111
1 0.456250 0.371528 0.009375 0.031944
1 0.612109 0.415972 0.013281 0.043056
2 0.559766 0.443750 0.017969 0.009722
2 0.532031 0.452083 0.015625 0.040278
2 0.557813 0.368750 0.018750 0.020833
2 0.614844 0.377083 0.012500 0.020833
1 0.569141 0.472222 0.013281 0.022222
1 0.639844 0.468750 0.021875 0.026389
1 0.239844 0.438889 0.021875 0.013889
2 0.630859 0.430556 0.013281 0.022222
