7 0.032813 0.593056 0.064062 0.075000
7 0.173047 0.600694 0.099219 0.123611
7 0.834766 0.650694 0.327344 0.373611
7 0.655469 0.567361 0.167187 0.220833
7 0.565234 0.556250 0.066406 0.140278
7 0.458203 0.544444 0.016406 0.047222
7 0.289844 0.552083 0.014063 0.037500
7 0.292969 0.549306 0.015625 0.034722
7 0.293359 0.543750 0.021094 0.037500
7 0.364453 0.533333 0.008594 0.019444
7 0.355859 0.535417 0.008594 0.015278
7 0.266016 0.550000 0.047656 0.069444
7 0.413281 0.548611 0.090625 0.144444
7 0.333984 0.545139 0.044531 0.068056
2 0.615234 0.376389 0.021094 0.016667
