2 0.688672 0.164583 0.064844 0.034722
2 0.468359 0.200000 0.057031 0.036111
2 0.616016 0.282639 0.222656 0.190278
2 0.390625 0.309722 0.225000 0.180556
2 0.558594 0.550694 0.015625 0.043056
2 0.500781 0.583333 0.026562 0.027778
7 0.428516 0.613194 0.013281 0.020833
7 0.411719 0.611806 0.014063 0.023611
7 0.396484 0.620833 0.017969 0.022222
7 0.375391 0.619444 0.024219 0.025000
7 0.482422 0.595139 0.021094 0.037500
7 0.457422 0.600694 0.021094 0.026389
7 0.291016 0.690278 0.178906 0.213889
7 0.437500 0.600000 0.015625 0.027778
