7 0.855078 0.746528 0.285156 0.495833
7 0.732031 0.646528 0.078125 0.109722
7 0.683984 0.636111 0.057031 0.080556
7 0.651953 0.632639 0.039844 0.076389
7 0.632031 0.633333 0.028125 0.061111
7 0.613281 0.622917 0.029687 0.054167
7 0.596875 0.622222 0.023438 0.041667
7 0.585156 0.622222 0.015625 0.030556
7 0.573047 0.624306 0.017969 0.031944
7 0.566406 0.621528 0.014063 0.029167
7 0.552344 0.623611 0.009375 0.022222
7 0.516797 0.622222 0.014844 0.025000
7 0.539062 0.623611 0.010937 0.019444
7 0.364844 0.631250 0.029687 0.023611
7 0.412109 0.624306 0.011719 0.020833
7 0.419531 0.628472 0.009375 0.012500
7 0.017188 0.631250 0.034375 0.062500
3 0.103125 0.626389 0.010937 0.066667
3 0.141797 0.625000 0.008594 0.044444
1 0.491016 0.604861 0.007031 0.018056
1 0.498047 0.585417 0.008594 0.012500
1 0.535937 0.577083 0.006250 0.015278
2 0.776953 0.559722 0.022656 0.044444
