1 0.424609 0.297222 0.007031 0.025000
1 0.466406 0.309028 0.007812 0.023611
1 0.417969 0.297917 0.007812 0.026389
1 0.461328 0.309722 0.007031 0.022222
7 0.418750 0.393750 0.017188 0.026389
7 0.348047 0.406944 0.061719 0.083333
7 0.465234 0.390972 0.011719 0.020833
7 0.473047 0.393750 0.010156 0.034722
7 0.478125 0.399306 0.014063 0.040278
7 0.505469 0.404861 0.056250 0.079167
7 0.521094 0.418056 0.068750 0.083333
7 0.597266 0.458333 0.113281 0.166667
7 0.224609 0.399306 0.036719 0.026389
7 0.246875 0.406250 0.017188 0.034722
7 0.438281 0.390278 0.015625 0.022222
7 0.446484 0.386111 0.008594 0.016667
7 0.453125 0.385417 0.009375 0.012500
7 0.312891 0.420833 0.072656 0.088889
7 0.204297 0.467361 0.127344 0.115278
7 0.817969 0.602083 0.359375 0.523611
2 0.818750 0.190278 0.040625 0.050000
7 0.401172 0.393750 0.024219 0.029167
