1 0.521484 0.363194 0.008594 0.040278
1 0.422266 0.433333 0.008594 0.030556
1 0.652344 0.402083 0.006250 0.037500
1 0.667578 0.475000 0.010156 0.019444
1 0.423047 0.462500 0.010156 0.025000
1 0.510938 0.361806 0.009375 0.037500
7 0.536719 0.527778 0.009375 0.025000
7 0.545703 0.534722 0.008594 0.030556
7 0.557813 0.534028 0.015625 0.037500
7 0.573047 0.534722 0.017969 0.038889
7 0.584766 0.540972 0.019531 0.037500
7 0.612891 0.543750 0.047656 0.062500
1 0.655078 0.473611 0.011719 0.025000
7 0.500000 0.526389 0.012500 0.019444
7 0.516016 0.531250 0.016406 0.029167
7 0.485547 0.527778 0.019531 0.033333
7 0.402734 0.532639 0.016406 0.026389
7 0.362891 0.547917 0.049219 0.056944
7 0.330859 0.546528 0.017969 0.034722
7 0.316797 0.548611 0.021094 0.038889
7 0.304297 0.551389 0.021094 0.044444
7 0.289453 0.554861 0.019531 0.037500
7 0.264844 0.552083 0.037500 0.037500
7 0.814063 0.599306 0.129688 0.156944
3 0.712500 0.538889 0.020313 0.077778
7 0.908203 0.633333 0.180469 0.236111
7 0.438672 0.557639 0.088281 0.081944
2 0.184766 0.472917 0.016406 0.012500
2 0.184766 0.459028 0.019531 0.015278
7 0.011719 0.567361 0.023438 0.076389
7 0.085156 0.587500 0.170313 0.180556
2 0.377344 0.348611 0.028125 0.022222
2 0.420703 0.374306 0.022656 0.015278
1 0.493359 0.472917 0.007031 0.026389
