7 0.016797 0.520139 0.033594 0.073611
7 0.231250 0.521528 0.043750 0.031944
7 0.257812 0.518056 0.023438 0.038889
7 0.301953 0.513889 0.038281 0.030556
7 0.526172 0.537500 0.082031 0.116667
7 0.464062 0.513889 0.045312 0.088889
7 0.434766 0.529861 0.013281 0.023611
7 0.425391 0.523611 0.013281 0.027778
7 0.412891 0.525694 0.013281 0.026389
7 0.403906 0.520139 0.012500 0.034722
7 0.397656 0.507639 0.010937 0.015278
7 0.369922 0.483333 0.011719 0.019444
7 0.372656 0.504167 0.012500 0.016667
7 0.363281 0.520139 0.012500 0.023611
7 0.314844 0.479167 0.010937 0.016667
7 0.395703 0.493056 0.013281 0.016667
7 0.385937 0.491667 0.010937 0.019444
7 0.287109 0.481250 0.014844 0.018056
2 0.410156 0.415972 0.023438 0.012500
2 0.406250 0.439583 0.031250 0.031944
2 0.373437 0.436111 0.017188 0.033333
2 0.329688 0.418056 0.020313 0.055556
2 0.464453 0.400000 0.013281 0.013889
2 0.414453 0.484722 0.007031 0.019444
7 0.350391 0.500000 0.007031 0.019444
7 0.355469 0.480556 0.010937 0.019444
5 0.343750 0.476389 0.009375 0.025000
