1 0.439063 0.510417 0.025000 0.023611
1 0.526172 0.504167 0.027344 0.022222
1 0.698828 0.402083 0.017969 0.065278
1 0.660156 0.449306 0.018750 0.054167
1 0.207031 0.625694 0.010937 0.031944
1 0.574219 0.611111 0.010937 0.027778
1 0.402734 0.624306 0.007031 0.023611
1 0.391797 0.616667 0.007031 0.022222
5 0.436719 0.663194 0.028125 0.048611
7 0.410938 0.677778 0.020313 0.027778
7 0.311328 0.681250 0.050781 0.045833
7 0.344531 0.718056 0.167187 0.108333
7 0.521875 0.725000 0.131250 0.197222
3 0.623828 0.679861 0.017969 0.081944
3 0.669531 0.693750 0.021875 0.098611
3 0.771094 0.659722 0.015625 0.075000
3 0.784375 0.663889 0.018750 0.075000
3 0.183594 0.702083 0.018750 0.081944
3 0.172656 0.723611 0.014063 0.044444
3 0.134766 0.709722 0.014844 0.072222
3 0.108984 0.715278 0.021094 0.055556
3 0.071484 0.712500 0.021094 0.055556
3 0.035937 0.721528 0.018750 0.068056
3 0.018359 0.706944 0.016406 0.033333
2 0.621484 0.611111 0.017969 0.027778
2 0.654297 0.541667 0.016406 0.038889
2 0.835156 0.397917 0.062500 0.087500
2 0.644531 0.474306 0.039062 0.054167
2 0.273438 0.650000 0.021875 0.016667
2 0.223828 0.632639 0.022656 0.026389
2 0.223438 0.669444 0.021875 0.030556
2 0.557031 0.606944 0.012500 0.019444
2 0.262500 0.611111 0.021875 0.030556
1 0.383984 0.620139 0.007031 0.018056
