7 0.566016 0.464583 0.022656 0.026389
7 0.555078 0.484722 0.025781 0.041667
7 0.530078 0.509722 0.052344 0.088889
7 0.481641 0.479167 0.061719 0.030556
7 0.465234 0.556944 0.132031 0.166667
5 0.703125 0.443750 0.067187 0.112500
7 0.852734 0.504861 0.258594 0.412500
7 0.641406 0.591667 0.234375 0.430556
3 0.415625 0.493750 0.017188 0.054167
3 0.397656 0.472917 0.018750 0.026389
3 0.385156 0.513889 0.021875 0.108333
3 0.367188 0.506944 0.018750 0.102778
3 0.352734 0.508333 0.021094 0.100000
4 0.354687 0.556250 0.054688 0.059722
3 0.298828 0.556250 0.039844 0.181944
3 0.141797 0.504861 0.028906 0.106944
3 0.156250 0.559722 0.057813 0.241667
7 0.032813 0.784722 0.065625 0.425000
1 0.405078 0.428472 0.013281 0.026389
1 0.432812 0.359722 0.009375 0.033333
2 0.416016 0.406944 0.021094 0.016667
2 0.453906 0.418056 0.017188 0.013889
1 0.537891 0.371528 0.005469 0.023611
1 0.545703 0.374306 0.007031 0.029167
2 0.433594 0.393750 0.010937 0.031944
