1 0.492578 0.330556 0.010156 0.030556
1 0.541016 0.365278 0.011719 0.038889
1 0.439453 0.335417 0.010156 0.029167
1 0.133594 0.236111 0.010937 0.044444
1 0.201563 0.240278 0.012500 0.044444
2 0.069922 0.274306 0.042969 0.020833
1 0.005859 0.325000 0.010156 0.041667
1 0.199219 0.354167 0.009375 0.030556
2 0.186328 0.226389 0.011719 0.022222
2 0.297266 0.375000 0.011719 0.025000
2 0.560156 0.381250 0.020313 0.043056
1 0.195703 0.291667 0.007031 0.011111
1 0.184375 0.295139 0.004687 0.012500
1 0.176563 0.302083 0.006250 0.012500
7 0.534766 0.419444 0.011719 0.030556
7 0.525781 0.412500 0.012500 0.025000
7 0.516406 0.406944 0.017188 0.022222
7 0.473047 0.402778 0.027344 0.030556
7 0.492578 0.408333 0.022656 0.022222
7 0.254688 0.422917 0.046875 0.040278
7 0.190234 0.415278 0.058594 0.050000
7 0.485547 0.439583 0.032031 0.043056
7 0.312109 0.414583 0.030469 0.031944
