7 0.249609 0.382639 0.072656 0.034722
7 0.164062 0.419444 0.132812 0.075000
7 0.448828 0.343056 0.014844 0.022222
7 0.434766 0.350000 0.028906 0.030556
7 0.410938 0.379861 0.015625 0.037500
7 0.387500 0.347917 0.026562 0.026389
7 0.405078 0.347917 0.030469 0.020833
7 0.353125 0.367361 0.037500 0.037500
7 0.509375 0.353472 0.017188 0.023611
7 0.514453 0.358333 0.019531 0.033333
7 0.524609 0.368056 0.036719 0.047222
7 0.814844 0.342361 0.126562 0.112500
7 0.465234 0.345139 0.013281 0.020833
7 0.485156 0.343056 0.015625 0.030556
7 0.432812 0.364583 0.017188 0.026389
7 0.536328 0.382639 0.039844 0.048611
7 0.392188 0.386806 0.032813 0.051389
7 0.760547 0.491667 0.263281 0.244444
7 0.960156 0.750000 0.078125 0.497222
