2 0.812500 0.087500 0.037500 0.091667
2 0.814453 0.194444 0.013281 0.050000
2 0.814844 0.250000 0.015625 0.052778
2 0.541016 0.186806 0.035156 0.056944
2 0.579688 0.187500 0.026562 0.066667
2 0.610156 0.186806 0.032813 0.068056
1 0.700391 0.290972 0.021094 0.045833
2 0.156250 0.301389 0.018750 0.036111
1 0.134375 0.301389 0.021875 0.030556
1 0.179297 0.297917 0.008594 0.037500
2 0.127344 0.337500 0.017188 0.030556
1 0.725391 0.243056 0.011719 0.050000
1 0.713672 0.245833 0.008594 0.050000
1 0.734375 0.325694 0.012500 0.045833
1 0.712109 0.322917 0.011719 0.037500
1 0.634766 0.282639 0.017969 0.062500
2 0.650781 0.323611 0.026562 0.019444
2 0.652344 0.340972 0.020313 0.020833
3 0.125781 0.437500 0.012500 0.041667
3 0.094922 0.435417 0.010156 0.037500
3 0.075391 0.434028 0.013281 0.043056
3 0.060547 0.447917 0.008594 0.054167
8 0.272656 0.426389 0.012500 0.033333
4 0.272266 0.444444 0.010156 0.025000
3 0.012500 0.457639 0.015625 0.070833
3 0.190234 0.427778 0.005469 0.036111
3 0.586719 0.400694 0.006250 0.037500
3 0.626563 0.399306 0.010937 0.048611
3 0.694531 0.414583 0.014063 0.079167
3 0.718359 0.415972 0.022656 0.084722
3 0.837109 0.459722 0.038281 0.097222
3 0.658594 0.394444 0.010937 0.052778
3 0.755469 0.413889 0.020313 0.083333
3 0.713672 0.384028 0.011719 0.034722
3 0.725781 0.398611 0.009375 0.050000
3 0.760156 0.395833 0.009375 0.041667
3 0.978906 0.395833 0.039062 0.169444
7 0.313672 0.429167 0.021094 0.027778
2 0.221875 0.377083 0.009375 0.023611
7 0.787109 0.385417 0.024219 0.029167
7 0.831641 0.379861 0.014844 0.020833
7 0.844531 0.378472 0.015625 0.020833
7 0.859375 0.372222 0.015625 0.022222
7 0.871094 0.374306 0.025000 0.020833
7 0.904297 0.371528 0.014844 0.020833
7 0.888281 0.370139 0.012500 0.023611
7 0.922656 0.375000 0.031250 0.038889
7 0.455859 0.503472 0.291406 0.490278
7 0.141406 0.436806 0.007812 0.020833
7 0.159375 0.437500 0.015625 0.019444
7 0.173437 0.436806 0.009375 0.020833
7 0.193750 0.422222 0.012500 0.030556
7 0.208594 0.422222 0.014063 0.030556
