7 0.169531 0.502083 0.042188 0.023611
7 0.421094 0.469444 0.020313 0.022222
7 0.683203 0.445139 0.005469 0.009722
7 0.674219 0.443056 0.004687 0.008333
7 0.668750 0.445139 0.006250 0.009722
7 0.664062 0.445833 0.007812 0.011111
7 0.655078 0.443750 0.011719 0.015278
7 0.644141 0.443056 0.007031 0.013889
7 0.602734 0.446528 0.005469 0.012500
7 0.598047 0.452083 0.010156 0.012500
7 0.589844 0.449306 0.009375 0.012500
7 0.559766 0.450694 0.010156 0.015278
7 0.541406 0.451389 0.009375 0.016667
7 0.517578 0.457639 0.010156 0.020833
7 0.509766 0.453472 0.007031 0.015278
7 0.493359 0.461111 0.011719 0.011111
7 0.608984 0.495833 0.047656 0.072222
7 0.481250 0.479167 0.039062 0.050000
7 0.650781 0.450694 0.010937 0.018056
7 0.636328 0.463889 0.014844 0.019444
7 0.625391 0.449306 0.008594 0.015278
7 0.610156 0.449306 0.009375 0.015278
7 0.619141 0.447917 0.003906 0.012500
7 0.580469 0.543750 0.078125 0.118056
7 0.981250 0.477778 0.032813 0.022222
7 0.980469 0.459028 0.028125 0.009722
2 0.903125 0.397222 0.015625 0.036111
