7 0.121094 0.440278 0.059375 0.122222
7 0.298047 0.407639 0.039844 0.051389
7 0.370312 0.388194 0.015625 0.020833
7 0.423438 0.382639 0.015625 0.023611
7 0.435937 0.387500 0.015625 0.027778
7 0.467578 0.386111 0.013281 0.025000
7 0.480078 0.385417 0.014844 0.023611
7 0.491406 0.389583 0.010937 0.040278
7 0.538672 0.399306 0.041406 0.054167
7 0.584375 0.409722 0.059375 0.083333
7 0.053125 0.463194 0.106250 0.209722
7 0.709766 0.467361 0.294531 0.368056
7 0.410547 0.386806 0.027344 0.020833
5 0.513672 0.379861 0.055469 0.079167
5 0.450781 0.384028 0.021875 0.045833
5 0.208203 0.406944 0.144531 0.188889
3 0.469141 0.406944 0.017969 0.063889
3 0.820703 0.390278 0.019531 0.055556
3 0.790234 0.377083 0.021094 0.048611
2 0.607031 0.332639 0.010937 0.020833
1 0.407031 0.343750 0.006250 0.018056
