7 0.420312 0.406250 0.009375 0.015278
7 0.440234 0.413194 0.011719 0.029167
7 0.451953 0.409028 0.021094 0.029167
7 0.459766 0.415972 0.027344 0.037500
7 0.480078 0.418750 0.030469 0.051389
7 0.498437 0.429167 0.031250 0.072222
7 0.537500 0.433333 0.079687 0.105556
7 0.571484 0.463194 0.072656 0.145833
7 0.428906 0.410417 0.009375 0.015278
7 0.414062 0.406250 0.010937 0.015278
7 0.382422 0.402778 0.013281 0.016667
7 0.370703 0.404167 0.013281 0.013889
7 0.358984 0.404167 0.013281 0.013889
7 0.346094 0.406250 0.010937 0.018056
7 0.334375 0.404167 0.010937 0.019444
7 0.327734 0.404861 0.011719 0.020833
7 0.273438 0.406944 0.035937 0.050000
7 0.249609 0.406250 0.011719 0.015278
7 0.233594 0.408333 0.009375 0.019444
7 0.697656 0.472222 0.235937 0.272222
2 0.554297 0.327083 0.013281 0.015278
2 0.625781 0.281250 0.010937 0.023611
2 0.432031 0.366667 0.014063 0.011111
2 0.111719 0.373611 0.014063 0.008333
7 0.196484 0.406944 0.022656 0.016667
7 0.105859 0.401389 0.021094 0.016667
7 0.005859 0.430556 0.010156 0.025000
1 0.315625 0.365972 0.010937 0.012500
2 0.151562 0.378472 0.009375 0.012500
7 0.404687 0.393750 0.010937 0.015278
