2 0.272656 0.236806 0.040625 0.084722
2 0.728125 0.227778 0.046875 0.080556
2 0.973047 0.175694 0.050781 0.040278
2 0.980078 0.241667 0.032031 0.097222
2 0.362891 0.329861 0.014844 0.020833
7 0.852344 0.435417 0.293750 0.248611
7 0.455078 0.397222 0.021094 0.047222
7 0.439844 0.402083 0.031250 0.056944
7 0.512500 0.391667 0.017188 0.044444
7 0.526563 0.392361 0.014063 0.023611
7 0.535937 0.396528 0.014063 0.034722
7 0.559375 0.396528 0.031250 0.051389
7 0.593359 0.398611 0.061719 0.083333
7 0.483594 0.406250 0.060937 0.079167
7 0.406641 0.410417 0.063281 0.070833
3 0.222656 0.400000 0.048438 0.130556
2 0.554688 0.354167 0.012500 0.022222
2 0.644922 0.306944 0.016406 0.047222
2 0.639062 0.265278 0.021875 0.033333
3 0.552734 0.402083 0.022656 0.079167
