2 0.204297 0.632639 0.025781 0.059722
2 0.595703 0.663889 0.010156 0.030556
7 0.030859 0.822222 0.060156 0.350000
7 0.883984 0.811806 0.228906 0.370833
7 0.376563 0.756250 0.145313 0.140278
7 0.489453 0.750000 0.092969 0.083333
7 0.243750 0.752083 0.146875 0.095833
7 0.191797 0.730556 0.025781 0.027778
7 0.334375 0.713889 0.028125 0.027778
7 0.782813 0.716667 0.059375 0.052778
7 0.677344 0.711111 0.034375 0.036111
5 0.734375 0.704167 0.046875 0.055556
7 0.528125 0.706250 0.023438 0.020833
7 0.550781 0.705556 0.026562 0.022222
7 0.572266 0.705556 0.028906 0.022222
5 0.617969 0.698611 0.020313 0.033333
5 0.636328 0.702083 0.017969 0.023611
7 0.655469 0.702778 0.015625 0.025000
