7 0.902344 0.592361 0.192188 0.306944
7 0.373828 0.513889 0.007031 0.027778
7 0.416406 0.513889 0.076563 0.047222
7 0.726953 0.513194 0.197656 0.265278
7 0.621875 0.523611 0.040625 0.041667
7 0.468359 0.511111 0.010156 0.016667
7 0.483594 0.506944 0.009375 0.016667
7 0.476562 0.513194 0.009375 0.020833
7 0.501172 0.517361 0.049219 0.045833
7 0.537500 0.536111 0.051562 0.075000
8 0.581250 0.517361 0.025000 0.051389
4 0.581250 0.554861 0.012500 0.034722
2 0.614844 0.430556 0.018750 0.016667
2 0.624609 0.406944 0.019531 0.013889
2 0.596484 0.459028 0.014844 0.009722
1 0.623828 0.461111 0.011719 0.019444
1 0.540625 0.407639 0.010937 0.023611
