1 0.202734 0.129861 0.024219 0.087500
1 0.153906 0.325694 0.046875 0.070833
1 0.415625 0.273611 0.014063 0.050000
1 0.167578 0.448611 0.022656 0.047222
2 0.187500 0.195833 0.048438 0.055556
2 0.355078 0.356944 0.025781 0.019444
2 0.354297 0.393750 0.014844 0.023611
2 0.358594 0.428472 0.009375 0.029167
2 0.358203 0.450694 0.010156 0.018056
2 0.008203 0.388194 0.016406 0.043056
1 0.398047 0.269444 0.011719 0.052778
1 0.341797 0.427778 0.019531 0.025000
7 0.085156 0.663889 0.168750 0.394444
7 0.731641 0.556250 0.533594 0.754167
7 0.462500 0.518056 0.026562 0.036111
7 0.432812 0.511111 0.026562 0.025000
6 0.476562 0.525694 0.009375 0.020833
