7 0.230469 0.534028 0.067187 0.073611
7 0.492188 0.516667 0.070312 0.108333
7 0.926953 0.508333 0.142969 0.130556
7 0.266797 0.519444 0.033594 0.055556
7 0.289453 0.518056 0.016406 0.050000
7 0.302344 0.513194 0.017188 0.045833
7 0.314063 0.508333 0.017188 0.036111
7 0.328516 0.507639 0.008594 0.026389
7 0.334766 0.504861 0.003906 0.020833
7 0.342187 0.504861 0.009375 0.020833
7 0.353906 0.504861 0.006250 0.020833
7 0.363281 0.497917 0.007812 0.006944
7 0.407031 0.497222 0.014063 0.022222
7 0.399219 0.496528 0.007812 0.018056
7 0.396484 0.497917 0.011719 0.012500
2 0.261719 0.318056 0.014063 0.041667
