3 0.130859 0.305556 0.033594 0.136111
7 0.070312 0.302778 0.062500 0.066667
5 0.182422 0.293056 0.060156 0.069444
7 0.612891 0.309028 0.039844 0.068056
7 0.713281 0.303472 0.029687 0.048611
7 0.794141 0.300000 0.016406 0.036111
7 0.770703 0.296528 0.035156 0.054167
7 0.528906 0.381250 0.175000 0.243056
7 0.656250 0.326389 0.087500 0.094444
0 0.854297 0.277778 0.105469 0.119444
7 0.748437 0.309722 0.054688 0.058333
2 0.350781 0.291667 0.029687 0.061111
2 0.037891 0.132639 0.038281 0.081944
2 0.328906 0.163889 0.029687 0.077778
2 0.644141 0.197222 0.014844 0.027778
2 0.645312 0.234028 0.023438 0.031944
2 0.757031 0.178472 0.020313 0.029167
2 0.764844 0.211806 0.018750 0.026389
3 0.691406 0.295833 0.009375 0.036111
