5 0.268359 0.452778 0.235156 0.302778
7 0.420312 0.515972 0.060937 0.087500
7 0.620703 0.540278 0.028906 0.038889
7 0.509375 0.518056 0.015625 0.022222
7 0.476953 0.524306 0.032031 0.045833
7 0.455078 0.515278 0.019531 0.027778
7 0.992188 0.784028 0.010937 0.134722
7 0.896875 0.633333 0.203125 0.208333
7 0.799219 0.570833 0.157812 0.194444
7 0.714063 0.586111 0.040625 0.091667
7 0.695312 0.569444 0.059375 0.088889
7 0.605859 0.529861 0.013281 0.031944
7 0.597266 0.523611 0.010156 0.025000
7 0.496484 0.516667 0.014844 0.030556
1 0.417969 0.353472 0.009375 0.034722
1 0.429688 0.359028 0.009375 0.037500
1 0.577344 0.407639 0.007812 0.026389
1 0.584766 0.406250 0.007031 0.031944
1 0.671094 0.443750 0.006250 0.029167
1 0.735547 0.494444 0.021094 0.027778
1 0.676562 0.499306 0.010937 0.018056
2 0.667969 0.465278 0.015625 0.013889
7 0.578906 0.522917 0.015625 0.012500
