2 0.448828 0.412500 0.013281 0.013889
2 0.607031 0.377083 0.009375 0.015278
2 0.557422 0.380556 0.011719 0.011111
1 0.509375 0.411806 0.007812 0.015278
1 0.463672 0.413194 0.008594 0.015278
3 0.642188 0.474306 0.015625 0.054167
3 0.625000 0.472222 0.010937 0.055556
3 0.615625 0.471528 0.010937 0.059722
2 0.782813 0.251389 0.020313 0.027778
2 0.809766 0.272222 0.030469 0.019444
2 0.981250 0.331944 0.014063 0.019444
8 0.128906 0.473611 0.026562 0.108333
4 0.128516 0.496528 0.038281 0.073611
5 0.303906 0.434722 0.078125 0.125000
7 0.442578 0.452778 0.011719 0.019444
7 0.408594 0.456944 0.012500 0.027778
7 0.355078 0.467361 0.021094 0.031944
7 0.505469 0.450694 0.009375 0.018056
3 0.517969 0.454167 0.006250 0.025000
7 0.525391 0.450000 0.013281 0.025000
7 0.534766 0.459028 0.013281 0.029167
7 0.545703 0.460417 0.017969 0.040278
7 0.555078 0.461111 0.024219 0.052778
7 0.659375 0.459028 0.054688 0.076389
7 0.242578 0.477778 0.060156 0.063889
7 0.392969 0.465972 0.035937 0.043056
7 0.426953 0.457639 0.028906 0.034722
7 0.477344 0.468056 0.056250 0.077778
7 0.569531 0.465972 0.039062 0.059722
0 0.493750 0.431250 0.017188 0.026389
7 0.745313 0.477778 0.070312 0.072222
3 0.978906 0.472222 0.017188 0.072222
