7 0.067187 0.670833 0.134375 0.244444
7 0.339453 0.610417 0.152344 0.215278
7 0.511719 0.620139 0.107813 0.140278
7 0.734766 0.631944 0.186719 0.222222
7 0.194141 0.631944 0.150781 0.150000
7 0.419922 0.574306 0.028906 0.056944
7 0.433203 0.575694 0.014844 0.040278
7 0.446484 0.572917 0.016406 0.040278
7 0.490625 0.561806 0.046875 0.059722
7 0.635938 0.620139 0.064062 0.123611
7 0.611328 0.611111 0.055469 0.094444
7 0.587109 0.598611 0.041406 0.094444
7 0.567578 0.589583 0.028906 0.068056
7 0.562109 0.559028 0.041406 0.059722
2 0.528516 0.506944 0.021094 0.013889
2 0.596094 0.522222 0.009375 0.038889
1 0.452344 0.502083 0.004687 0.012500
2 0.266016 0.465972 0.013281 0.059722
