7 0.262891 0.733333 0.011719 0.013889
7 0.252734 0.741667 0.013281 0.025000
7 0.244141 0.743056 0.011719 0.027778
7 0.227344 0.745139 0.028125 0.037500
7 0.205469 0.747222 0.026562 0.041667
7 0.186328 0.759028 0.041406 0.051389
7 0.078906 0.769444 0.026562 0.044444
7 0.317578 0.732639 0.013281 0.020833
7 0.326172 0.731944 0.014844 0.025000
7 0.332031 0.734028 0.015625 0.037500
7 0.342969 0.736111 0.017188 0.041667
7 0.353125 0.738194 0.018750 0.043056
7 0.376172 0.731944 0.042969 0.072222
7 0.389844 0.734722 0.034375 0.072222
7 0.425000 0.736111 0.071875 0.116667
7 0.453125 0.748611 0.068750 0.125000
7 0.516406 0.752083 0.126562 0.168056
7 0.675391 0.784722 0.299219 0.280556
7 0.293359 0.720833 0.011719 0.016667
7 0.139453 0.772917 0.063281 0.070833
7 0.035547 0.794444 0.071094 0.116667
7 0.869141 0.796528 0.260156 0.404167
