1 0.496094 0.436806 0.006250 0.020833
1 0.503125 0.434028 0.007812 0.020833
2 0.784766 0.401389 0.038281 0.091667
2 0.475781 0.436806 0.010937 0.020833
2 0.475000 0.413194 0.012500 0.026389
2 0.705078 0.363194 0.016406 0.029167
3 0.229687 0.578472 0.051562 0.243056
3 0.591016 0.524306 0.014844 0.084722
3 0.598437 0.543056 0.023438 0.122222
7 0.403125 0.535417 0.015625 0.048611
7 0.571875 0.501389 0.010937 0.019444
7 0.608203 0.501389 0.041406 0.047222
7 0.553516 0.514583 0.032031 0.048611
5 0.694141 0.533333 0.138281 0.236111
5 0.269531 0.447222 0.285938 0.430556
7 0.490234 0.559722 0.121094 0.191667
0 0.092188 0.489583 0.065625 0.056944
7 0.116797 0.498611 0.032031 0.050000
