1 0.429297 0.345139 0.005469 0.034722
1 0.560547 0.295833 0.008594 0.036111
1 0.566016 0.296528 0.008594 0.034722
2 0.346094 0.150694 0.057813 0.029167
2 0.298047 0.143750 0.027344 0.034722
2 0.312500 0.275000 0.037500 0.063889
2 0.313281 0.343750 0.035937 0.059722
2 0.659375 0.250000 0.031250 0.019444
2 0.501563 0.409028 0.032813 0.026389
2 0.525000 0.412500 0.014063 0.019444
2 0.534375 0.433333 0.014063 0.016667
2 0.460156 0.406944 0.012500 0.022222
2 0.460547 0.427778 0.013281 0.019444
2 0.488281 0.458333 0.010937 0.016667
2 0.545312 0.452083 0.010937 0.015278
1 0.530469 0.455556 0.010937 0.016667
2 0.532813 0.468750 0.010937 0.015278
7 0.472266 0.477778 0.014844 0.022222
7 0.456641 0.475000 0.016406 0.030556
7 0.444141 0.479167 0.013281 0.038889
7 0.432812 0.481944 0.020313 0.041667
7 0.405469 0.493056 0.034375 0.058333
3 0.380078 0.471528 0.008594 0.034722
7 0.545703 0.475000 0.016406 0.027778
7 0.559766 0.470139 0.017969 0.045833
7 0.368359 0.481250 0.017969 0.023611
0 0.267188 0.479861 0.085938 0.084722
7 0.176563 0.485417 0.018750 0.029167
7 0.194141 0.488194 0.016406 0.023611
7 0.212109 0.486111 0.019531 0.025000
3 0.069141 0.512500 0.014844 0.072222
3 0.085156 0.506250 0.014063 0.065278
3 0.096484 0.504167 0.014844 0.069444
3 0.107031 0.505556 0.014063 0.063889
3 0.111719 0.504167 0.009375 0.066667
3 0.120313 0.505556 0.010937 0.072222
7 0.605469 0.515972 0.098437 0.143056
