7 0.053516 0.456944 0.107031 0.255556
7 0.072266 0.374306 0.055469 0.073611
5 0.073438 0.314583 0.146875 0.165278
7 0.172656 0.433333 0.160938 0.163889
7 0.145313 0.364583 0.084375 0.079167
5 0.315234 0.352083 0.122656 0.184722
7 0.559766 0.458333 0.155469 0.208333
7 0.482031 0.418750 0.048438 0.104167
7 0.385547 0.389583 0.027344 0.065278
7 0.412891 0.382639 0.027344 0.048611
7 0.451562 0.379861 0.004687 0.018056
7 0.467578 0.382639 0.011719 0.023611
2 0.448437 0.285417 0.017188 0.009722
2 0.462109 0.313194 0.013281 0.009722
1 0.461719 0.294444 0.006250 0.019444
