7 0.430859 0.520139 0.011719 0.026389
7 0.423438 0.520833 0.014063 0.027778
7 0.406250 0.528472 0.018750 0.020833
7 0.396484 0.535417 0.016406 0.031944
7 0.358594 0.525694 0.065625 0.095833
7 0.181641 0.552083 0.103906 0.131944
7 0.077734 0.561111 0.153906 0.211111
7 0.465234 0.529861 0.060156 0.093056
7 0.503906 0.522222 0.014063 0.036111
7 0.520312 0.525000 0.032813 0.047222
7 0.697266 0.520139 0.089844 0.059722
7 0.646484 0.535417 0.013281 0.026389
7 0.775781 0.529167 0.037500 0.038889
1 0.106641 0.452083 0.017969 0.029167
2 0.184766 0.354167 0.022656 0.033333
2 0.234766 0.343750 0.063281 0.020833
1 0.305469 0.353472 0.007812 0.034722
1 0.282813 0.417361 0.006250 0.029167
1 0.323437 0.356944 0.007812 0.033333
1 0.315625 0.355556 0.007812 0.041667
1 0.282813 0.483333 0.006250 0.019444
2 0.335938 0.446528 0.007812 0.018056
2 0.332422 0.465278 0.007031 0.013889
1 0.521094 0.402778 0.006250 0.022222
1 0.534375 0.403472 0.007812 0.020833
1 0.528906 0.401389 0.006250 0.033333
2 0.584375 0.409028 0.042188 0.015278
2 0.644141 0.368750 0.016406 0.026389
2 0.647266 0.393056 0.024219 0.011111
1 0.670312 0.351389 0.010937 0.052778
3 0.572266 0.522917 0.008594 0.043056
3 0.562500 0.522917 0.009375 0.034722
3 0.588281 0.525694 0.012500 0.048611
3 0.751953 0.539583 0.024219 0.109722
