2 0.549219 0.425694 0.007812 0.020833
7 0.334766 0.497917 0.032031 0.062500
7 0.304297 0.500000 0.046094 0.075000
7 0.255078 0.515278 0.082031 0.108333
3 0.135156 0.487500 0.020313 0.061111
7 0.183203 0.538889 0.096094 0.113889
7 0.073438 0.560417 0.146875 0.184722
7 0.424219 0.460417 0.009375 0.018056
7 0.416797 0.458333 0.016406 0.025000
7 0.407422 0.463889 0.014844 0.025000
7 0.391406 0.463889 0.025000 0.036111
7 0.479297 0.464583 0.047656 0.062500
7 0.467969 0.475000 0.048438 0.033333
7 0.516797 0.455556 0.022656 0.033333
7 0.523438 0.491667 0.025000 0.066667
7 0.610938 0.457639 0.020313 0.029167
7 0.635547 0.495139 0.053906 0.101389
7 0.571094 0.509028 0.100000 0.151389
7 0.686328 0.508333 0.107031 0.136111
7 0.438281 0.617361 0.209375 0.287500
3 0.854688 0.495833 0.028125 0.122222
3 0.879687 0.484722 0.025000 0.088889
3 0.941797 0.528472 0.046094 0.170833
3 0.830859 0.484028 0.032031 0.118056
3 0.748437 0.477083 0.018750 0.095833
2 0.945312 0.147222 0.042188 0.061111
2 0.928516 0.210417 0.019531 0.037500
7 0.432812 0.456250 0.014063 0.023611
2 0.965234 0.221528 0.030469 0.062500
3 0.360156 0.475694 0.009375 0.043056
