1 0.127734 0.348611 0.024219 0.122222
1 0.105859 0.374306 0.014844 0.065278
1 0.158984 0.345833 0.028906 0.138889
1 0.715234 0.439583 0.019531 0.054167
2 0.131250 0.259028 0.025000 0.048611
2 0.719141 0.373611 0.019531 0.050000
2 0.716406 0.497222 0.025000 0.044444
2 0.717187 0.534722 0.018750 0.030556
2 0.015625 0.484722 0.031250 0.088889
3 0.796094 0.592361 0.037500 0.159722
3 0.733984 0.574306 0.017969 0.093056
7 0.225781 0.536806 0.014063 0.037500
7 0.187109 0.547917 0.032031 0.051389
7 0.100000 0.550694 0.053125 0.065278
7 0.355469 0.554861 0.042188 0.070833
7 0.042578 0.563194 0.064844 0.137500
7 0.289844 0.569444 0.100000 0.155556
0 0.531641 0.493056 0.314844 0.391667
