1 0.396094 0.390278 0.006250 0.025000
1 0.514844 0.380556 0.009375 0.030556
1 0.565625 0.402778 0.007812 0.027778
1 0.303125 0.361806 0.010937 0.026389
1 0.401172 0.388889 0.007031 0.022222
1 0.508594 0.376389 0.007812 0.030556
1 0.521875 0.378472 0.007812 0.026389
1 0.571875 0.455556 0.015625 0.022222
1 0.605078 0.445139 0.013281 0.018056
1 0.365625 0.456250 0.012500 0.023611
2 0.380859 0.400000 0.028906 0.013889
2 0.365234 0.429167 0.013281 0.013889
2 0.603516 0.419444 0.021094 0.019444
2 0.593359 0.392361 0.021094 0.026389
3 0.178906 0.502778 0.015625 0.077778
3 0.161719 0.505556 0.023438 0.088889
3 0.129297 0.500000 0.021094 0.072222
3 0.104688 0.502778 0.025000 0.091667
3 0.904297 0.534028 0.032031 0.120833
3 0.866797 0.537500 0.022656 0.133333
3 0.746094 0.694444 0.126562 0.575000
7 0.273047 0.533333 0.122656 0.119444
7 0.493359 0.475000 0.019531 0.013889
7 0.505859 0.529167 0.028906 0.094444
7 0.551953 0.516667 0.028906 0.063889
7 0.580469 0.527083 0.056250 0.084722
7 0.585156 0.539583 0.045312 0.095833
7 0.637500 0.559722 0.109375 0.163889
7 0.756641 0.617361 0.221094 0.254167
7 0.444141 0.538889 0.136719 0.177778
5 0.212891 0.484722 0.046094 0.088889
5 0.303125 0.454861 0.115625 0.084722
5 0.528516 0.494444 0.024219 0.047222
7 0.334766 0.677083 0.374219 0.468056
7 0.888281 0.779167 0.221875 0.438889
2 0.866797 0.346528 0.038281 0.112500
