1 0.280859 0.479167 0.007031 0.036111
1 0.544531 0.472917 0.009375 0.031944
1 0.272656 0.479861 0.009375 0.031944
1 0.288672 0.479861 0.008594 0.034722
1 0.552344 0.472917 0.006250 0.029167
1 0.535937 0.474306 0.007812 0.034722
1 0.726953 0.568056 0.019531 0.025000
1 0.507812 0.569444 0.004687 0.013889
1 0.429297 0.568056 0.003906 0.013889
1 0.426172 0.568056 0.003906 0.013889
2 0.215625 0.554167 0.006250 0.019444
2 0.211328 0.572222 0.007031 0.016667
2 0.575391 0.529861 0.011719 0.020833
2 0.708594 0.536111 0.020313 0.027778
2 0.707422 0.570833 0.013281 0.013889
2 0.708203 0.590278 0.019531 0.022222
2 0.790234 0.579861 0.016406 0.023611
1 0.171875 0.587500 0.015625 0.022222
1 0.656250 0.573611 0.010937 0.019444
7 0.432812 0.622222 0.010937 0.022222
7 0.443359 0.625694 0.013281 0.031944
7 0.399609 0.627083 0.013281 0.026389
7 0.382422 0.628472 0.017969 0.029167
7 0.539844 0.629861 0.023438 0.051389
7 0.846875 0.630556 0.046875 0.041667
7 0.192969 0.656944 0.046875 0.113889
7 0.346484 0.650694 0.066406 0.087500
7 0.490234 0.665972 0.103906 0.173611
7 0.583203 0.665972 0.072656 0.090278
7 0.594922 0.615278 0.016406 0.013889
7 0.094531 0.704861 0.189062 0.287500
7 0.927734 0.727778 0.141406 0.230556
7 0.417187 0.627778 0.020313 0.027778
3 0.894141 0.639583 0.024219 0.081944
3 0.635156 0.618056 0.007812 0.047222
3 0.648438 0.629861 0.010937 0.045833
