7 0.470703 0.512500 0.185156 0.202778
7 0.536328 0.440278 0.016406 0.027778
7 0.341016 0.450000 0.021094 0.036111
7 0.320703 0.440972 0.027344 0.029167
7 0.276562 0.480556 0.128125 0.119444
7 0.101953 0.450000 0.044531 0.058333
7 0.043359 0.445833 0.074219 0.069444
7 0.890234 0.482639 0.217969 0.409722
2 0.411328 0.342361 0.025781 0.056944
2 0.412500 0.385417 0.018750 0.031944
2 0.741797 0.306250 0.044531 0.026389
2 0.702734 0.284722 0.013281 0.030556
1 0.402734 0.293056 0.010156 0.047222
1 0.141797 0.023611 0.030469 0.047222
1 0.516797 0.238194 0.011719 0.045833
1 0.686328 0.276389 0.011719 0.022222
1 0.805859 0.393750 0.010156 0.018056
1 0.176953 0.072917 0.025781 0.143056
1 0.106641 0.189583 0.039844 0.087500
1 0.422656 0.283333 0.010937 0.063889
2 0.161328 0.215972 0.057031 0.129167
2 0.506641 0.236806 0.008594 0.034722
