7 0.318359 0.364583 0.022656 0.043056
7 0.292187 0.375694 0.043750 0.062500
7 0.276562 0.381944 0.037500 0.072222
7 0.229687 0.384028 0.082812 0.090278
7 0.166016 0.409722 0.099219 0.105556
7 0.489844 0.348611 0.020313 0.038889
7 0.503906 0.357639 0.012500 0.040278
7 0.428125 0.350694 0.009375 0.034722
7 0.442578 0.356250 0.025781 0.037500
7 0.401953 0.355556 0.013281 0.022222
7 0.342187 0.364583 0.042188 0.056944
7 0.463672 0.363889 0.046094 0.066667
7 0.526172 0.354167 0.041406 0.052778
7 0.036719 0.459722 0.073438 0.147222
3 0.936328 0.352778 0.039844 0.180556
2 0.866016 0.134722 0.019531 0.044444
2 0.483203 0.286111 0.017969 0.011111
3 0.700000 0.345833 0.015625 0.066667
3 0.624609 0.346528 0.011719 0.073611
7 0.418359 0.359028 0.011719 0.012500
7 0.414062 0.360417 0.010937 0.015278
7 0.389062 0.363889 0.007812 0.016667
7 0.369922 0.364583 0.010156 0.015278
