7 0.547266 0.622222 0.011719 0.013889
7 0.530469 0.626389 0.010937 0.016667
7 0.516406 0.624306 0.012500 0.020833
7 0.574609 0.617361 0.021094 0.023611
7 0.573828 0.639583 0.030469 0.043056
7 0.596094 0.632639 0.014063 0.031944
7 0.609766 0.638194 0.019531 0.034722
7 0.622266 0.642361 0.024219 0.037500
7 0.698047 0.646528 0.014844 0.026389
7 0.438672 0.622917 0.028906 0.040278
7 0.392188 0.628472 0.023438 0.034722
7 0.369141 0.631944 0.039844 0.033333
7 0.342969 0.634028 0.034375 0.037500
7 0.131250 0.629167 0.071875 0.047222
7 0.094922 0.629861 0.038281 0.048611
7 0.764062 0.693056 0.109375 0.150000
7 0.894922 0.713194 0.208594 0.565278
1 0.572266 0.404167 0.028906 0.044444
2 0.269141 0.491667 0.030469 0.069444
2 0.496875 0.585417 0.014063 0.015278
