1 0.587891 0.409722 0.010156 0.027778
1 0.536328 0.457639 0.008594 0.020833
2 0.862500 0.407639 0.014063 0.037500
2 0.852734 0.438194 0.017969 0.023611
2 0.868750 0.446528 0.015625 0.034722
2 0.242188 0.425694 0.015625 0.020833
7 0.429688 0.501389 0.015625 0.019444
7 0.425000 0.514583 0.021875 0.026389
7 0.405859 0.508333 0.024219 0.041667
7 0.390625 0.515278 0.028125 0.041667
7 0.369531 0.521528 0.021875 0.040278
7 0.353125 0.520833 0.031250 0.058333
7 0.327344 0.519444 0.043750 0.075000
7 0.298828 0.525694 0.047656 0.087500
7 0.257422 0.533333 0.077344 0.091667
7 0.567187 0.513194 0.014063 0.029167
7 0.577344 0.513194 0.010937 0.031944
7 0.587109 0.512500 0.022656 0.030556
7 0.600781 0.518750 0.015625 0.040278
7 0.614062 0.518056 0.023438 0.041667
7 0.907422 0.537500 0.041406 0.044444
7 0.939453 0.540972 0.055469 0.051389
7 0.675391 0.535417 0.033594 0.048611
7 0.701172 0.538889 0.039844 0.055556
7 0.730859 0.540972 0.050781 0.070833
7 0.980078 0.537500 0.038281 0.044444
7 0.053125 0.579861 0.106250 0.165278
7 0.183203 0.543750 0.116406 0.112500
7 0.450781 0.524306 0.034375 0.051389
7 0.519922 0.510417 0.022656 0.018056
7 0.541797 0.523611 0.036719 0.050000
7 0.637891 0.525000 0.036719 0.047222
7 0.782422 0.548611 0.088281 0.102778
