2 0.075781 0.220139 0.031250 0.043056
2 0.130859 0.300000 0.035156 0.061111
2 0.054297 0.348611 0.050781 0.066667
1 0.103125 0.414583 0.012500 0.043056
1 0.114453 0.411111 0.011719 0.027778
2 0.131250 0.377778 0.037500 0.061111
2 0.419531 0.462500 0.048438 0.083333
2 0.414844 0.528472 0.034375 0.054167
1 0.227734 0.515278 0.008594 0.022222
1 0.146875 0.484722 0.015625 0.036111
1 0.128125 0.477778 0.015625 0.036111
7 0.941797 0.641667 0.082031 0.069444
7 0.851953 0.638889 0.082031 0.066667
7 0.783594 0.639583 0.051562 0.045833
1 0.511719 0.570833 0.010937 0.019444
5 0.615625 0.598611 0.131250 0.083333
0 0.593750 0.563194 0.165625 0.090278
7 0.490625 0.564583 0.039062 0.031944
7 0.433203 0.597917 0.083594 0.054167
7 0.502734 0.615972 0.114844 0.070833
7 0.333984 0.587500 0.086719 0.075000
7 0.383594 0.591667 0.028125 0.033333
7 0.197656 0.540278 0.023438 0.019444
7 0.160547 0.539583 0.044531 0.045833
7 0.180469 0.591667 0.100000 0.100000
7 0.016406 0.552778 0.032813 0.030556
7 0.072266 0.528472 0.013281 0.023611
7 0.017969 0.608333 0.035937 0.102778
7 0.109375 0.520139 0.009375 0.015278
7 0.091797 0.520833 0.019531 0.022222
