7 0.104688 0.408333 0.129688 0.105556
7 0.026953 0.379861 0.053906 0.070833
7 0.207422 0.372222 0.019531 0.027778
7 0.185156 0.376389 0.023438 0.033333
7 0.612891 0.377778 0.030469 0.033333
7 0.590625 0.377778 0.009375 0.022222
7 0.579297 0.380556 0.010156 0.022222
7 0.562891 0.377778 0.017969 0.022222
7 0.444141 0.383333 0.010156 0.033333
7 0.391406 0.374306 0.017188 0.029167
7 0.360156 0.375000 0.014063 0.027778
7 0.348438 0.376389 0.012500 0.025000
7 0.225391 0.379167 0.016406 0.022222
7 0.304688 0.380556 0.020313 0.016667
7 0.256250 0.388889 0.051562 0.061111
7 0.328906 0.381944 0.029687 0.036111
7 0.374219 0.377778 0.023438 0.033333
7 0.430859 0.384028 0.025781 0.040278
7 0.485156 0.375000 0.025000 0.022222
7 0.938672 0.387500 0.063281 0.080556
7 0.976172 0.363889 0.046094 0.050000
7 0.979688 0.401389 0.037500 0.069444
7 0.777734 0.482639 0.344531 0.373611
0 0.461719 0.370139 0.028125 0.054167
1 0.360156 0.315278 0.003125 0.013889
1 0.342969 0.336806 0.004687 0.009722
1 0.447656 0.320833 0.003125 0.013889
7 0.400391 0.379861 0.007031 0.018056
2 0.032422 0.284028 0.017969 0.062500
7 0.063672 0.370139 0.035156 0.037500
2 0.351172 0.356250 0.005469 0.015278
