1 0.490234 0.013889 0.024219 0.027778
1 0.511719 0.013889 0.017188 0.027778
1 0.692578 0.381250 0.030469 0.037500
1 0.166016 0.097917 0.010156 0.056944
2 0.008594 0.117361 0.017188 0.037500
2 0.690625 0.274306 0.029687 0.023611
2 0.666016 0.293750 0.014844 0.020833
2 0.672656 0.318750 0.040625 0.023611
2 0.601172 0.112500 0.047656 0.061111
2 0.531641 0.407639 0.014844 0.031944
2 0.212109 0.354861 0.013281 0.026389
2 0.208203 0.395833 0.010156 0.041667
3 0.923047 0.520139 0.038281 0.126389
3 0.931250 0.536806 0.032813 0.112500
3 0.036719 0.454167 0.015625 0.075000
1 0.373437 0.397917 0.006250 0.018056
1 0.440234 0.411111 0.005469 0.025000
2 0.453516 0.413889 0.014844 0.013889
7 0.464453 0.471528 0.008594 0.034722
7 0.423047 0.470833 0.013281 0.033333
7 0.410156 0.472222 0.017188 0.047222
0 0.448047 0.465972 0.019531 0.037500
7 0.281250 0.469444 0.032813 0.050000
5 0.491406 0.467361 0.053125 0.104167
7 0.358594 0.477778 0.103125 0.122222
7 0.232422 0.459028 0.075781 0.079167
3 0.628516 0.486111 0.017969 0.052778
