7 0.013281 0.410417 0.026562 0.070833
7 0.073438 0.406250 0.090625 0.056944
1 0.080859 0.320833 0.024219 0.036111
1 0.239453 0.214583 0.014844 0.040278
1 0.254297 0.216667 0.011719 0.027778
7 0.147266 0.399306 0.064844 0.056944
7 0.229297 0.410417 0.130469 0.126389
7 0.328125 0.384722 0.026562 0.025000
7 0.362500 0.388194 0.048438 0.056944
7 0.400391 0.386111 0.022656 0.033333
0 0.423047 0.375694 0.030469 0.056944
7 0.443750 0.381944 0.015625 0.033333
7 0.461719 0.382639 0.020313 0.029167
7 0.486328 0.393056 0.038281 0.072222
7 0.512891 0.379167 0.013281 0.022222
7 0.527734 0.385417 0.019531 0.026389
7 0.543359 0.393056 0.016406 0.030556
7 0.609766 0.426389 0.046094 0.091667
7 0.650000 0.436806 0.090625 0.179167
7 0.766797 0.470833 0.244531 0.297222
3 0.802344 0.496528 0.095312 0.398611
7 0.939844 0.635417 0.115625 0.326389
1 0.513672 0.248611 0.007031 0.030556
1 0.520703 0.248611 0.010156 0.025000
1 0.503516 0.338889 0.008594 0.025000
2 0.556250 0.341667 0.009375 0.013889
2 0.649609 0.290972 0.024219 0.018056
2 0.603906 0.292361 0.015625 0.009722
2 0.251953 0.268750 0.010156 0.031944
1 0.326172 0.315972 0.007031 0.029167
1 0.338281 0.320139 0.006250 0.029167
