7 0.404687 0.503472 0.004687 0.015278
7 0.424219 0.525000 0.029687 0.058333
7 0.337891 0.527083 0.033594 0.054167
7 0.289453 0.534028 0.085156 0.106944
7 0.177344 0.576389 0.182812 0.241667
7 0.042969 0.542361 0.084375 0.084722
7 0.386328 0.529167 0.042969 0.072222
5 0.352344 0.500694 0.040625 0.084722
3 0.483594 0.536111 0.010937 0.080556
3 0.467187 0.522222 0.007812 0.044444
3 0.554688 0.509028 0.009375 0.051389
3 0.607812 0.535417 0.012500 0.090278
3 0.692969 0.527778 0.018750 0.111111
3 0.723828 0.538194 0.022656 0.134722
3 0.105078 0.522917 0.013281 0.051389
2 0.626172 0.341667 0.025781 0.066667
2 0.006641 0.414583 0.013281 0.062500
1 0.313672 0.442361 0.003906 0.018056
1 0.452734 0.458333 0.005469 0.016667
2 0.264453 0.448611 0.008594 0.016667
2 0.515625 0.447917 0.007812 0.018056
2 0.485156 0.450694 0.015625 0.012500
1 0.458984 0.491667 0.005469 0.016667
1 0.207813 0.434028 0.009375 0.020833
1 0.318750 0.437500 0.003125 0.022222
1 0.310156 0.443056 0.003125 0.022222
3 0.620703 0.529861 0.013281 0.087500
3 0.542578 0.513194 0.011719 0.031944
3 0.533984 0.513194 0.008594 0.034722
5 0.225000 0.490278 0.042188 0.061111
