1 0.708203 0.381250 0.008594 0.020833
1 0.748047 0.377083 0.014844 0.018056
7 0.713672 0.438889 0.019531 0.030556
7 0.678906 0.439583 0.029687 0.045833
7 0.745703 0.434028 0.013281 0.031944
7 0.763281 0.435417 0.015625 0.043056
7 0.782422 0.443056 0.042969 0.058333
7 0.821094 0.468750 0.057813 0.104167
7 0.871094 0.485417 0.125000 0.137500
7 0.580859 0.500694 0.072656 0.106944
7 0.489453 0.540278 0.136719 0.180556
7 0.085938 0.594444 0.171875 0.186111
7 0.269141 0.659028 0.335156 0.337500
4 0.075391 0.722222 0.092969 0.244444
2 0.069141 0.305556 0.099219 0.197222
