7 0.340625 0.486806 0.017188 0.026389
7 0.392969 0.485417 0.012500 0.029167
7 0.429297 0.484722 0.011719 0.025000
7 0.442188 0.488194 0.017188 0.034722
7 0.451953 0.488889 0.016406 0.038889
7 0.460938 0.490278 0.020313 0.052778
7 0.312109 0.487500 0.042969 0.055556
7 0.358203 0.484722 0.021094 0.038889
7 0.378516 0.486111 0.025781 0.038889
7 0.485547 0.488194 0.049219 0.076389
7 0.210938 0.527083 0.157812 0.195833
7 0.074219 0.497917 0.040625 0.029167
7 0.716406 0.487500 0.076563 0.061111
2 0.593359 0.325694 0.035156 0.023611
2 0.829297 0.173611 0.039844 0.038889
2 0.738281 0.377778 0.010937 0.013889
7 0.408203 0.488889 0.016406 0.025000
2 0.301172 0.463194 0.007031 0.012500
