2 0.733203 0.412500 0.046094 0.027778
2 0.671875 0.420833 0.042188 0.030556
2 0.624219 0.423611 0.043750 0.033333
7 0.479297 0.504167 0.038281 0.027778
7 0.429688 0.511806 0.042188 0.034722
7 0.398047 0.511806 0.032031 0.034722
7 0.354297 0.515972 0.055469 0.037500
7 0.562500 0.501389 0.023438 0.041667
7 0.723828 0.479861 0.013281 0.023611
7 0.741406 0.477083 0.017188 0.020833
7 0.811328 0.493750 0.046094 0.051389
7 0.588281 0.508333 0.040625 0.061111
7 0.654687 0.500694 0.050000 0.068056
5 0.780859 0.470833 0.038281 0.069444
7 0.028125 0.609028 0.056250 0.145833
2 0.671094 0.452083 0.042188 0.018056
