2 0.171484 0.131250 0.058594 0.034722
2 0.177734 0.173611 0.014844 0.036111
2 0.849609 0.379861 0.025781 0.018056
2 0.865625 0.354861 0.026562 0.018056
2 0.131250 0.059722 0.056250 0.030556
1 0.277734 0.114583 0.016406 0.059722
1 0.165625 0.236111 0.028125 0.061111
1 0.373828 0.250694 0.010156 0.059722
1 0.841016 0.322222 0.013281 0.069444
1 0.392578 0.384028 0.021094 0.026389
1 0.201953 0.247917 0.033594 0.059722
1 0.564063 0.215278 0.009375 0.036111
3 0.187109 0.447917 0.016406 0.059722
3 0.219531 0.444444 0.029687 0.197222
3 0.254688 0.443056 0.042188 0.205556
7 0.882812 0.632639 0.229687 0.515278
7 0.549219 0.559028 0.354687 0.543056
