2 0.817969 0.313889 0.101562 0.047222
2 0.654687 0.241667 0.046875 0.027778
2 0.893750 0.298611 0.015625 0.025000
7 0.539453 0.370833 0.017969 0.030556
7 0.520312 0.374306 0.029687 0.054167
7 0.444531 0.372222 0.035937 0.052778
7 0.490234 0.386111 0.053906 0.063889
5 0.338672 0.363194 0.016406 0.031944
5 0.307812 0.356250 0.046875 0.059722
5 0.276953 0.355556 0.014844 0.055556
7 0.243750 0.375000 0.040625 0.025000
7 0.208203 0.375000 0.033594 0.016667
7 0.172656 0.378472 0.029687 0.018056
7 0.126172 0.384722 0.047656 0.027778
5 0.071094 0.369444 0.081250 0.055556
7 0.030078 0.384028 0.058594 0.026389
7 0.386719 0.429861 0.139063 0.151389
7 0.572656 0.379167 0.053125 0.083333
2 0.618359 0.345833 0.021094 0.025000
