7 0.020703 0.431250 0.041406 0.045833
7 0.982422 0.448611 0.033594 0.044444
7 0.922656 0.445139 0.084375 0.043056
7 0.151172 0.423611 0.071094 0.058333
7 0.062109 0.426389 0.046094 0.044444
7 0.086719 0.411806 0.039062 0.045833
7 0.216406 0.415972 0.067187 0.068056
7 0.271875 0.422222 0.056250 0.075000
7 0.350391 0.440278 0.116406 0.180556
7 0.486719 0.489583 0.121875 0.170833
7 0.648828 0.463194 0.127344 0.156944
7 0.568750 0.432639 0.051562 0.081944
7 0.405469 0.435417 0.034375 0.079167
7 0.120703 0.412500 0.032031 0.041667
7 0.439844 0.436111 0.032813 0.066667
7 0.537891 0.420833 0.024219 0.044444
7 0.499219 0.390278 0.031250 0.030556
2 0.484375 0.344444 0.051562 0.038889
2 0.709375 0.220139 0.035937 0.051389
2 0.712891 0.258333 0.039844 0.025000
2 0.526563 0.343750 0.009375 0.018056
1 0.514453 0.342361 0.011719 0.026389
7 0.832422 0.440972 0.063281 0.031944
7 0.786719 0.447222 0.046875 0.052778
7 0.742578 0.434028 0.041406 0.051389
7 0.717578 0.426389 0.011719 0.041667
1 0.418750 0.329861 0.004687 0.020833
7 0.128125 0.377083 0.037500 0.020833
1 0.376172 0.345139 0.003906 0.018056
2 0.360938 0.349306 0.009375 0.018056
