1 0.098828 0.110417 0.030469 0.101389
1 0.112109 0.224306 0.022656 0.054167
1 0.065234 0.221528 0.033594 0.054167
3 0.338672 0.348611 0.011719 0.058333
3 0.318359 0.380556 0.017969 0.102778
3 0.298047 0.369444 0.008594 0.097222
3 0.285547 0.375694 0.019531 0.101389
3 0.275000 0.403472 0.035937 0.154167
3 0.252734 0.418750 0.016406 0.159722
3 0.241406 0.384722 0.023438 0.108333
3 0.227344 0.417361 0.032813 0.184722
3 0.184375 0.420139 0.045312 0.201389
3 0.309766 0.427778 0.028906 0.163889
3 0.334766 0.409722 0.028906 0.172222
3 0.361719 0.407639 0.039062 0.154167
3 0.891406 0.393056 0.015625 0.158333
3 0.931641 0.334722 0.021094 0.075000
3 0.903516 0.401389 0.030469 0.180556
4 0.478906 0.372917 0.021875 0.037500
4 0.464844 0.398611 0.048438 0.066667
7 0.520703 0.348611 0.008594 0.025000
7 0.534766 0.345139 0.021094 0.034722
7 0.533203 0.364583 0.019531 0.045833
7 0.582812 0.363194 0.014063 0.037500
7 0.660547 0.377778 0.061719 0.091667
5 0.623047 0.332639 0.078906 0.131944
7 0.559375 0.378472 0.053125 0.070833
7 0.701562 0.401389 0.103125 0.105556
