2 0.969141 0.242361 0.061719 0.151389
2 0.949609 0.077778 0.066406 0.155556
1 0.321484 0.452083 0.003906 0.029167
7 0.064062 0.551389 0.048438 0.125000
7 0.355469 0.520139 0.031250 0.059722
7 0.347656 0.521528 0.032813 0.062500
7 0.333594 0.537500 0.031250 0.080556
7 0.317969 0.542361 0.051562 0.143056
5 0.361719 0.497222 0.054688 0.113889
5 0.021094 0.550000 0.042188 0.152778
7 0.191016 0.643056 0.297656 0.444444
5 0.535547 0.495833 0.110156 0.122222
7 0.746875 0.445833 0.098437 0.072222
7 0.798047 0.451389 0.105469 0.116667
7 0.910547 0.495833 0.178906 0.250000
7 0.673438 0.602778 0.375000 0.355556
7 0.993750 0.528472 0.010937 0.076389
5 0.071484 0.491667 0.064844 0.102778
