2 0.133203 0.477083 0.016406 0.031944
2 0.378906 0.406944 0.021875 0.030556
2 0.485156 0.456250 0.010937 0.012500
2 0.667969 0.485417 0.014063 0.015278
1 0.509375 0.471528 0.009375 0.020833
1 0.496875 0.503472 0.006250 0.029167
1 0.716797 0.535417 0.011719 0.018056
3 0.296875 0.577778 0.046875 0.169444
3 0.500781 0.563889 0.012500 0.038889
3 0.482812 0.569444 0.015625 0.061111
5 0.859375 0.372917 0.279687 0.745833
7 0.699609 0.590278 0.053906 0.100000
0 0.593359 0.479167 0.094531 0.094444
7 0.594531 0.695833 0.256250 0.361111
