2 0.597656 0.100694 0.078125 0.051389
2 0.551172 0.218056 0.180469 0.183333
2 0.331250 0.196528 0.278125 0.254167
2 0.211719 0.395139 0.020313 0.018056
2 0.744531 0.318056 0.028125 0.033333
2 0.710938 0.446528 0.048438 0.073611
2 0.494531 0.539583 0.009375 0.015278
2 0.541406 0.552083 0.018750 0.018056
2 0.460547 0.531250 0.011719 0.023611
2 0.460938 0.552083 0.007812 0.006944
2 0.494141 0.553472 0.005469 0.006944
7 0.468359 0.602778 0.013281 0.019444
7 0.486328 0.595833 0.021094 0.038889
5 0.453125 0.581250 0.020313 0.026389
5 0.295703 0.538889 0.185156 0.222222
7 0.382812 0.588889 0.012500 0.022222
7 0.408203 0.599306 0.044531 0.070833
7 0.441016 0.613194 0.046094 0.054167
7 0.128906 0.588889 0.114062 0.058333
7 0.554688 0.706250 0.196875 0.293056
7 0.267578 0.678472 0.236719 0.237500
7 0.053516 0.606944 0.107031 0.200000
2 0.439063 0.524306 0.018750 0.015278
