1 0.510547 0.365278 0.010156 0.030556
1 0.255078 0.368056 0.010156 0.030556
1 0.247656 0.391667 0.014063 0.027778
1 0.258984 0.394444 0.014844 0.022222
1 0.503906 0.363889 0.010937 0.027778
1 0.395703 0.362500 0.013281 0.025000
1 0.433984 0.416667 0.010156 0.025000
7 0.396484 0.441667 0.014844 0.036111
7 0.440625 0.450000 0.017188 0.038889
7 0.445312 0.465972 0.017188 0.043056
7 0.658594 0.439583 0.023438 0.043056
7 0.386328 0.450000 0.011719 0.038889
7 0.376953 0.449306 0.024219 0.040278
7 0.357812 0.456944 0.028125 0.066667
7 0.312109 0.449306 0.077344 0.137500
7 0.287500 0.475694 0.068750 0.120833
7 0.255859 0.500694 0.077344 0.170833
7 0.414453 0.452083 0.041406 0.079167
7 0.501172 0.487500 0.111719 0.166667
5 0.594141 0.422222 0.116406 0.225000
7 0.644141 0.493056 0.074219 0.088889
5 0.808594 0.343056 0.257812 0.197222
7 0.125781 0.518750 0.251563 0.395833
7 0.780469 0.698611 0.434375 0.588889
