1 0.402344 0.364583 0.004687 0.023611
1 0.517969 0.394444 0.001563 0.019444
1 0.409766 0.366667 0.007031 0.027778
1 0.397266 0.363889 0.005469 0.027778
1 0.522656 0.396528 0.006250 0.020833
1 0.514453 0.396528 0.007031 0.026389
1 0.598437 0.453472 0.012500 0.020833
7 0.186328 0.477083 0.088281 0.104167
7 0.104297 0.493750 0.113281 0.098611
7 0.031641 0.496528 0.063281 0.112500
7 0.262891 0.507639 0.169531 0.201389
7 0.358203 0.486111 0.050781 0.091667
7 0.394141 0.481250 0.032031 0.037500
7 0.410156 0.484028 0.020313 0.029167
5 0.408984 0.456250 0.016406 0.023611
7 0.526563 0.489583 0.014063 0.043056
7 0.534375 0.472917 0.014063 0.018056
5 0.558203 0.497917 0.052344 0.073611
7 0.583203 0.480556 0.016406 0.016667
7 0.595313 0.513194 0.026562 0.059722
7 0.614453 0.520139 0.044531 0.073611
7 0.466797 0.543750 0.130469 0.201389
7 0.758984 0.581250 0.297656 0.340278
7 0.938672 0.602083 0.119531 0.215278
7 0.988672 0.667361 0.019531 0.176389
