7 0.390625 0.545833 0.007812 0.022222
7 0.385156 0.545139 0.009375 0.026389
7 0.369141 0.544444 0.028906 0.038889
7 0.347266 0.547917 0.017969 0.043056
7 0.332813 0.549306 0.018750 0.040278
7 0.313281 0.547917 0.028125 0.037500
7 0.291406 0.552778 0.026562 0.052778
7 0.253906 0.552083 0.050000 0.059722
7 0.209375 0.559028 0.042188 0.062500
7 0.153516 0.554167 0.072656 0.091667
7 0.064844 0.562500 0.129688 0.113889
7 0.837500 0.628472 0.323437 0.490278
7 0.511719 0.527778 0.006250 0.013889
7 0.523828 0.533333 0.011719 0.022222
7 0.549609 0.539583 0.013281 0.023611
7 0.571484 0.526389 0.024219 0.019444
7 0.568359 0.560417 0.041406 0.073611
7 0.607031 0.572222 0.079687 0.105556
7 0.492578 0.536111 0.011719 0.013889
7 0.469141 0.534722 0.011719 0.016667
7 0.447266 0.541667 0.019531 0.027778
7 0.458594 0.538194 0.009375 0.015278
3 0.539062 0.550000 0.017188 0.080556
3 0.672266 0.550000 0.019531 0.086111
3 0.655469 0.549306 0.015625 0.084722
2 0.603906 0.468056 0.007812 0.016667
1 0.446484 0.482639 0.005469 0.012500
