5 0.089063 0.370833 0.178125 0.377778
7 0.035547 0.636806 0.071094 0.340278
3 0.182812 0.439583 0.012500 0.073611
7 0.233203 0.445833 0.080469 0.158333
7 0.556250 0.406944 0.021875 0.030556
7 0.439453 0.385417 0.025781 0.026389
7 0.445312 0.423611 0.031250 0.061111
7 0.469531 0.415972 0.017188 0.029167
7 0.628125 0.418056 0.023438 0.052778
7 0.647656 0.420833 0.029687 0.058333
7 0.659766 0.426389 0.027344 0.061111
7 0.700000 0.421528 0.076563 0.090278
7 0.860156 0.509722 0.271875 0.363889
7 0.513672 0.429861 0.082031 0.126389
7 0.594922 0.420139 0.060156 0.081944
7 0.354687 0.437500 0.165625 0.277778
2 0.583594 0.280556 0.010937 0.016667
2 0.819922 0.205556 0.016406 0.030556
2 0.821875 0.237500 0.031250 0.022222
3 0.767578 0.389583 0.016406 0.040278
3 0.739453 0.395833 0.014844 0.052778
