7 0.334375 0.736806 0.020313 0.023611
7 0.313281 0.735417 0.021875 0.034722
7 0.280859 0.732639 0.049219 0.054167
7 0.241797 0.743750 0.033594 0.051389
7 0.194922 0.738889 0.069531 0.075000
7 0.077734 0.744444 0.099219 0.105556
7 0.016406 0.756944 0.032813 0.097222
7 0.496094 0.742361 0.009375 0.026389
7 0.507031 0.747222 0.015625 0.027778
7 0.522266 0.749306 0.016406 0.031944
7 0.544531 0.755556 0.037500 0.055556
7 0.590625 0.768056 0.064062 0.088889
7 0.641406 0.795139 0.087500 0.115278
7 0.725391 0.829861 0.138281 0.170833
7 0.872656 0.865972 0.254688 0.265278
