2 0.581250 0.190278 0.026562 0.069444
5 0.396094 0.283333 0.042188 0.041667
5 0.471875 0.271528 0.107813 0.045833
5 0.334766 0.309028 0.097656 0.145833
5 0.321484 0.344444 0.066406 0.183333
3 0.655469 0.295139 0.012500 0.043056
3 0.604688 0.297222 0.007812 0.036111
3 0.600000 0.297222 0.007812 0.030556
3 0.567187 0.294444 0.007812 0.033333
3 0.560547 0.291667 0.007031 0.033333
3 0.551172 0.292361 0.007031 0.029167
3 0.543750 0.290972 0.009375 0.023611
7 0.449609 0.427778 0.207031 0.305556
0 0.156250 0.334722 0.312500 0.666667
