7 0.154688 0.479167 0.067187 0.038889
7 0.796484 0.604167 0.238281 0.263889
7 0.925391 0.524306 0.039844 0.031944
7 0.298828 0.479167 0.032031 0.044444
7 0.333984 0.476389 0.032031 0.052778
7 0.498828 0.602083 0.308594 0.484722
7 0.169141 0.488889 0.080469 0.052778
7 0.894531 0.716667 0.207813 0.383333
1 0.044531 0.250694 0.015625 0.051389
1 0.067187 0.253472 0.009375 0.045833
1 0.504297 0.270833 0.013281 0.055556
1 0.745703 0.346528 0.019531 0.029167
1 0.251563 0.436806 0.010937 0.026389
1 0.265234 0.436806 0.010156 0.020833
1 0.056250 0.248611 0.009375 0.058333
1 0.519922 0.269444 0.011719 0.052778
2 0.739062 0.324306 0.026562 0.018056
2 0.720703 0.375000 0.025781 0.027778
