1 0.512891 0.656250 0.003906 0.018056
1 0.508984 0.656250 0.007031 0.023611
1 0.450000 0.652778 0.006250 0.022222
1 0.581250 0.656250 0.006250 0.023611
2 0.735156 0.654861 0.015625 0.023611
2 0.539844 0.682639 0.007812 0.018056
2 0.541016 0.660417 0.011719 0.020833
2 0.393750 0.676389 0.012500 0.011111
2 0.524219 0.686111 0.010937 0.022222
2 0.406250 0.683333 0.012500 0.011111
3 0.907422 0.682639 0.027344 0.048611
3 0.764062 0.740972 0.017188 0.070833
3 0.749609 0.744444 0.011719 0.044444
3 0.153516 0.723611 0.011719 0.041667
3 0.144141 0.729167 0.014844 0.047222
7 0.453516 0.727083 0.010156 0.018056
7 0.469531 0.721528 0.015625 0.012500
7 0.441797 0.734028 0.013281 0.023611
7 0.465625 0.736806 0.018750 0.029167
7 0.493750 0.734722 0.014063 0.033333
7 0.508203 0.738889 0.022656 0.041667
7 0.382422 0.720139 0.032031 0.023611
7 0.358594 0.713194 0.018750 0.009722
7 0.343359 0.736806 0.046094 0.043056
7 0.571875 0.752083 0.025000 0.048611
7 0.310937 0.779861 0.081250 0.109722
7 0.215625 0.805556 0.159375 0.166667
7 0.478516 0.745833 0.028906 0.047222
7 0.526172 0.752083 0.038281 0.054167
7 0.400391 0.777778 0.097656 0.133333
7 0.633203 0.786111 0.133594 0.150000
7 0.091016 0.800000 0.182031 0.300000
