7 0.345703 0.447222 0.060156 0.091667
7 0.404297 0.435417 0.042969 0.048611
7 0.468750 0.439583 0.034375 0.045833
7 0.534766 0.454167 0.108594 0.136111
7 0.691016 0.465278 0.038281 0.030556
7 0.942187 0.511806 0.109375 0.173611
2 0.133203 0.410417 0.013281 0.029167
2 0.150391 0.384028 0.032031 0.026389
7 0.297656 0.443750 0.015625 0.018056
7 0.103516 0.417361 0.038281 0.048611
7 0.022656 0.409028 0.042188 0.087500
7 0.057031 0.426389 0.053125 0.061111
7 0.772656 0.463194 0.037500 0.026389
7 0.828906 0.466667 0.043750 0.036111
7 0.864844 0.473611 0.026562 0.027778
7 0.898828 0.474306 0.036719 0.023611
