2 0.385937 0.426389 0.021875 0.011111
2 0.557813 0.431250 0.012500 0.029167
2 0.558984 0.456944 0.011719 0.019444
7 0.451562 0.493056 0.007812 0.013889
7 0.468359 0.495833 0.007031 0.011111
7 0.476172 0.495139 0.010156 0.012500
7 0.483594 0.504167 0.012500 0.022222
7 0.508594 0.502083 0.043750 0.062500
7 0.460547 0.502083 0.016406 0.023611
7 0.445312 0.502083 0.012500 0.018056
7 0.429297 0.498611 0.017969 0.030556
7 0.416016 0.495833 0.014844 0.016667
7 0.420312 0.508333 0.018750 0.027778
7 0.395703 0.510417 0.028906 0.043056
7 0.318750 0.522917 0.057813 0.068056
7 0.889062 0.472222 0.187500 0.086111
7 0.885938 0.683333 0.225000 0.372222
