2 0.591016 0.451389 0.011719 0.038889
2 0.032813 0.472917 0.025000 0.056944
2 0.744141 0.341667 0.027344 0.066667
2 0.748047 0.387500 0.035156 0.025000
7 0.467969 0.519444 0.028125 0.038889
7 0.492578 0.520833 0.032031 0.030556
7 0.493359 0.533333 0.030469 0.041667
7 0.533984 0.525000 0.042969 0.063889
7 0.532031 0.538889 0.035937 0.069444
7 0.617969 0.546528 0.135937 0.118056
7 0.078906 0.577083 0.157812 0.156944
7 0.185156 0.574306 0.062500 0.090278
3 0.237891 0.550694 0.021094 0.070833
7 0.252734 0.551389 0.077344 0.075000
7 0.317188 0.539583 0.054688 0.040278
7 0.360156 0.530556 0.039062 0.030556
