2 0.662500 0.504861 0.026562 0.015278
2 0.647656 0.540972 0.031250 0.023611
2 0.799609 0.558333 0.016406 0.052778
1 0.481641 0.584028 0.005469 0.015278
1 0.435937 0.581250 0.004687 0.015278
7 0.177734 0.675694 0.244531 0.279167
7 0.304688 0.663889 0.064062 0.122222
7 0.350000 0.652083 0.073438 0.098611
7 0.385156 0.649306 0.020313 0.073611
7 0.391016 0.634028 0.032031 0.054167
7 0.410156 0.645139 0.014063 0.029167
7 0.410938 0.638889 0.023438 0.044444
7 0.428906 0.638194 0.012500 0.026389
7 0.535156 0.658333 0.060937 0.075000
7 0.502344 0.645139 0.034375 0.068056
7 0.466016 0.635417 0.016406 0.020833
5 0.432031 0.618750 0.026562 0.056944
7 0.453906 0.631250 0.006250 0.020833
7 0.850391 0.820833 0.294531 0.350000
7 0.942187 0.636111 0.109375 0.033333
