2 0.390625 0.410417 0.025000 0.040278
2 0.522656 0.468750 0.007812 0.020833
7 0.456250 0.526389 0.048438 0.083333
7 0.434375 0.538889 0.037500 0.075000
7 0.395703 0.538194 0.057031 0.106944
7 0.321875 0.534028 0.101562 0.143056
7 0.182031 0.544444 0.210938 0.219444
7 0.575781 0.527083 0.007812 0.020833
7 0.567969 0.526389 0.007812 0.022222
0 0.557031 0.522917 0.020313 0.031944
0 0.613281 0.527778 0.014063 0.025000
7 0.617969 0.534722 0.015625 0.019444
7 0.625000 0.537500 0.017188 0.022222
7 0.633203 0.540278 0.019531 0.030556
7 0.640234 0.545139 0.027344 0.040278
7 0.660156 0.547917 0.035937 0.054167
7 0.673828 0.552083 0.027344 0.062500
7 0.691797 0.557639 0.046094 0.076389
7 0.054297 0.566667 0.108594 0.200000
7 0.539844 0.535417 0.023438 0.031944
7 0.584766 0.529167 0.011719 0.016667
7 0.721094 0.570139 0.079687 0.095833
7 0.945312 0.628472 0.107813 0.301389
