7 0.634766 0.455556 0.033594 0.047222
7 0.683203 0.456944 0.067969 0.091667
7 0.755859 0.476389 0.158594 0.130556
7 0.847266 0.490972 0.188281 0.151389
7 0.889062 0.513889 0.181250 0.144444
7 0.976172 0.439583 0.039844 0.048611
7 0.915625 0.541667 0.167187 0.188889
7 0.580859 0.490278 0.089844 0.155556
7 0.143750 0.486806 0.117188 0.070833
7 0.033594 0.486111 0.067187 0.077778
7 0.024219 0.502083 0.048438 0.084722
3 0.204687 0.472222 0.017188 0.075000
7 0.318359 0.452083 0.049219 0.093056
2 0.512891 0.412500 0.027344 0.038889
