1 0.222266 0.263194 0.010156 0.040278
1 0.443359 0.314583 0.007031 0.026389
1 0.233203 0.264583 0.011719 0.051389
1 0.144922 0.262500 0.010156 0.038889
1 0.038281 0.379861 0.025000 0.026389
1 0.433203 0.313889 0.007031 0.038889
1 0.450781 0.306944 0.006250 0.025000
2 0.177344 0.272917 0.015625 0.043056
2 0.204297 0.264583 0.021094 0.045833
2 0.510938 0.322917 0.039062 0.015278
2 0.474219 0.315972 0.014063 0.034722
2 0.551172 0.265972 0.014844 0.023611
2 0.612109 0.317361 0.016406 0.020833
2 0.614453 0.346528 0.011719 0.018056
1 0.555859 0.384722 0.014844 0.019444
2 0.043359 0.282639 0.011719 0.018056
7 0.098047 0.445833 0.022656 0.022222
7 0.072266 0.449306 0.028906 0.031944
7 0.350781 0.449306 0.026562 0.062500
7 0.367578 0.432639 0.011719 0.020833
7 0.372266 0.424306 0.016406 0.020833
7 0.388281 0.416667 0.020313 0.027778
7 0.423828 0.418056 0.019531 0.033333
7 0.450781 0.418750 0.032813 0.056944
7 0.408203 0.451389 0.057031 0.075000
7 0.502344 0.452083 0.068750 0.084722
7 0.294141 0.465278 0.110156 0.144444
7 0.178516 0.432639 0.128906 0.179167
7 0.027344 0.481250 0.054688 0.120833
7 0.970313 0.459028 0.059375 0.068056
0 0.975781 0.386111 0.048438 0.097222
3 0.600000 0.439583 0.015625 0.068056
3 0.619922 0.434028 0.008594 0.065278
3 0.625391 0.438194 0.011719 0.048611
