2 0.390625 0.352083 0.010937 0.023611
2 0.428125 0.348611 0.010937 0.025000
2 0.473828 0.340278 0.013281 0.025000
2 0.520703 0.339583 0.014844 0.026389
2 0.566797 0.333333 0.011719 0.022222
2 0.356641 0.356250 0.010156 0.018056
2 0.353906 0.427778 0.014063 0.025000
2 0.481250 0.402778 0.009375 0.016667
1 0.473047 0.406944 0.007031 0.016667
1 0.505078 0.409028 0.007031 0.020833
1 0.534375 0.412500 0.006250 0.022222
1 0.286328 0.420833 0.005469 0.022222
1 0.371094 0.435417 0.009375 0.023611
7 0.492578 0.473611 0.017969 0.033333
7 0.476953 0.456944 0.011719 0.016667
7 0.485156 0.474306 0.014063 0.031944
7 0.255859 0.471528 0.014844 0.020833
7 0.269141 0.473611 0.016406 0.033333
7 0.311719 0.475694 0.070312 0.081944
7 0.519922 0.465278 0.036719 0.058333
7 0.634766 0.465972 0.049219 0.076389
7 0.571875 0.469444 0.081250 0.108333
7 0.420312 0.496528 0.121875 0.170833
7 0.175781 0.492361 0.182812 0.187500
7 0.926953 0.452778 0.011719 0.016667
7 0.948047 0.455556 0.016406 0.013889
7 0.960156 0.454861 0.018750 0.015278
7 0.908203 0.454861 0.030469 0.020833
7 0.979688 0.456944 0.018750 0.016667
