3 0.402344 0.602778 0.117188 0.436111
5 0.065234 0.411111 0.130469 0.355556
3 0.218750 0.512500 0.028125 0.133333
8 0.734375 0.502778 0.014063 0.075000
4 0.736328 0.520833 0.010156 0.041667
7 0.484766 0.481944 0.022656 0.075000
7 0.495703 0.479167 0.021094 0.063889
7 0.503906 0.473611 0.015625 0.052778
7 0.523047 0.471528 0.019531 0.045833
7 0.580469 0.475000 0.009375 0.027778
0 0.628516 0.466667 0.025781 0.052778
0 0.684766 0.462500 0.092969 0.108333
5 0.815625 0.463889 0.207813 0.211111
7 0.544531 0.475694 0.031250 0.054167
7 0.461328 0.486806 0.055469 0.087500
7 0.563281 0.471528 0.007812 0.015278
7 0.603125 0.475000 0.039062 0.058333
1 0.561719 0.121528 0.014063 0.073611
1 0.792969 0.194444 0.017188 0.063889
1 0.367188 0.251389 0.018750 0.055556
1 0.323437 0.370139 0.025000 0.034722
1 0.571484 0.125694 0.011719 0.068056
2 0.939063 0.229861 0.042188 0.048611
2 0.329688 0.309028 0.026562 0.029167
2 0.352734 0.329861 0.010156 0.026389
1 0.624219 0.410417 0.006250 0.015278
