3 0.823047 0.439583 0.016406 0.065278
3 0.864453 0.439583 0.014844 0.070833
3 0.982422 0.454861 0.017969 0.090278
3 0.897266 0.440278 0.014844 0.072222
3 0.302734 0.420833 0.013281 0.055556
3 0.282813 0.419444 0.010937 0.050000
3 0.705078 0.421528 0.007031 0.048611
3 0.713281 0.426389 0.009375 0.058333
3 0.719922 0.413194 0.010156 0.040278
3 0.937109 0.451389 0.013281 0.091667
7 0.125781 0.574306 0.250000 0.459722
7 0.993750 0.638194 0.010937 0.123611
7 0.926953 0.435417 0.096094 0.059722
7 0.462891 0.397222 0.010156 0.016667
7 0.450781 0.400694 0.014063 0.018056
7 0.439844 0.399306 0.010937 0.020833
7 0.430078 0.409722 0.014844 0.027778
7 0.410156 0.415278 0.025000 0.033333
7 0.398047 0.441667 0.025781 0.063889
7 0.507812 0.390972 0.009375 0.015278
7 0.512500 0.394444 0.009375 0.016667
7 0.525000 0.409722 0.023438 0.041667
7 0.557422 0.394444 0.013281 0.011111
7 0.575781 0.414583 0.026562 0.045833
7 0.596875 0.404167 0.015625 0.022222
0 0.650391 0.402083 0.072656 0.068056
7 0.358594 0.455556 0.082812 0.111111
7 0.479297 0.454861 0.066406 0.095833
7 0.544922 0.425000 0.041406 0.058333
7 0.648828 0.432639 0.066406 0.090278
7 0.482422 0.405556 0.042969 0.013889
3 0.211719 0.413889 0.015625 0.044444
3 0.239453 0.420139 0.010156 0.056944
1 0.321484 0.250000 0.010156 0.036111
1 0.335156 0.250000 0.009375 0.036111
1 0.451562 0.296528 0.006250 0.020833
1 0.716797 0.293056 0.007031 0.030556
1 0.705469 0.291667 0.006250 0.027778
1 0.903516 0.259722 0.013281 0.041667
1 0.929688 0.343056 0.026562 0.027778
1 0.616016 0.302778 0.007031 0.019444
1 0.446484 0.295139 0.005469 0.023611
1 0.767578 0.384028 0.013281 0.020833
1 0.179297 0.352778 0.010156 0.022222
1 0.713281 0.375694 0.006250 0.015278
1 0.479297 0.347222 0.003906 0.013889
1 0.480078 0.361806 0.005469 0.012500
1 0.515625 0.363194 0.004687 0.012500
1 0.521875 0.362500 0.004687 0.011111
1 0.527344 0.356944 0.006250 0.011111
1 0.562891 0.351389 0.005469 0.013889
2 0.174219 0.290278 0.015625 0.013889
2 0.406641 0.304167 0.028906 0.013889
2 0.660547 0.313194 0.028906 0.012500
2 0.573047 0.351389 0.011719 0.008333
2 0.550391 0.356944 0.003906 0.011111
2 0.538281 0.359028 0.007812 0.006944
2 0.916406 0.190972 0.029687 0.026389
2 0.916016 0.220139 0.032031 0.029167
2 0.917969 0.247917 0.012500 0.012500
2 0.909766 0.318056 0.011719 0.013889
2 0.439453 0.349306 0.007031 0.004167
2 0.441406 0.357639 0.007812 0.004167
2 0.357812 0.329861 0.009375 0.009722
2 0.268750 0.255556 0.015625 0.022222
2 0.194141 0.300000 0.011719 0.036111
2 0.461719 0.347917 0.010937 0.009722
