1 0.344531 0.406250 0.009375 0.043056
1 0.394922 0.380556 0.008594 0.030556
1 0.498828 0.360417 0.017969 0.015278
1 0.572656 0.366667 0.006250 0.033333
1 0.159375 0.126389 0.017188 0.027778
1 0.255078 0.116667 0.011719 0.055556
1 0.244141 0.125694 0.010156 0.051389
1 0.564063 0.368056 0.007812 0.036111
2 0.221875 0.432639 0.015625 0.051389
2 0.345313 0.440972 0.012500 0.023611
2 0.464844 0.420139 0.023438 0.023611
2 0.464453 0.444444 0.022656 0.022222
2 0.571094 0.402083 0.010937 0.020833
1 0.440234 0.438194 0.005469 0.018056
1 0.428125 0.459722 0.006250 0.019444
1 0.524219 0.434028 0.004687 0.015278
1 0.512500 0.434722 0.003125 0.011111
2 0.542578 0.293750 0.024219 0.031944
7 0.528125 0.463889 0.043750 0.030556
7 0.699219 0.463194 0.045312 0.031944
7 0.664453 0.473611 0.072656 0.038889
7 0.941406 0.454861 0.040625 0.029167
7 0.316406 0.481944 0.032813 0.033333
7 0.151562 0.477083 0.042188 0.031944
7 0.067578 0.484028 0.028906 0.018056
7 0.407422 0.461111 0.016406 0.022222
