2 0.798047 0.280556 0.022656 0.047222
2 0.579688 0.389583 0.010937 0.020833
2 0.521484 0.409028 0.011719 0.026389
3 0.796094 0.520139 0.015625 0.090278
3 0.778516 0.525694 0.022656 0.115278
3 0.639844 0.502778 0.012500 0.072222
3 0.817969 0.521528 0.028125 0.095833
3 0.702344 0.510417 0.018750 0.070833
3 0.649609 0.506250 0.017969 0.070833
3 0.668750 0.504861 0.017188 0.062500
7 0.389844 0.482639 0.010937 0.029167
7 0.380078 0.482639 0.011719 0.018056
7 0.482422 0.485417 0.010156 0.023611
7 0.491016 0.484722 0.014844 0.019444
7 0.500391 0.483333 0.011719 0.030556
7 0.362891 0.506250 0.041406 0.079167
7 0.349609 0.521528 0.038281 0.087500
7 0.294922 0.535417 0.089844 0.143056
0 0.519922 0.479167 0.042969 0.072222
5 0.457813 0.472222 0.035937 0.072222
7 0.191406 0.572222 0.209375 0.255556
7 0.400391 0.481250 0.013281 0.020833
7 0.436719 0.517361 0.059375 0.084722
0 0.582422 0.480556 0.100781 0.150000
0 0.088281 0.475694 0.176563 0.256944
7 0.046094 0.655556 0.092188 0.347222
