2 0.461719 0.284722 0.023438 0.030556
2 0.484766 0.286806 0.016406 0.029167
2 0.509375 0.286111 0.014063 0.022222
7 0.494141 0.329167 0.011719 0.013889
7 0.472656 0.331944 0.007812 0.011111
7 0.446094 0.334028 0.015625 0.018056
7 0.424609 0.337500 0.039844 0.027778
7 0.371484 0.333333 0.038281 0.047222
7 0.301563 0.334722 0.062500 0.066667
2 0.290234 0.284722 0.017969 0.033333
7 0.549219 0.338194 0.009375 0.015278
7 0.562500 0.343056 0.015625 0.025000
7 0.578516 0.341667 0.011719 0.013889
7 0.531250 0.342361 0.026562 0.040278
5 0.615625 0.340278 0.037500 0.066667
7 0.692969 0.362500 0.056250 0.063889
