7 0.055859 0.895833 0.110156 0.200000
7 0.064453 0.688889 0.128906 0.250000
7 0.193359 0.656250 0.146094 0.162500
7 0.442969 0.570139 0.015625 0.031944
7 0.425000 0.593056 0.043750 0.066667
7 0.363281 0.613889 0.093750 0.130556
7 0.467969 0.572222 0.021875 0.038889
2 0.389453 0.429861 0.050781 0.081944
2 0.454297 0.425694 0.063281 0.081944
2 0.578906 0.518750 0.015625 0.020833
2 0.567969 0.528472 0.009375 0.015278
1 0.431641 0.545139 0.005469 0.018056
1 0.427344 0.544444 0.006250 0.019444
1 0.644922 0.501389 0.007031 0.013889
1 0.536328 0.517361 0.003906 0.018056
2 0.028125 0.498611 0.023438 0.055556
1 0.426953 0.511111 0.010156 0.013889
1 0.480859 0.511806 0.007031 0.009722
2 0.502734 0.470139 0.044531 0.037500
