2 0.251563 0.300000 0.023438 0.041667
2 0.718750 0.266667 0.023438 0.047222
1 0.546094 0.362500 0.007812 0.027778
1 0.416406 0.361111 0.006250 0.030556
1 0.422266 0.360417 0.007031 0.026389
1 0.412109 0.361111 0.008594 0.025000
1 0.532422 0.409722 0.008594 0.019444
1 0.487109 0.422222 0.008594 0.011111
1 0.629297 0.420139 0.008594 0.015278
1 0.794922 0.320833 0.011719 0.019444
1 0.829688 0.319444 0.009375 0.016667
1 0.778516 0.411111 0.008594 0.022222
1 0.716797 0.418056 0.008594 0.011111
1 0.364063 0.434722 0.007812 0.016667
7 0.548047 0.456944 0.016406 0.030556
7 0.535547 0.463889 0.024219 0.038889
0 0.574219 0.431944 0.031250 0.038889
7 0.571484 0.486806 0.049219 0.079167
7 0.464453 0.472222 0.017969 0.044444
7 0.448828 0.466667 0.014844 0.027778
7 0.438672 0.467361 0.016406 0.026389
7 0.498828 0.481944 0.060156 0.111111
7 0.233203 0.520139 0.266406 0.362500
3 0.098828 0.517361 0.027344 0.120833
3 0.067187 0.490972 0.015625 0.048611
3 0.078516 0.513889 0.021094 0.111111
3 0.105078 0.472222 0.021094 0.050000
3 0.433203 0.470833 0.011719 0.044444
3 0.428125 0.471528 0.009375 0.040278
3 0.424609 0.470833 0.010156 0.041667
3 0.417187 0.472917 0.007812 0.037500
3 0.412109 0.469444 0.008594 0.033333
3 0.406641 0.468056 0.008594 0.041667
3 0.401953 0.473611 0.008594 0.038889
3 0.397656 0.473611 0.010937 0.044444
3 0.389844 0.477083 0.010937 0.043056
3 0.373828 0.478472 0.010156 0.040278
3 0.358594 0.475694 0.012500 0.045833
3 0.598437 0.465278 0.006250 0.041667
3 0.605078 0.464583 0.008594 0.043056
3 0.616406 0.470139 0.014063 0.059722
3 0.640625 0.470833 0.012500 0.066667
7 0.639062 0.456944 0.032813 0.055556
7 0.703516 0.486111 0.085156 0.102778
3 0.785156 0.477778 0.021875 0.108333
3 0.797266 0.465972 0.010156 0.068056
3 0.804297 0.465278 0.011719 0.063889
3 0.808594 0.482639 0.020313 0.079167
3 0.826172 0.503472 0.024219 0.148611
3 0.847656 0.477083 0.021875 0.095833
3 0.877734 0.478472 0.030469 0.118056
3 0.900391 0.475694 0.016406 0.106944
3 0.917578 0.475000 0.021094 0.116667
3 0.960938 0.481250 0.029687 0.126389
