1 0.297656 0.431944 0.007812 0.025000
1 0.362891 0.436111 0.007031 0.033333
1 0.303906 0.429861 0.009375 0.026389
1 0.430859 0.480556 0.013281 0.019444
1 0.241406 0.411111 0.009375 0.025000
1 0.153906 0.475694 0.015625 0.023611
3 0.289844 0.521528 0.015625 0.054167
3 0.319922 0.522222 0.013281 0.041667
3 0.422266 0.524306 0.014844 0.051389
7 0.251953 0.515278 0.038281 0.047222
7 0.237109 0.527778 0.025781 0.058333
7 0.214062 0.528472 0.043750 0.073611
7 0.186719 0.534028 0.042188 0.084722
7 0.146094 0.538889 0.081250 0.094444
7 0.114062 0.552083 0.067187 0.101389
7 0.350000 0.529167 0.043750 0.075000
7 0.051172 0.547917 0.102344 0.154167
