2 0.088672 0.380556 0.025781 0.030556
2 0.976172 0.302083 0.035156 0.023611
2 0.910937 0.406250 0.017188 0.051389
2 0.614844 0.413889 0.010937 0.016667
2 0.582812 0.422222 0.009375 0.005556
1 0.076953 0.318750 0.014844 0.059722
1 0.479687 0.439583 0.004687 0.018056
1 0.452344 0.428472 0.004687 0.015278
1 0.522266 0.443750 0.003906 0.012500
1 0.508594 0.443750 0.003125 0.012500
1 0.057813 0.381944 0.020313 0.033333
1 0.388281 0.437500 0.003125 0.019444
1 0.412500 0.447222 0.004687 0.019444
1 0.400391 0.190278 0.010156 0.052778
1 0.533594 0.428472 0.003125 0.023611
1 0.766016 0.158333 0.013281 0.077778
1 0.751563 0.161111 0.014063 0.069444
1 0.990234 0.421528 0.016406 0.040278
3 0.264062 0.481944 0.014063 0.052778
3 0.249609 0.479167 0.010156 0.052778
3 0.237500 0.490278 0.012500 0.069444
3 0.203125 0.489583 0.009375 0.062500
3 0.188672 0.481250 0.010156 0.045833
3 0.166797 0.497917 0.010156 0.073611
3 0.183203 0.506250 0.019531 0.093056
3 0.149219 0.490278 0.014063 0.083333
3 0.138281 0.492361 0.017188 0.081944
3 0.100000 0.495139 0.021875 0.087500
3 0.702344 0.488194 0.010937 0.023611
3 0.601172 0.493750 0.003906 0.020833
3 0.593750 0.492361 0.007812 0.023611
7 0.523047 0.465278 0.014844 0.013889
7 0.526563 0.475000 0.015625 0.011111
7 0.530078 0.490972 0.011719 0.023611
7 0.547266 0.493750 0.038281 0.059722
7 0.480469 0.477083 0.010937 0.018056
7 0.472656 0.485417 0.009375 0.020833
7 0.464844 0.492361 0.015625 0.029167
7 0.428906 0.493056 0.009375 0.033333
7 0.411719 0.499306 0.029687 0.045833
7 0.380859 0.501389 0.036719 0.069444
7 0.358984 0.507639 0.032031 0.079167
7 0.662109 0.513889 0.042969 0.047222
7 0.776563 0.514583 0.060937 0.034722
7 0.833203 0.548611 0.114844 0.122222
3 0.953906 0.534722 0.017188 0.105556
7 0.314844 0.518750 0.087500 0.101389
3 0.447656 0.496528 0.029687 0.037500
7 0.502344 0.521528 0.059375 0.101389
7 0.570703 0.512500 0.050781 0.069444
7 0.719531 0.565278 0.114062 0.138889
