1 0.309375 0.201389 0.015625 0.050000
1 0.622656 0.159028 0.010937 0.043056
1 0.615625 0.156250 0.010937 0.051389
1 0.711328 0.322917 0.022656 0.031944
2 0.151172 0.303472 0.027344 0.018056
2 0.189062 0.322222 0.012500 0.025000
2 0.623437 0.282639 0.026562 0.034722
2 0.696094 0.276389 0.014063 0.013889
2 0.694531 0.293056 0.015625 0.013889
2 0.625391 0.332639 0.010156 0.023611
2 0.991797 0.072917 0.014844 0.098611
2 0.985547 0.167361 0.027344 0.043056
7 0.423828 0.405556 0.017969 0.047222
7 0.415234 0.420833 0.016406 0.038889
0 0.380469 0.390278 0.062500 0.130556
7 0.336719 0.419444 0.037500 0.061111
7 0.624219 0.419444 0.015625 0.069444
7 0.524609 0.456944 0.213281 0.338889
3 0.016406 0.429861 0.026562 0.120833
3 0.168359 0.429167 0.030469 0.086111
3 0.110156 0.440972 0.046875 0.168056
3 0.636719 0.416667 0.010937 0.063889
3 0.649609 0.415278 0.013281 0.052778
3 0.668750 0.413889 0.020313 0.086111
3 0.839844 0.420833 0.042188 0.130556
3 0.914453 0.422917 0.053906 0.126389
7 0.934766 0.420139 0.092969 0.084722
0 0.964453 0.461111 0.066406 0.533333
