2 0.253516 0.211806 0.022656 0.009722
2 0.258203 0.225000 0.021094 0.016667
2 0.626563 0.209028 0.012500 0.045833
2 0.546875 0.240972 0.021875 0.037500
2 0.545703 0.265972 0.014844 0.018056
7 0.414062 0.303472 0.012500 0.020833
7 0.405078 0.313194 0.019531 0.037500
7 0.393359 0.320139 0.024219 0.037500
7 0.379297 0.327083 0.021094 0.040278
5 0.587891 0.334722 0.161719 0.100000
7 0.514062 0.297917 0.010937 0.018056
7 0.502734 0.298611 0.010156 0.019444
7 0.452734 0.300000 0.013281 0.016667
7 0.137500 0.439583 0.275000 0.340278
7 0.466406 0.299306 0.012500 0.018056
7 0.428125 0.322222 0.032813 0.044444
7 0.355859 0.329167 0.039844 0.061111
