2 0.239063 0.347222 0.043750 0.025000
2 0.266797 0.328472 0.028906 0.023611
2 0.771484 0.291667 0.028906 0.044444
2 0.829297 0.400694 0.019531 0.015278
2 0.837500 0.426389 0.032813 0.019444
1 0.692969 0.235417 0.014063 0.059722
1 0.473047 0.287500 0.011719 0.044444
1 0.673828 0.236806 0.019531 0.062500
7 0.475781 0.512500 0.021875 0.041667
7 0.423438 0.512500 0.025000 0.041667
7 0.448047 0.523611 0.046094 0.069444
7 0.382812 0.518056 0.060937 0.077778
3 0.300781 0.525694 0.017188 0.101389
3 0.150391 0.529167 0.019531 0.119444
3 0.189453 0.501389 0.021094 0.111111
3 0.271484 0.493750 0.014844 0.040278
3 0.226562 0.521528 0.014063 0.084722
3 0.240625 0.507639 0.012500 0.084722
3 0.213672 0.498611 0.013281 0.077778
3 0.118359 0.510417 0.019531 0.126389
3 0.078125 0.512500 0.028125 0.125000
3 0.047656 0.511806 0.021875 0.115278
3 0.014844 0.493056 0.029687 0.125000
3 0.721094 0.543750 0.010937 0.062500
3 0.706250 0.540972 0.010937 0.054167
3 0.679688 0.538889 0.010937 0.044444
3 0.652344 0.532639 0.010937 0.037500
0 0.558594 0.475000 0.146875 0.266667
3 0.639844 0.534028 0.007812 0.043056
7 0.857422 0.620139 0.280469 0.384722
