1 0.404687 0.365278 0.009375 0.041667
1 0.473438 0.457639 0.009375 0.040278
2 0.405859 0.329167 0.011719 0.019444
2 0.473047 0.424306 0.008594 0.012500
7 0.455859 0.569444 0.011719 0.025000
3 0.526953 0.572222 0.011719 0.058333
3 0.543750 0.586111 0.021875 0.144444
3 0.563281 0.544444 0.018750 0.061111
3 0.582031 0.592361 0.020313 0.184722
3 0.632422 0.587500 0.028906 0.166667
3 0.753125 0.609722 0.050000 0.347222
3 0.807031 0.629861 0.103125 0.418056
3 0.812109 0.617361 0.071094 0.537500
3 0.946094 0.604167 0.039062 0.275000
7 0.471875 0.568056 0.010937 0.027778
7 0.483594 0.564583 0.007812 0.026389
0 0.160156 0.499306 0.320312 0.998611
1 0.473047 0.506250 0.013281 0.018056
1 0.458594 0.496528 0.010937 0.029167
1 0.298438 0.501389 0.014063 0.055556
