7 0.460547 0.327778 0.028906 0.030556
7 0.483984 0.327083 0.030469 0.018056
7 0.491406 0.342361 0.034375 0.040278
7 0.515234 0.336806 0.046094 0.073611
7 0.367578 0.334722 0.021094 0.038889
7 0.343750 0.332639 0.031250 0.095833
7 0.268359 0.311806 0.022656 0.051389
7 0.189844 0.311111 0.067187 0.080556
7 0.669922 0.320139 0.077344 0.120833
7 0.306250 0.347917 0.076563 0.115278
7 0.414062 0.368750 0.096875 0.145833
7 0.545703 0.352083 0.078906 0.109722
7 0.102734 0.430556 0.205469 0.430556
7 0.931641 0.596528 0.135156 0.343056
