1 0.429297 0.407639 0.007031 0.026389
1 0.478516 0.425000 0.003906 0.022222
1 0.505469 0.427083 0.006250 0.023611
1 0.492578 0.441667 0.005469 0.019444
1 0.442188 0.440278 0.004687 0.019444
1 0.478906 0.449306 0.006250 0.018056
1 0.353906 0.412500 0.004687 0.022222
5 0.445312 0.471528 0.010937 0.018056
7 0.433594 0.482639 0.007812 0.009722
7 0.417187 0.492361 0.009375 0.015278
7 0.463672 0.476389 0.010156 0.013889
7 0.404297 0.493750 0.017969 0.026389
7 0.426172 0.497222 0.017969 0.022222
7 0.448047 0.493056 0.019531 0.025000
7 0.473047 0.486806 0.011719 0.018056
5 0.492578 0.480556 0.017969 0.025000
7 0.508203 0.500694 0.022656 0.037500
7 0.530469 0.500694 0.020313 0.034722
7 0.322266 0.500694 0.028906 0.048611
7 0.301953 0.504167 0.041406 0.052778
7 0.262109 0.513889 0.064844 0.061111
1 0.790234 0.016667 0.035156 0.033333
2 0.877344 0.370833 0.040625 0.061111
2 0.877734 0.414583 0.027344 0.018056
7 0.016797 0.473611 0.033594 0.069444
1 0.603906 0.015278 0.025000 0.030556
2 0.552734 0.465972 0.033594 0.034722
7 0.201953 0.500000 0.017969 0.044444
7 0.217578 0.498611 0.010156 0.027778
7 0.236719 0.494444 0.018750 0.027778
7 0.394141 0.488194 0.008594 0.018056
7 0.383203 0.481250 0.014844 0.018056
7 0.376953 0.488889 0.013281 0.025000
2 0.414844 0.406944 0.015625 0.019444
1 0.396875 0.409028 0.009375 0.023611
