1 0.567187 0.238194 0.018750 0.068056
1 0.354297 0.346528 0.013281 0.040278
1 0.588281 0.355556 0.012500 0.055556
1 0.582422 0.352083 0.013281 0.048611
1 0.273047 0.377778 0.014844 0.030556
2 0.567969 0.193056 0.012500 0.016667
2 0.589063 0.318056 0.010937 0.019444
2 0.353125 0.319444 0.010937 0.022222
2 0.516016 0.431250 0.011719 0.020833
2 0.517188 0.445833 0.012500 0.016667
2 0.563281 0.413889 0.010937 0.022222
2 0.315234 0.374306 0.028906 0.015278
7 0.344531 0.495833 0.010937 0.013889
7 0.352734 0.501389 0.013281 0.016667
0 0.371875 0.504167 0.021875 0.027778
7 0.387109 0.511111 0.013281 0.016667
7 0.373828 0.511111 0.014844 0.016667
7 0.273438 0.498611 0.128125 0.136111
6 0.175000 0.505556 0.032813 0.083333
3 0.648047 0.489583 0.024219 0.095833
3 0.653125 0.496528 0.014063 0.065278
3 0.614453 0.489583 0.014844 0.076389
3 0.597266 0.483333 0.019531 0.077778
3 0.580859 0.486111 0.016406 0.072222
2 0.419922 0.470139 0.013281 0.018056
