7 0.027344 0.594444 0.051562 0.041667
7 0.080859 0.590278 0.036719 0.041667
7 0.178906 0.593056 0.026562 0.030556
7 0.221484 0.592361 0.019531 0.023611
7 0.269141 0.591667 0.013281 0.022222
7 0.278516 0.593750 0.010156 0.026389
7 0.307812 0.592361 0.014063 0.020833
7 0.333984 0.590278 0.010156 0.016667
2 0.021484 0.517361 0.030469 0.059722
7 0.597656 0.600000 0.012500 0.022222
7 0.578516 0.599306 0.016406 0.026389
7 0.542188 0.598611 0.032813 0.052778
7 0.468750 0.594444 0.045312 0.066667
7 0.716406 0.606944 0.028125 0.016667
7 0.785937 0.612500 0.009375 0.016667
7 0.814063 0.609028 0.014063 0.023611
7 0.946484 0.625694 0.033594 0.029167
2 0.641016 0.557639 0.049219 0.029167
2 0.676953 0.558333 0.011719 0.027778
2 0.718750 0.560417 0.032813 0.026389
2 0.789844 0.567361 0.040625 0.020833
2 0.838672 0.512500 0.072656 0.055556
2 0.910547 0.513889 0.061719 0.058333
