7 0.591406 0.379861 0.009375 0.012500
7 0.579688 0.379861 0.009375 0.012500
7 0.565234 0.381944 0.010156 0.016667
7 0.581250 0.424306 0.046875 0.068056
7 0.539844 0.385417 0.010937 0.015278
7 0.526172 0.384028 0.013281 0.012500
7 0.500781 0.390278 0.017188 0.016667
7 0.483984 0.393750 0.016406 0.023611
7 0.446484 0.399306 0.016406 0.020833
7 0.117969 0.404861 0.018750 0.012500
7 0.148828 0.406250 0.038281 0.023611
2 0.660156 0.343750 0.032813 0.059722
2 0.650391 0.386806 0.011719 0.023611
2 0.617969 0.372222 0.015625 0.013889
2 0.942969 0.313889 0.025000 0.050000
2 0.943750 0.397917 0.017188 0.026389
1 0.577734 0.327083 0.007031 0.020833
1 0.542969 0.328472 0.007812 0.020833
1 0.408984 0.312500 0.010156 0.027778
7 0.346094 0.309028 0.006250 0.023611
1 0.323828 0.325000 0.008594 0.016667
1 0.301563 0.325694 0.009375 0.015278
2 0.084766 0.317361 0.047656 0.062500
2 0.084375 0.361806 0.053125 0.023611
