3 0.745703 0.616667 0.035156 0.172222
1 0.394141 0.563194 0.003906 0.018056
1 0.417578 0.554167 0.005469 0.019444
2 0.517578 0.512500 0.008594 0.019444
7 0.416016 0.602083 0.011719 0.020833
7 0.429297 0.600694 0.019531 0.037500
7 0.091016 0.660417 0.182031 0.268056
7 0.018750 0.771528 0.037500 0.181944
5 0.374609 0.594444 0.014844 0.044444
5 0.360938 0.595833 0.026562 0.061111
5 0.469141 0.593750 0.066406 0.079167
5 0.506250 0.613889 0.092188 0.113889
8 0.339453 0.611111 0.039844 0.141667
4 0.338281 0.656944 0.023438 0.097222
