7 0.554688 0.315278 0.010937 0.019444
7 0.562500 0.331944 0.009375 0.027778
7 0.569922 0.346528 0.010156 0.048611
7 0.582422 0.356250 0.017969 0.073611
7 0.618750 0.356250 0.060937 0.087500
7 0.705859 0.363194 0.116406 0.165278
7 0.778125 0.402083 0.128125 0.248611
7 0.281250 0.425694 0.092188 0.193056
7 0.100391 0.552778 0.199219 0.397222
7 0.432422 0.487500 0.371094 0.425000
7 0.919922 0.409722 0.153906 0.511111
2 0.361328 0.240972 0.011719 0.031944
2 0.487500 0.230556 0.009375 0.019444
2 0.486328 0.258333 0.007031 0.022222
3 0.200000 0.418056 0.020313 0.122222
2 0.848828 0.115278 0.028906 0.063889
2 0.229687 0.160417 0.020313 0.045833
