3 0.726172 0.394444 0.032031 0.155556
3 0.051562 0.433333 0.029687 0.155556
3 0.013281 0.426389 0.025000 0.163889
3 0.108203 0.421528 0.024219 0.140278
3 0.141406 0.427083 0.025000 0.131944
3 0.156641 0.438194 0.027344 0.101389
3 0.198437 0.418056 0.020313 0.155556
3 0.178516 0.422917 0.030469 0.176389
3 0.882812 0.486806 0.062500 0.148611
3 0.804297 0.410417 0.035156 0.131944
3 0.885547 0.498611 0.022656 0.075000
7 0.387891 0.457639 0.013281 0.031944
7 0.377734 0.465972 0.017969 0.062500
7 0.327344 0.443750 0.095312 0.109722
7 0.522656 0.523611 0.281250 0.422222
2 0.705469 0.234028 0.053125 0.034722
1 0.692187 0.172917 0.014063 0.079167
1 0.009766 0.151389 0.017969 0.086111
1 0.056250 0.154861 0.021875 0.093056
2 0.576953 0.295833 0.042969 0.019444
