6 0.547266 0.590972 0.042969 0.118056
8 0.550000 0.545833 0.043750 0.152778
1 0.547656 0.465972 0.006250 0.015278
1 0.219531 0.463194 0.009375 0.018056
1 0.632812 0.452083 0.009375 0.037500
1 0.623047 0.450000 0.008594 0.033333
1 0.203125 0.439583 0.010937 0.043056
2 0.118750 0.464583 0.020313 0.029167
7 0.379297 0.526389 0.007031 0.016667
7 0.373047 0.529861 0.007031 0.020833
7 0.367188 0.529167 0.012500 0.022222
7 0.359766 0.531250 0.007031 0.023611
7 0.354687 0.531944 0.010937 0.030556
7 0.346484 0.527778 0.013281 0.030556
7 0.334375 0.535417 0.015625 0.040278
7 0.460938 0.513194 0.007812 0.015278
7 0.467187 0.517361 0.010937 0.023611
7 0.473438 0.517361 0.009375 0.029167
7 0.478516 0.520833 0.019531 0.022222
7 0.486719 0.541667 0.046875 0.047222
7 0.516797 0.555556 0.042969 0.069444
7 0.584375 0.542361 0.042188 0.081944
7 0.249609 0.544444 0.052344 0.052778
7 0.221484 0.554167 0.030469 0.058333
7 0.171875 0.550000 0.073438 0.094444
7 0.098047 0.571528 0.110156 0.106944
7 0.410156 0.529167 0.010937 0.030556
5 0.394141 0.509028 0.017969 0.029167
7 0.395313 0.538889 0.025000 0.041667
7 0.312500 0.543750 0.032813 0.040278
7 0.435937 0.543056 0.056250 0.094444
7 0.726172 0.568750 0.132031 0.156944
7 0.854297 0.593750 0.216406 0.201389
7 0.029687 0.581944 0.059375 0.111111
7 0.643359 0.542361 0.060156 0.048611
