2 0.871875 0.290278 0.057813 0.066667
2 0.869922 0.356944 0.046094 0.066667
2 0.866797 0.405556 0.027344 0.019444
2 0.572656 0.449306 0.009375 0.020833
2 0.464062 0.428472 0.025000 0.031944
1 0.399609 0.399306 0.010156 0.023611
1 0.217969 0.354861 0.009375 0.023611
1 0.257031 0.363194 0.009375 0.023611
2 0.100391 0.387500 0.016406 0.022222
2 0.752734 0.506944 0.016406 0.025000
7 0.651172 0.509722 0.050781 0.036111
7 0.724609 0.536111 0.057031 0.058333
7 0.582031 0.505556 0.053125 0.094444
7 0.291797 0.476389 0.049219 0.080556
7 0.169141 0.436806 0.036719 0.043056
5 0.300781 0.433333 0.071875 0.150000
7 0.128125 0.467361 0.089063 0.095833
7 0.053516 0.453472 0.067969 0.068056
7 0.222266 0.483333 0.124219 0.136111
7 0.508594 0.516667 0.120313 0.202778
7 0.941797 0.559722 0.025781 0.027778
2 0.036328 0.390278 0.011719 0.019444
