1 0.678125 0.171528 0.014063 0.062500
1 0.224609 0.181944 0.013281 0.050000
1 0.382422 0.367361 0.005469 0.020833
1 0.384766 0.395833 0.005469 0.019444
1 0.526172 0.369444 0.005469 0.016667
1 0.531250 0.368750 0.009375 0.023611
1 0.562500 0.381944 0.006250 0.016667
1 0.821484 0.365972 0.011719 0.029167
1 0.808594 0.366667 0.014063 0.030556
1 0.665234 0.173611 0.011719 0.058333
2 0.022266 0.154167 0.028906 0.019444
2 0.012500 0.254167 0.021875 0.013889
2 0.018359 0.287500 0.033594 0.044444
2 0.125000 0.195833 0.062500 0.022222
2 0.248047 0.360417 0.008594 0.031944
2 0.735547 0.200694 0.066406 0.029167
2 0.798828 0.210417 0.038281 0.040278
2 0.803125 0.272222 0.028125 0.016667
2 0.792578 0.293750 0.016406 0.018056
2 0.812500 0.322917 0.023438 0.015278
2 0.544531 0.372917 0.014063 0.009722
2 0.405078 0.375000 0.007031 0.019444
1 0.005469 0.336111 0.010937 0.033333
2 0.577734 0.425694 0.010156 0.020833
2 0.563281 0.431944 0.009375 0.016667
1 0.564844 0.415278 0.010937 0.016667
7 0.506641 0.429861 0.013281 0.029167
7 0.473828 0.431250 0.005469 0.026389
7 0.478906 0.431944 0.004687 0.016667
7 0.482031 0.435417 0.006250 0.018056
7 0.526172 0.425000 0.024219 0.005556
7 0.517188 0.438194 0.007812 0.029167
7 0.433203 0.431250 0.011719 0.018056
7 0.411719 0.448611 0.045312 0.075000
0 0.456250 0.417361 0.031250 0.070833
7 0.347266 0.463194 0.125781 0.187500
7 0.451953 0.437500 0.030469 0.055556
7 0.493750 0.438194 0.020313 0.029167
7 0.528125 0.443056 0.023438 0.030556
3 0.304297 0.420833 0.007031 0.030556
3 0.300000 0.429167 0.009375 0.038889
3 0.289844 0.440278 0.012500 0.058333
3 0.276953 0.434722 0.010156 0.047222
3 0.235937 0.436111 0.009375 0.041667
3 0.225781 0.438889 0.010937 0.047222
3 0.145703 0.436111 0.016406 0.066667
2 0.355469 0.329861 0.007812 0.029167
2 0.361328 0.339583 0.008594 0.026389
2 0.596094 0.454861 0.018750 0.020833
2 0.508203 0.402083 0.016406 0.009722
2 0.013672 0.190972 0.010156 0.048611
