7 0.608203 0.638194 0.010156 0.015278
7 0.573438 0.637500 0.012500 0.016667
7 0.499219 0.634722 0.015625 0.025000
7 0.518750 0.633333 0.015625 0.019444
7 0.630469 0.645139 0.015625 0.023611
7 0.597656 0.634722 0.015625 0.022222
7 0.439453 0.636806 0.038281 0.054167
7 0.121484 0.650000 0.167969 0.141667
7 0.387109 0.658333 0.078906 0.083333
7 0.477734 0.646528 0.046094 0.065278
7 0.538281 0.648611 0.035937 0.044444
7 0.584766 0.640972 0.017969 0.026389
7 0.647656 0.647222 0.031250 0.041667
7 0.677344 0.649306 0.029687 0.037500
7 0.833984 0.695139 0.166406 0.184722
2 0.528906 0.572917 0.028125 0.029167
2 0.553906 0.575000 0.021875 0.027778
2 0.587891 0.575000 0.042969 0.027778
2 0.630469 0.578472 0.039062 0.026389
7 0.287891 0.624306 0.025781 0.029167
