5 0.280469 0.408333 0.034375 0.025000
5 0.316406 0.413194 0.028125 0.045833
7 0.302734 0.422917 0.019531 0.026389
5 0.349219 0.415278 0.050000 0.041667
7 0.412891 0.423611 0.032031 0.022222
7 0.270313 0.419444 0.039062 0.027778
2 0.194141 0.189583 0.035156 0.090278
2 0.448437 0.401389 0.006250 0.011111
1 0.207031 0.038194 0.015625 0.076389
1 0.468750 0.120139 0.012500 0.056944
1 0.081250 0.038194 0.017188 0.076389
1 0.018750 0.075000 0.015625 0.063889
1 0.576172 0.402778 0.005469 0.011111
3 0.468359 0.422222 0.005469 0.019444
3 0.475000 0.425000 0.006250 0.019444
3 0.479687 0.424306 0.004687 0.018056
3 0.484766 0.424306 0.005469 0.015278
3 0.460547 0.423611 0.007031 0.019444
3 0.501172 0.417361 0.007031 0.029167
3 0.506641 0.425694 0.005469 0.020833
3 0.510547 0.424306 0.005469 0.023611
3 0.517188 0.425000 0.007812 0.025000
3 0.556641 0.422917 0.007031 0.023611
3 0.550000 0.426389 0.006250 0.013889
3 0.543750 0.425000 0.006250 0.022222
3 0.537109 0.423611 0.007031 0.022222
3 0.531641 0.424306 0.005469 0.020833
3 0.122656 0.409722 0.009375 0.030556
3 0.110547 0.408333 0.007031 0.019444
3 0.107422 0.411806 0.008594 0.020833
3 0.096484 0.408333 0.008594 0.022222
8 0.069922 0.479167 0.139844 0.383333
6 0.069922 0.595833 0.139844 0.322222
1 0.871484 0.063889 0.017969 0.072222
7 0.856641 0.431944 0.105469 0.066667
