7 0.473047 0.504861 0.347656 0.384722
7 0.008203 0.399306 0.016406 0.026389
3 0.826562 0.443750 0.035937 0.165278
7 0.989844 0.458333 0.017188 0.061111
2 0.079687 0.363889 0.012500 0.022222
2 0.228125 0.386111 0.009375 0.030556
2 0.551562 0.166667 0.021875 0.016667
2 0.523438 0.156250 0.021875 0.020833
2 0.538672 0.189583 0.032031 0.026389
2 0.540234 0.218056 0.022656 0.022222
2 0.173047 0.336806 0.010156 0.015278
2 0.676562 0.348611 0.010937 0.033333
1 0.833594 0.270139 0.031250 0.051389
2 0.847266 0.339583 0.016406 0.048611
1 0.567969 0.297917 0.017188 0.034722
