7 0.462500 0.480556 0.031250 0.033333
7 0.424219 0.479167 0.062500 0.050000
7 0.388281 0.477083 0.071875 0.065278
7 0.351953 0.477083 0.044531 0.048611
7 0.691406 0.463889 0.051562 0.083333
7 0.711719 0.479861 0.070312 0.101389
7 0.801172 0.425000 0.016406 0.016667
0 0.951172 0.450694 0.092969 0.193056
1 0.456641 0.418056 0.007031 0.016667
1 0.431250 0.384028 0.012500 0.043056
1 0.739844 0.293056 0.009375 0.038889
1 0.732422 0.292361 0.007031 0.034722
2 0.367969 0.424306 0.009375 0.020833
1 0.629687 0.306250 0.007812 0.034722
2 0.098828 0.492361 0.064844 0.106944
