2 0.327344 0.352083 0.007812 0.018056
1 0.726172 0.227083 0.008594 0.056944
1 0.717187 0.227778 0.006250 0.052778
1 0.511719 0.356944 0.007812 0.027778
1 0.521875 0.359028 0.007812 0.029167
1 0.328906 0.318056 0.009375 0.038889
1 0.990234 0.388889 0.017969 0.044444
1 0.961328 0.392361 0.024219 0.043056
1 0.919141 0.325000 0.014844 0.038889
1 0.749219 0.431250 0.006250 0.029167
3 0.890234 0.524306 0.039844 0.123611
3 0.857812 0.555556 0.042188 0.150000
3 0.839453 0.534028 0.039844 0.184722
3 0.800781 0.550000 0.045312 0.166667
3 0.772266 0.499306 0.022656 0.065278
3 0.758203 0.488194 0.016406 0.051389
3 0.383594 0.485417 0.031250 0.079167
2 0.444141 0.400694 0.017969 0.006944
7 0.207813 0.616667 0.415625 0.355556
7 0.602344 0.627778 0.412500 0.497222
7 0.931250 0.695139 0.135937 0.493056
3 0.977344 0.474306 0.017188 0.037500
7 0.426172 0.493750 0.077344 0.084722
