1 0.232813 0.134028 0.018750 0.068056
1 0.217969 0.131250 0.009375 0.062500
1 0.717578 0.157639 0.052344 0.098611
2 0.172266 0.152083 0.017969 0.048611
2 0.068359 0.095833 0.038281 0.069444
2 0.660547 0.144444 0.033594 0.063889
2 0.665625 0.059722 0.078125 0.119444
1 0.438672 0.022917 0.024219 0.043056
1 0.414453 0.011806 0.014844 0.020833
2 0.080469 0.367361 0.023438 0.040278
5 0.336328 0.341667 0.139844 0.275000
7 0.955859 0.352778 0.058594 0.038889
7 0.845703 0.390972 0.144531 0.151389
7 0.458984 0.415278 0.008594 0.013889
7 0.473047 0.406944 0.008594 0.013889
5 0.460156 0.400694 0.012500 0.020833
7 0.449609 0.410417 0.008594 0.012500
