7 0.193750 0.497917 0.020313 0.026389
7 0.180859 0.506250 0.025781 0.045833
7 0.163672 0.514583 0.025781 0.048611
7 0.128125 0.511111 0.032813 0.055556
7 0.108203 0.501389 0.027344 0.030556
7 0.091797 0.547222 0.069531 0.086111
7 0.326172 0.520139 0.038281 0.037500
7 0.351953 0.518750 0.038281 0.040278
7 0.600391 0.577778 0.132031 0.188889
7 0.268750 0.511111 0.039062 0.036111
7 0.451172 0.618056 0.217969 0.361111
7 0.819922 0.650000 0.355469 0.363889
7 0.037109 0.552083 0.074219 0.112500
2 0.846875 0.402778 0.040625 0.052778
2 0.844531 0.437500 0.046875 0.036111
2 0.662500 0.417361 0.015625 0.040278
2 0.663281 0.448611 0.020313 0.063889
2 0.070703 0.420833 0.027344 0.027778
2 0.621875 0.436111 0.014063 0.038889
1 0.612109 0.428472 0.011719 0.048611
1 0.569141 0.410417 0.011719 0.023611
1 0.550391 0.413194 0.011719 0.023611
1 0.238672 0.373611 0.010156 0.036111
1 0.070312 0.455556 0.023438 0.036111
1 0.561328 0.413194 0.010156 0.037500
1 0.353125 0.345833 0.012500 0.041667
1 0.250000 0.419444 0.012500 0.025000
1 0.242969 0.419444 0.012500 0.025000
1 0.246484 0.375000 0.011719 0.038889
7 0.207422 0.514583 0.044531 0.043056
