2 0.890625 0.345833 0.014063 0.041667
2 0.737500 0.208333 0.026562 0.016667
2 0.630859 0.301389 0.017969 0.050000
2 0.892188 0.386111 0.015625 0.038889
1 0.740234 0.311111 0.021094 0.030556
1 0.693750 0.154861 0.014063 0.051389
7 0.342578 0.375694 0.038281 0.043056
7 0.308594 0.416667 0.057813 0.086111
7 0.274219 0.363889 0.101562 0.061111
7 0.544531 0.322917 0.017188 0.029167
7 0.535156 0.313889 0.010937 0.022222
7 0.546484 0.338194 0.011719 0.026389
7 0.430469 0.326389 0.018750 0.025000
7 0.392969 0.352083 0.032813 0.040278
7 0.414844 0.336111 0.018750 0.016667
7 0.441016 0.326389 0.011719 0.025000
7 0.450000 0.320833 0.012500 0.019444
7 0.497266 0.322222 0.011719 0.013889
7 0.561328 0.338889 0.025781 0.041667
7 0.526172 0.368750 0.046094 0.065278
7 0.439063 0.388194 0.067187 0.093056
7 0.167969 0.525694 0.334375 0.354167
3 0.943359 0.424306 0.028906 0.140278
