7 0.372656 0.399306 0.012500 0.006944
7 0.360938 0.400694 0.014063 0.015278
7 0.348047 0.404167 0.011719 0.016667
7 0.339062 0.403472 0.010937 0.015278
7 0.382812 0.402083 0.014063 0.006944
7 0.390625 0.418750 0.012500 0.012500
7 0.396484 0.431944 0.013281 0.019444
7 0.389062 0.430556 0.012500 0.019444
7 0.407031 0.443056 0.012500 0.016667
7 0.399219 0.447917 0.010937 0.012500
7 0.407422 0.452778 0.016406 0.016667
7 0.416016 0.460417 0.016406 0.018056
7 0.421094 0.463889 0.014063 0.019444
7 0.469922 0.465278 0.027344 0.030556
7 0.523047 0.464583 0.025781 0.029167
7 0.534375 0.476389 0.040625 0.052778
7 0.659375 0.463889 0.100000 0.058333
7 0.332031 0.441667 0.010937 0.019444
7 0.318750 0.472222 0.010937 0.022222
7 0.298828 0.479861 0.011719 0.031944
7 0.285938 0.479861 0.018750 0.037500
7 0.282813 0.486806 0.010937 0.031944
7 0.208594 0.494444 0.034375 0.050000
7 0.337500 0.413889 0.010937 0.016667
7 0.386328 0.413194 0.011719 0.015278
7 0.386328 0.455556 0.014844 0.016667
7 0.407422 0.473611 0.019531 0.025000
7 0.439063 0.475000 0.032813 0.041667
7 0.327344 0.458333 0.012500 0.016667
7 0.266016 0.481944 0.028906 0.041667
7 0.158203 0.499306 0.075781 0.079167
7 0.580078 0.481944 0.069531 0.080556
2 0.052344 0.406250 0.018750 0.048611
2 0.287109 0.447222 0.008594 0.025000
2 0.634375 0.387500 0.010937 0.027778
2 0.639844 0.409722 0.010937 0.022222
7 0.417578 0.423611 0.017969 0.016667
7 0.310547 0.479861 0.008594 0.020833
7 0.253906 0.450694 0.017188 0.018056
7 0.251172 0.460417 0.011719 0.018056
2 0.849219 0.320833 0.026562 0.013889
2 0.850781 0.361111 0.012500 0.055556
2 0.496094 0.430556 0.010937 0.019444
7 0.494141 0.472222 0.036719 0.041667
