3 0.792188 0.560417 0.025000 0.112500
2 0.502344 0.509028 0.020313 0.029167
4 0.012500 0.650694 0.025000 0.087500
8 0.012891 0.572917 0.022656 0.112500
2 0.647266 0.454861 0.010156 0.026389
2 0.650000 0.477778 0.014063 0.019444
7 0.291016 0.568056 0.016406 0.038889
7 0.345703 0.559722 0.025781 0.050000
7 0.265234 0.575694 0.042969 0.070833
7 0.322266 0.566667 0.057031 0.050000
7 0.222266 0.578472 0.067969 0.090278
7 0.160547 0.590972 0.082031 0.095833
7 0.078906 0.597917 0.112500 0.118056
7 0.021484 0.605556 0.039844 0.072222
7 0.400000 0.571528 0.020313 0.031944
7 0.484375 0.559722 0.037500 0.069444
7 0.598437 0.552778 0.039062 0.047222
7 0.628906 0.565278 0.023438 0.036111
3 0.613281 0.575000 0.020313 0.083333
7 0.666016 0.577778 0.083594 0.094444
7 0.524609 0.568750 0.047656 0.068056
7 0.460547 0.577083 0.055469 0.079167
