7 0.032422 0.563194 0.064844 0.137500
7 0.178906 0.575000 0.228125 0.233333
7 0.519922 0.564583 0.208594 0.340278
7 0.317188 0.511806 0.042188 0.051389
7 0.366016 0.503472 0.025781 0.040278
7 0.396484 0.502083 0.014844 0.020833
7 0.416797 0.494444 0.016406 0.022222
7 0.382812 0.501389 0.014063 0.019444
7 0.432031 0.497222 0.012500 0.016667
1 0.444922 0.406944 0.003906 0.022222
1 0.411328 0.404861 0.007031 0.018056
1 0.353125 0.406944 0.004687 0.016667
1 0.387109 0.403472 0.008594 0.018056
4 0.689844 0.571528 0.075000 0.184722
3 0.817187 0.474306 0.042188 0.159722
2 0.528125 0.391667 0.028125 0.047222
