2 0.125000 0.167361 0.065625 0.087500
2 0.114844 0.346528 0.043750 0.070833
2 0.048438 0.240972 0.010937 0.029167
2 0.348828 0.418056 0.019531 0.033333
2 0.347266 0.377083 0.016406 0.029167
2 0.507812 0.449306 0.010937 0.026389
2 0.528125 0.447222 0.014063 0.022222
2 0.531641 0.460417 0.011719 0.015278
2 0.522656 0.470139 0.014063 0.029167
2 0.621484 0.392361 0.017969 0.023611
2 0.447656 0.472917 0.014063 0.009722
2 0.349609 0.454861 0.016406 0.034722
2 0.113281 0.380556 0.042188 0.033333
2 0.192188 0.369444 0.009375 0.022222
7 0.464844 0.515278 0.014063 0.025000
7 0.477344 0.512500 0.010937 0.019444
7 0.489453 0.518750 0.016406 0.020833
7 0.508984 0.518056 0.017969 0.019444
7 0.248438 0.499306 0.056250 0.059722
7 0.222656 0.484028 0.023438 0.029167
7 0.162109 0.477778 0.050781 0.036111
7 0.181250 0.503472 0.078125 0.068056
7 0.035547 0.505556 0.069531 0.102778
7 0.076953 0.510417 0.139844 0.101389
7 0.394531 0.507639 0.042188 0.073611
7 0.436719 0.528472 0.056250 0.079167
7 0.318750 0.513889 0.098437 0.127778
3 0.819922 0.557639 0.041406 0.181944
3 0.855469 0.556250 0.040625 0.190278
3 0.533203 0.522222 0.008594 0.038889
3 0.523438 0.528472 0.014063 0.056944
7 0.888281 0.559028 0.201563 0.120833
