7 0.415625 0.690972 0.009375 0.015278
7 0.363281 0.693056 0.017188 0.013889
7 0.383594 0.691667 0.009375 0.016667
7 0.402734 0.691667 0.011719 0.016667
7 0.375781 0.693056 0.010937 0.011111
7 0.391797 0.690278 0.010156 0.019444
3 0.644141 0.689583 0.019531 0.076389
3 0.625391 0.690972 0.017969 0.076389
3 0.617578 0.683333 0.013281 0.072222
3 0.597656 0.694444 0.012500 0.061111
3 0.571094 0.702778 0.010937 0.041667
3 0.584766 0.699306 0.011719 0.037500
2 0.162500 0.584028 0.020313 0.040278
2 0.164453 0.560417 0.019531 0.015278
2 0.230078 0.561806 0.017969 0.051389
2 0.103516 0.554167 0.016406 0.019444
2 0.673438 0.491667 0.051562 0.127778
2 0.670703 0.333333 0.038281 0.027778
2 0.676953 0.356944 0.013281 0.025000
2 0.800000 0.537500 0.021875 0.016667
2 0.810156 0.581250 0.010937 0.015278
2 0.842969 0.622917 0.040625 0.079167
1 0.349609 0.506250 0.013281 0.048611
1 0.527344 0.550694 0.010937 0.034722
1 0.703516 0.541667 0.027344 0.033333
1 0.642969 0.624306 0.012500 0.020833
1 0.787500 0.594444 0.014063 0.025000
1 0.117969 0.502778 0.014063 0.041667
1 0.092188 0.609028 0.020313 0.026389
2 0.215625 0.690278 0.010937 0.022222
2 0.179688 0.682639 0.010937 0.023611
