7 0.199609 0.429167 0.078906 0.080556
7 0.276953 0.427778 0.097656 0.163889
7 0.704688 0.368750 0.085938 0.065278
7 0.803125 0.352778 0.039062 0.052778
0 0.402344 0.392361 0.168750 0.290278
7 0.458984 0.527083 0.239844 0.329167
7 0.104688 0.519444 0.209375 0.261111
3 0.695312 0.409028 0.026562 0.131944
3 0.673438 0.413889 0.020313 0.111111
3 0.658594 0.381250 0.010937 0.076389
3 0.562500 0.386806 0.012500 0.056944
3 0.974609 0.459722 0.049219 0.238889
2 0.647656 0.102083 0.051562 0.098611
2 0.649219 0.172917 0.031250 0.040278
2 0.649609 0.204861 0.016406 0.026389
2 0.274219 0.322222 0.014063 0.019444
2 0.271094 0.290972 0.025000 0.020833
2 0.237500 0.261111 0.009375 0.016667
1 0.519922 0.309722 0.007031 0.033333
