7 0.460938 0.320833 0.018750 0.027778
7 0.471094 0.327083 0.018750 0.040278
7 0.478906 0.333333 0.021875 0.052778
7 0.490234 0.337500 0.027344 0.061111
7 0.516797 0.336111 0.035156 0.083333
7 0.526563 0.342361 0.045312 0.093056
7 0.567187 0.360417 0.090625 0.123611
7 0.395313 0.336111 0.020313 0.033333
7 0.383594 0.342361 0.018750 0.056944
7 0.375781 0.347917 0.031250 0.076389
7 0.356250 0.351389 0.037500 0.077778
7 0.317969 0.355556 0.067187 0.127778
7 0.270703 0.371528 0.128906 0.140278
7 0.157031 0.426389 0.193750 0.197222
7 0.048438 0.499306 0.096875 0.312500
7 0.719141 0.397917 0.258594 0.251389
7 0.426563 0.356250 0.060937 0.095833
