7 0.519531 0.507639 0.021875 0.020833
7 0.494141 0.509722 0.024219 0.019444
7 0.440234 0.515278 0.027344 0.019444
7 0.871875 0.507639 0.028125 0.023611
7 0.787109 0.514583 0.022656 0.029167
7 0.810937 0.521528 0.025000 0.026389
7 0.013281 0.526389 0.026562 0.025000
7 0.115234 0.565278 0.207031 0.144444
8 0.993359 0.497222 0.011719 0.058333
7 0.006641 0.575694 0.013281 0.095833
7 0.407422 0.515972 0.024219 0.020833
7 0.477344 0.511806 0.014063 0.018056
7 0.562109 0.512500 0.011719 0.011111
7 0.548047 0.511806 0.011719 0.012500
7 0.837891 0.516667 0.022656 0.019444
