7 0.445312 0.593056 0.015625 0.019444
7 0.391016 0.598611 0.021094 0.030556
5 0.415625 0.579167 0.034375 0.063889
7 0.328125 0.613194 0.014063 0.023611
7 0.313281 0.618056 0.015625 0.030556
7 0.125781 0.661111 0.040625 0.097222
7 0.070703 0.677778 0.108594 0.108333
7 0.583594 0.602778 0.079687 0.097222
7 0.298047 0.623611 0.027344 0.052778
7 0.468359 0.592361 0.021094 0.026389
7 0.420312 0.611111 0.040625 0.063889
7 0.357031 0.613889 0.045312 0.069444
7 0.541797 0.632639 0.110156 0.134722
7 0.676953 0.629167 0.122656 0.127778
7 0.216016 0.661111 0.172656 0.216667
1 0.355859 0.504861 0.005469 0.020833
2 0.139063 0.457639 0.051562 0.026389
2 0.306250 0.512500 0.009375 0.036111
2 0.133203 0.553472 0.010156 0.043056
2 0.283203 0.578472 0.007031 0.015278
7 0.022656 0.697222 0.045312 0.113889
