7 0.175391 0.438194 0.060156 0.048611
7 0.083594 0.452083 0.093750 0.093056
7 0.422656 0.407639 0.015625 0.020833
7 0.507812 0.412500 0.009375 0.019444
7 0.545312 0.414583 0.042188 0.023611
7 0.587500 0.412500 0.025000 0.036111
7 0.606250 0.406250 0.025000 0.023611
7 0.631641 0.404861 0.035156 0.031944
7 0.642188 0.419444 0.042188 0.061111
5 0.724609 0.418056 0.089844 0.094444
7 0.799219 0.404167 0.034375 0.050000
7 0.830859 0.411111 0.074219 0.063889
7 0.897656 0.418056 0.075000 0.063889
7 0.973437 0.423611 0.048438 0.075000
5 0.442188 0.392361 0.026562 0.068056
7 0.022656 0.653472 0.045312 0.370833
2 0.251563 0.197917 0.029687 0.062500
2 0.236328 0.184028 0.019531 0.037500
2 0.591016 0.348611 0.013281 0.019444
2 0.565234 0.361111 0.010156 0.008333
2 0.673438 0.277778 0.029687 0.016667
1 0.237109 0.303472 0.013281 0.054167
1 0.257812 0.339583 0.012500 0.026389
1 0.228125 0.341667 0.017188 0.030556
1 0.504687 0.087500 0.015625 0.061111
1 0.476562 0.093056 0.014063 0.055556
1 0.491406 0.091667 0.015625 0.069444
1 0.287891 0.127083 0.016406 0.059722
3 0.780078 0.429167 0.022656 0.111111
3 0.936719 0.429167 0.031250 0.102778
