1 0.280078 0.109722 0.016406 0.077778
1 0.768750 0.123611 0.015625 0.061111
2 0.135937 0.107639 0.012500 0.018056
1 0.148828 0.243750 0.019531 0.034722
2 0.778516 0.077778 0.028906 0.019444
2 0.760938 0.054861 0.029687 0.018056
2 0.762500 0.003472 0.057813 0.006944
7 0.506250 0.140972 0.007812 0.020833
7 0.499609 0.181944 0.014844 0.025000
7 0.490234 0.209028 0.025781 0.034722
7 0.469922 0.193056 0.011719 0.016667
7 0.461328 0.200000 0.014844 0.025000
7 0.448437 0.207639 0.023438 0.031944
7 0.438281 0.229167 0.035937 0.044444
7 0.532031 0.136111 0.007812 0.022222
7 0.518750 0.168056 0.007812 0.016667
0 0.519531 0.137500 0.012500 0.036111
7 0.534375 0.160417 0.009375 0.018056
7 0.539844 0.175694 0.012500 0.018056
7 0.552734 0.181944 0.017969 0.025000
7 0.548438 0.156250 0.010937 0.012500
7 0.578516 0.188194 0.016406 0.026389
7 0.586328 0.196528 0.014844 0.040278
7 0.598437 0.202778 0.020313 0.041667
7 0.609766 0.223611 0.025781 0.038889
7 0.626172 0.234722 0.036719 0.036111
7 0.557813 0.208333 0.026562 0.038889
7 0.519922 0.188194 0.017969 0.026389
7 0.520312 0.225000 0.026562 0.038889
7 0.528125 0.259722 0.042188 0.041667
7 0.657813 0.261806 0.050000 0.062500
7 0.412891 0.254861 0.042969 0.056944
7 0.472266 0.236806 0.032031 0.048611
7 0.516016 0.375000 0.117969 0.188889
7 0.691406 0.283333 0.070312 0.088889
7 0.371094 0.308333 0.062500 0.066667
3 0.278125 0.313889 0.020313 0.075000
3 0.686719 0.206250 0.014063 0.048611
3 0.669141 0.204167 0.013281 0.033333
3 0.630078 0.189583 0.007031 0.031944
3 0.622266 0.190972 0.008594 0.020833
3 0.620703 0.170139 0.007031 0.018056
3 0.611719 0.176389 0.006250 0.019444
3 0.606250 0.165972 0.004687 0.020833
