7 0.467187 0.450000 0.012500 0.019444
7 0.417578 0.454861 0.016406 0.023611
7 0.457031 0.450694 0.007812 0.018056
0 0.444531 0.440278 0.017188 0.022222
7 0.441797 0.456944 0.021094 0.027778
7 0.499219 0.450000 0.056250 0.086111
7 0.630859 0.476389 0.164844 0.188889
7 0.428516 0.459028 0.013281 0.029167
7 0.872656 0.393056 0.110937 0.100000
2 0.549219 0.366667 0.015625 0.027778
2 0.535156 0.401389 0.012500 0.025000
2 0.274609 0.393750 0.011719 0.023611
2 0.183984 0.368056 0.007031 0.022222
2 0.177734 0.384722 0.008594 0.011111
1 0.445312 0.368056 0.004687 0.013889
7 0.392578 0.445139 0.008594 0.020833
