7 0.233984 0.523611 0.028906 0.027778
7 0.164844 0.526389 0.028125 0.033333
7 0.160938 0.530556 0.021875 0.027778
7 0.284375 0.509722 0.017188 0.013889
7 0.296875 0.509722 0.012500 0.013889
7 0.310547 0.517361 0.011719 0.018056
7 0.409375 0.514583 0.012500 0.012500
7 0.421875 0.523611 0.014063 0.030556
7 0.337891 0.530556 0.028906 0.038889
7 0.262109 0.541667 0.014844 0.038889
7 0.285938 0.547917 0.054688 0.062500
7 0.038672 0.540972 0.025781 0.037500
7 0.381250 0.550000 0.060937 0.105556
7 0.104297 0.556250 0.128906 0.131944
2 0.213672 0.431250 0.022656 0.012500
2 0.212500 0.450000 0.051562 0.025000
2 0.436719 0.469444 0.014063 0.013889
2 0.480469 0.484028 0.012500 0.012500
