2 0.220703 0.013889 0.153906 0.025000
2 0.143750 0.058333 0.035937 0.058333
1 0.139453 0.226389 0.032031 0.169444
1 0.167578 0.238889 0.017969 0.169444
2 0.573047 0.350000 0.044531 0.027778
3 0.580859 0.444444 0.008594 0.025000
3 0.705469 0.444444 0.015625 0.063889
0 0.644531 0.414583 0.109375 0.140278
7 0.508203 0.454861 0.017969 0.043056
7 0.539062 0.450694 0.051562 0.076389
7 0.408203 0.461806 0.019531 0.054167
7 0.393750 0.452778 0.014063 0.055556
7 0.344141 0.469444 0.017969 0.044444
7 0.328125 0.475694 0.028125 0.054167
7 0.304297 0.481250 0.042969 0.056944
5 0.245703 0.472917 0.082031 0.101389
7 0.375000 0.469444 0.051562 0.080556
7 0.457422 0.456250 0.096094 0.159722
0 0.108203 0.404861 0.216406 0.334722
