2 0.650000 0.454167 0.031250 0.058333
1 0.656641 0.365278 0.038281 0.063889
1 0.032031 0.027083 0.023438 0.054167
1 0.041797 0.040972 0.024219 0.081944
7 0.092188 0.618056 0.017188 0.016667
7 0.090234 0.636806 0.025781 0.034722
7 0.078125 0.659722 0.032813 0.052778
7 0.063672 0.671528 0.039844 0.062500
7 0.022266 0.652778 0.044531 0.041667
7 0.004687 0.671528 0.009375 0.020833
7 0.028906 0.706250 0.057813 0.087500
7 0.125391 0.628472 0.025781 0.031944
7 0.059766 0.611806 0.032031 0.015278
5 0.014453 0.622222 0.028906 0.047222
5 0.171875 0.648611 0.026562 0.188889
0 0.395703 0.440972 0.467969 0.815278
3 0.823438 0.611111 0.039062 0.141667
3 0.700000 0.620833 0.045312 0.186111
3 0.726172 0.613889 0.039844 0.186111
3 0.638672 0.606944 0.017969 0.088889
7 0.667188 0.629167 0.035937 0.088889
1 0.331250 0.008333 0.028125 0.016667
