1 0.192578 0.020139 0.027344 0.037500
1 0.231641 0.025000 0.032031 0.050000
1 0.170703 0.025694 0.021094 0.051389
1 0.657031 0.401389 0.026562 0.050000
2 0.656250 0.250694 0.062500 0.037500
2 0.600781 0.263194 0.018750 0.031944
3 0.673828 0.534028 0.027344 0.123611
3 0.515625 0.604861 0.042188 0.168056
3 0.454688 0.619444 0.026562 0.177778
7 0.316016 0.559028 0.010156 0.026389
7 0.304297 0.553472 0.010156 0.023611
7 0.276172 0.562500 0.014844 0.022222
7 0.253125 0.559722 0.014063 0.016667
7 0.236328 0.563889 0.019531 0.016667
7 0.126562 0.592361 0.042188 0.040278
7 0.101562 0.595833 0.017188 0.036111
7 0.216406 0.569444 0.031250 0.033333
7 0.291797 0.558333 0.013281 0.027778
7 0.335547 0.568056 0.028906 0.050000
7 0.064453 0.601389 0.064844 0.052778
5 0.021094 0.592361 0.042188 0.079167
7 0.906250 0.560417 0.184375 0.226389
