7 0.537109 0.496528 0.033594 0.040278
7 0.387500 0.493056 0.046875 0.025000
7 0.467187 0.484722 0.034375 0.019444
7 0.061328 0.511806 0.122656 0.120833
7 0.332422 0.501389 0.083594 0.091667
1 0.363672 0.320833 0.010156 0.038889
1 0.434375 0.325000 0.009375 0.038889
1 0.508594 0.335417 0.009375 0.040278
1 0.634375 0.410417 0.010937 0.045833
1 0.769141 0.290972 0.022656 0.106944
1 0.746484 0.281944 0.016406 0.113889
1 0.823438 0.336806 0.021875 0.054167
1 0.643750 0.444444 0.009375 0.022222
1 0.253516 0.393750 0.008594 0.020833
2 0.247656 0.425000 0.009375 0.019444
2 0.612500 0.436111 0.032813 0.019444
1 0.411328 0.422222 0.007031 0.030556
1 0.728906 0.394444 0.007812 0.041667
2 0.634375 0.449306 0.010937 0.018056
2 0.460547 0.344444 0.032031 0.011111
7 0.873437 0.473611 0.029687 0.022222
7 0.249609 0.667361 0.002344 0.076389
7 0.917578 0.476389 0.042969 0.019444
7 0.946484 0.473611 0.039844 0.019444
1 0.851562 0.393056 0.025000 0.038889
3 0.641406 0.488194 0.009375 0.029167
1 0.242578 0.388889 0.007031 0.036111
