7 0.418750 0.526389 0.009375 0.016667
7 0.410547 0.531944 0.007031 0.019444
7 0.403906 0.531944 0.006250 0.019444
7 0.398047 0.536806 0.010156 0.026389
7 0.387500 0.538194 0.018750 0.029167
7 0.377344 0.540278 0.010937 0.033333
7 0.458203 0.530556 0.007031 0.016667
7 0.463281 0.533333 0.010937 0.022222
7 0.471094 0.540278 0.018750 0.027778
7 0.492578 0.541667 0.024219 0.066667
7 0.504687 0.543750 0.026562 0.081944
7 0.541016 0.547917 0.072656 0.123611
7 0.628516 0.598611 0.133594 0.155556
7 0.326562 0.535417 0.073438 0.068056
3 0.588281 0.522222 0.028125 0.075000
3 0.707812 0.606944 0.065625 0.272222
8 0.342969 0.535417 0.021875 0.076389
4 0.341797 0.560417 0.019531 0.051389
7 0.250391 0.552778 0.089844 0.097222
7 0.436719 0.528472 0.007812 0.018056
7 0.427734 0.527778 0.007031 0.019444
2 0.107422 0.561806 0.022656 0.037500
2 0.056250 0.297917 0.062500 0.076389
5 0.350781 0.509722 0.042188 0.055556
2 0.418359 0.489583 0.008594 0.015278
4 0.163672 0.570139 0.047656 0.062500
3 0.063281 0.542361 0.025000 0.098611
