7 0.258594 0.597222 0.014063 0.036111
7 0.244141 0.598611 0.022656 0.038889
7 0.202734 0.608333 0.046094 0.047222
7 0.157812 0.608333 0.046875 0.055556
7 0.614453 0.604167 0.069531 0.141667
7 0.689844 0.636806 0.150000 0.151389
7 0.863281 0.681250 0.270313 0.306944
0 0.426953 0.475694 0.321094 0.670833
2 0.633594 0.468056 0.026562 0.052778
2 0.664453 0.540278 0.014844 0.038889
2 0.082031 0.486806 0.020313 0.026389
2 0.083984 0.556944 0.016406 0.030556
2 0.083984 0.506944 0.014844 0.022222
1 0.077344 0.531250 0.009375 0.026389
2 0.203516 0.554167 0.011719 0.022222
2 0.200000 0.569444 0.009375 0.013889
