1 0.673438 0.508333 0.012500 0.022222
1 0.761719 0.499306 0.015625 0.023611
1 0.741797 0.347917 0.013281 0.048611
1 0.660156 0.417361 0.010937 0.037500
1 0.169531 0.433333 0.025000 0.027778
2 0.189453 0.397917 0.028906 0.023611
2 0.187109 0.379167 0.010156 0.019444
2 0.746094 0.447222 0.015625 0.013889
2 0.748047 0.470833 0.027344 0.019444
2 0.821875 0.389583 0.020313 0.040278
2 0.815234 0.422917 0.011719 0.026389
2 0.829688 0.429861 0.014063 0.040278
2 0.763281 0.381944 0.023438 0.013889
2 0.747656 0.279861 0.025000 0.081944
2 0.662109 0.459028 0.011719 0.029167
3 0.837891 0.600694 0.030469 0.123611
3 0.249219 0.534028 0.015625 0.065278
3 0.232422 0.533333 0.014844 0.077778
3 0.760547 0.569444 0.017969 0.047222
3 0.725391 0.550694 0.011719 0.029167
3 0.677344 0.547917 0.010937 0.018056
3 0.120313 0.496528 0.014063 0.023611
3 0.176563 0.506944 0.010937 0.030556
3 0.217969 0.524306 0.020313 0.065278
3 0.262891 0.523611 0.014844 0.066667
3 0.270703 0.523611 0.011719 0.063889
3 0.070703 0.506250 0.028906 0.070833
3 0.047656 0.531944 0.025000 0.116667
3 0.033984 0.518750 0.013281 0.101389
3 0.787500 0.581250 0.017188 0.065278
7 0.710547 0.607639 0.078906 0.109722
7 0.648047 0.593056 0.053906 0.169444
7 0.131250 0.571528 0.159375 0.140278
7 0.447266 0.512500 0.360156 0.436111
