1 0.342578 0.167361 0.016406 0.070833
1 0.666406 0.047222 0.023438 0.091667
1 0.625391 0.050694 0.039844 0.095833
2 0.787500 0.169444 0.050000 0.075000
1 0.870313 0.227778 0.023438 0.091667
2 0.860156 0.300000 0.026562 0.025000
2 0.862500 0.328472 0.026562 0.020833
2 0.859766 0.351389 0.027344 0.013889
2 0.859766 0.383333 0.025781 0.050000
1 0.884766 0.414583 0.027344 0.034722
1 0.408594 0.384722 0.007812 0.022222
1 0.453125 0.394444 0.009375 0.016667
2 0.036719 0.217361 0.032813 0.018056
2 0.056641 0.275694 0.042969 0.031944
1 0.027734 0.327083 0.032031 0.043056
2 0.584766 0.362500 0.013281 0.027778
2 0.391016 0.450694 0.011719 0.029167
7 0.449609 0.449306 0.011719 0.023611
7 0.441406 0.459028 0.025000 0.043056
7 0.433594 0.465278 0.020313 0.047222
7 0.462891 0.475694 0.035156 0.087500
3 0.269141 0.454167 0.011719 0.058333
2 0.283203 0.384028 0.010156 0.015278
7 0.325391 0.490278 0.100781 0.102778
7 0.418750 0.468750 0.037500 0.059722
7 0.513281 0.498611 0.100000 0.169444
7 0.153516 0.537500 0.307031 0.350000
3 0.230469 0.460417 0.014063 0.031944
