7 0.072266 0.488194 0.144531 0.287500
7 0.165234 0.483333 0.088281 0.102778
7 0.402344 0.475000 0.068750 0.105556
7 0.290234 0.530556 0.219531 0.252778
7 0.532422 0.588194 0.278906 0.462500
1 0.371875 0.308333 0.010937 0.041667
2 0.213672 0.321528 0.016406 0.026389
2 0.664062 0.346528 0.023438 0.012500
2 0.798047 0.322222 0.017969 0.038889
2 0.671484 0.260417 0.013281 0.059722
2 0.218750 0.364583 0.007812 0.009722
2 0.155469 0.293750 0.009375 0.029167
2 0.018750 0.304861 0.009375 0.015278
1 0.174609 0.367361 0.008594 0.034722
1 0.614453 0.298611 0.007031 0.038889
3 0.741406 0.468056 0.015625 0.088889
3 0.713281 0.466667 0.020313 0.077778
3 0.706250 0.465278 0.015625 0.077778
3 0.794141 0.440972 0.010156 0.031944
3 0.803516 0.440972 0.011719 0.040278
3 0.686719 0.470139 0.015625 0.062500
3 0.755469 0.458333 0.014063 0.072222
7 0.891797 0.483333 0.013281 0.041667
7 0.849219 0.469444 0.085938 0.072222
1 0.667188 0.387500 0.007812 0.036111
1 0.668359 0.422222 0.013281 0.019444
1 0.403125 0.372917 0.007812 0.018056
