3 0.039844 0.394444 0.009375 0.022222
7 0.026562 0.423611 0.053125 0.055556
7 0.017188 0.477083 0.034375 0.118056
2 0.132812 0.357639 0.012500 0.023611
2 0.366797 0.346528 0.014844 0.023611
2 0.248047 0.247222 0.028906 0.044444
2 0.246875 0.110417 0.032813 0.043056
2 0.721875 0.175694 0.021875 0.068056
2 0.909766 0.293750 0.011719 0.051389
2 0.922266 0.139583 0.027344 0.015278
2 0.912109 0.078472 0.010156 0.073611
2 0.248047 0.288889 0.021094 0.036111
1 0.741016 0.315972 0.016406 0.029167
7 0.507812 0.386111 0.010937 0.025000
7 0.516406 0.398611 0.012500 0.027778
7 0.528125 0.397917 0.021875 0.031944
7 0.546094 0.400694 0.029687 0.040278
7 0.407422 0.398611 0.017969 0.033333
7 0.303906 0.394444 0.029687 0.025000
7 0.277734 0.390278 0.016406 0.019444
7 0.253516 0.387500 0.025781 0.022222
7 0.227344 0.411111 0.032813 0.047222
7 0.158984 0.420139 0.066406 0.059722
3 0.208594 0.432639 0.021875 0.115278
3 0.668359 0.411111 0.013281 0.061111
3 0.989844 0.434028 0.017188 0.143056
3 0.955078 0.427083 0.025781 0.109722
3 0.904687 0.430556 0.026562 0.141667
3 0.947266 0.422222 0.010156 0.075000
3 0.932031 0.431250 0.031250 0.145833
3 0.970703 0.416667 0.039844 0.191667
3 0.842187 0.429861 0.035937 0.120833
3 0.754687 0.434028 0.023438 0.118056
3 0.728125 0.427778 0.025000 0.119444
3 0.808594 0.411111 0.021875 0.113889
3 0.780078 0.432639 0.025781 0.126389
3 0.632031 0.405556 0.017188 0.072222
3 0.650391 0.422917 0.022656 0.084722
4 0.662500 0.434028 0.014063 0.054167
3 0.681250 0.402778 0.014063 0.066667
7 0.587109 0.404167 0.060156 0.075000
7 0.359375 0.427778 0.095312 0.136111
7 0.462500 0.458333 0.128125 0.200000
1 0.535547 0.169444 0.010156 0.047222
1 0.420312 0.072917 0.020313 0.073611
1 0.395703 0.067361 0.017969 0.065278
2 0.247656 0.149306 0.032813 0.034722
1 0.240234 0.159722 0.021094 0.105556
