1 0.462500 0.411806 0.007812 0.026389
1 0.425391 0.406944 0.005469 0.025000
7 0.972266 0.711111 0.053906 0.183333
7 0.015234 0.572917 0.028906 0.190278
7 0.126953 0.570139 0.219531 0.212500
7 0.265234 0.559722 0.069531 0.105556
7 0.822266 0.634028 0.328906 0.304167
7 0.658984 0.584722 0.127344 0.188889
7 0.602344 0.540278 0.079687 0.150000
7 0.539844 0.518750 0.054688 0.081944
7 0.510156 0.513194 0.034375 0.062500
7 0.495703 0.504167 0.011719 0.025000
7 0.484766 0.496528 0.010156 0.023611
7 0.466016 0.492361 0.008594 0.018056
7 0.452344 0.487500 0.007812 0.022222
7 0.441797 0.500000 0.014844 0.019444
7 0.425000 0.495139 0.012500 0.023611
7 0.419531 0.495139 0.015625 0.023611
7 0.410938 0.509028 0.028125 0.031944
7 0.383203 0.512500 0.022656 0.052778
7 0.375391 0.517361 0.030469 0.045833
7 0.331641 0.524306 0.064844 0.093056
1 0.428906 0.407639 0.007812 0.023611
