7 0.408984 0.530556 0.010156 0.011111
7 0.298438 0.535417 0.037500 0.048611
7 0.379297 0.532639 0.010156 0.012500
7 0.442578 0.529167 0.010156 0.019444
7 0.447656 0.529861 0.009375 0.018056
7 0.454688 0.528472 0.012500 0.026389
7 0.463672 0.528472 0.016406 0.026389
7 0.477734 0.527778 0.019531 0.047222
7 0.503516 0.522222 0.050781 0.080556
7 0.546484 0.530556 0.064844 0.102778
7 0.571875 0.556944 0.067187 0.088889
7 0.275000 0.544444 0.021875 0.052778
7 0.248047 0.545139 0.044531 0.073611
7 0.053906 0.573611 0.107813 0.163889
7 0.396875 0.529167 0.015625 0.022222
7 0.362891 0.531250 0.019531 0.026389
7 0.385547 0.532639 0.007031 0.012500
7 0.372266 0.529167 0.008594 0.019444
7 0.331641 0.531250 0.038281 0.051389
7 0.200000 0.550000 0.073438 0.086111
7 0.703125 0.580556 0.160938 0.183333
2 0.850391 0.277778 0.060156 0.036111
1 0.900391 0.367361 0.027344 0.048611
1 0.882812 0.362500 0.032813 0.061111
2 0.325781 0.493750 0.009375 0.006944
2 0.321484 0.481944 0.007031 0.008333
7 0.616016 0.571528 0.083594 0.115278
7 0.421484 0.534028 0.010156 0.012500
