7 0.210547 0.670833 0.144531 0.244444
7 0.274219 0.609028 0.014063 0.031944
7 0.289062 0.600000 0.018750 0.027778
7 0.305859 0.600000 0.014844 0.019444
7 0.329297 0.592361 0.028906 0.037500
7 0.408594 0.582639 0.075000 0.120833
7 0.850000 0.515972 0.070312 0.045833
7 0.658203 0.535417 0.046094 0.037500
7 0.566016 0.543056 0.033594 0.027778
7 0.783594 0.482639 0.028125 0.018056
7 0.762500 0.520833 0.056250 0.033333
7 0.086328 0.621528 0.025781 0.020833
7 0.058984 0.626389 0.035156 0.022222
7 0.021484 0.637500 0.042969 0.019444
2 0.318359 0.498611 0.011719 0.008333
2 0.308203 0.516667 0.039844 0.019444
2 0.267578 0.491667 0.016406 0.008333
2 0.259375 0.521528 0.039062 0.048611
2 0.034766 0.517361 0.019531 0.018056
2 0.282422 0.563194 0.017969 0.018056
2 0.311719 0.560417 0.018750 0.009722
