1 0.503125 0.525694 0.006250 0.026389
1 0.621094 0.548611 0.006250 0.022222
1 0.509375 0.529167 0.006250 0.025000
1 0.628125 0.549306 0.004687 0.023611
7 0.129688 0.611111 0.248438 0.202778
7 0.287891 0.606250 0.105469 0.143056
7 0.396484 0.624306 0.074219 0.084722
7 0.441406 0.641667 0.023438 0.061111
7 0.464453 0.647222 0.021094 0.036111
7 0.778906 0.621528 0.137500 0.173611
7 0.685937 0.615972 0.048438 0.034722
7 0.641406 0.665972 0.026562 0.031944
7 0.630859 0.654167 0.021094 0.027778
7 0.601172 0.658333 0.021094 0.027778
7 0.562500 0.654167 0.025000 0.036111
7 0.522266 0.649306 0.033594 0.037500
7 0.545703 0.650694 0.011719 0.020833
7 0.499219 0.651389 0.017188 0.030556
