7 0.626172 0.347917 0.050781 0.076389
7 0.593750 0.355556 0.050000 0.069444
7 0.522656 0.345833 0.114062 0.133333
7 0.421875 0.368750 0.123438 0.140278
7 0.261328 0.387500 0.232031 0.197222
3 0.187109 0.352083 0.021094 0.043056
7 0.816016 0.326389 0.016406 0.022222
7 0.871484 0.309028 0.027344 0.045833
7 0.867969 0.325000 0.015625 0.033333
7 0.844922 0.328472 0.049219 0.059722
7 0.945312 0.375000 0.106250 0.172222
2 0.776563 0.256944 0.025000 0.016667
2 0.927734 0.259028 0.016406 0.015278
2 0.758594 0.300000 0.007812 0.019444
2 0.719922 0.271528 0.022656 0.012500
1 0.797656 0.252083 0.009375 0.026389
7 0.705859 0.356250 0.133594 0.165278
