1 0.352734 0.365278 0.008594 0.025000
1 0.343359 0.368750 0.010156 0.031944
1 0.451953 0.375000 0.008594 0.030556
1 0.302734 0.461111 0.010156 0.019444
1 0.235156 0.447222 0.010937 0.022222
2 0.487891 0.390278 0.028906 0.025000
2 0.887500 0.198611 0.039062 0.047222
7 0.392578 0.497222 0.010156 0.019444
7 0.383594 0.495833 0.007812 0.022222
7 0.375781 0.495833 0.009375 0.022222
7 0.369531 0.497222 0.007812 0.030556
7 0.358984 0.497917 0.014844 0.040278
7 0.358203 0.502778 0.011719 0.030556
7 0.452344 0.493750 0.010937 0.026389
7 0.467969 0.493750 0.026562 0.037500
7 0.502344 0.493750 0.042188 0.059722
7 0.578516 0.503472 0.089844 0.109722
7 0.342969 0.502778 0.028125 0.044444
7 0.425781 0.494444 0.014063 0.022222
4 0.815625 0.531944 0.054688 0.119444
4 0.798047 0.533333 0.058594 0.119444
3 0.855859 0.512500 0.083594 0.152778
