3 0.332813 0.386111 0.015625 0.050000
3 0.674609 0.383333 0.025781 0.088889
3 0.725391 0.384722 0.014844 0.077778
5 0.917969 0.334722 0.159375 0.163889
5 0.860547 0.320139 0.272656 0.190278
7 0.266016 0.454861 0.117969 0.168056
7 0.169922 0.416667 0.047656 0.077778
7 0.133203 0.422917 0.064844 0.065278
7 0.051172 0.581944 0.102344 0.413889
7 0.482422 0.509722 0.353906 0.469444
1 0.345703 0.308333 0.005469 0.022222
1 0.166406 0.195139 0.009375 0.023611
1 0.214062 0.188194 0.010937 0.012500
2 0.196875 0.216667 0.051562 0.066667
1 0.256641 0.226389 0.016406 0.080556
1 0.303516 0.218750 0.014844 0.043056
1 0.314063 0.238889 0.017188 0.050000
1 0.326953 0.242361 0.013281 0.040278
1 0.335156 0.246528 0.010937 0.040278
1 0.341016 0.242361 0.008594 0.029167
1 0.406641 0.253472 0.016406 0.015278
1 0.467187 0.249306 0.020313 0.020833
1 0.788672 0.216667 0.010156 0.052778
2 0.853906 0.249306 0.035937 0.068056
2 0.844531 0.202083 0.020313 0.026389
2 0.591797 0.243056 0.028906 0.036111
2 0.585938 0.109028 0.040625 0.095833
2 0.276172 0.343750 0.022656 0.026389
1 0.254688 0.306944 0.012500 0.025000
1 0.085156 0.336111 0.010937 0.036111
1 0.053906 0.198611 0.035937 0.027778
