1 0.492578 0.527083 0.007031 0.020833
1 0.409375 0.529167 0.004687 0.019444
1 0.530078 0.568056 0.005469 0.019444
7 0.429297 0.602083 0.007031 0.015278
7 0.422266 0.606944 0.011719 0.027778
7 0.409375 0.606944 0.021875 0.027778
7 0.475000 0.615972 0.037500 0.056944
7 0.500000 0.611111 0.014063 0.019444
7 0.507812 0.618750 0.015625 0.023611
7 0.524609 0.614583 0.027344 0.037500
7 0.537500 0.622917 0.025000 0.048611
7 0.550391 0.626389 0.016406 0.047222
7 0.562891 0.625000 0.027344 0.063889
7 0.589844 0.622917 0.051562 0.095833
7 0.639453 0.632639 0.094531 0.148611
7 0.743750 0.669444 0.200000 0.241667
7 0.312500 0.616667 0.032813 0.080556
7 0.258203 0.618056 0.102344 0.105556
7 0.112891 0.633333 0.150781 0.166667
7 0.021875 0.624306 0.043750 0.262500
5 0.454297 0.596528 0.016406 0.026389
1 0.487109 0.527778 0.003906 0.016667
