1 0.099219 0.370833 0.009375 0.027778
1 0.195312 0.290278 0.009375 0.036111
1 0.372656 0.312500 0.009375 0.036111
1 0.414453 0.377778 0.007031 0.027778
1 0.449609 0.352778 0.016406 0.025000
2 0.101953 0.299306 0.014844 0.031944
2 0.166406 0.301389 0.034375 0.019444
8 0.653516 0.450694 0.033594 0.140278
4 0.650000 0.493750 0.040625 0.087500
3 0.523047 0.443750 0.011719 0.056944
3 0.514062 0.427778 0.006250 0.041667
3 0.482422 0.436111 0.011719 0.058333
3 0.471875 0.451389 0.012500 0.077778
3 0.450391 0.436111 0.016406 0.058333
7 0.312500 0.438889 0.006250 0.025000
7 0.307422 0.442361 0.008594 0.020833
7 0.405859 0.447222 0.046094 0.072222
7 0.254688 0.444444 0.023438 0.027778
7 0.139844 0.439583 0.029687 0.034722
7 0.472266 0.453472 0.038281 0.034722
5 0.282813 0.431944 0.039062 0.077778
7 0.358203 0.443056 0.021094 0.025000
7 0.419922 0.465972 0.066406 0.076389
7 0.106250 0.445833 0.056250 0.061111
7 0.196484 0.465278 0.108594 0.125000
7 0.039844 0.437500 0.025000 0.047222
7 0.024609 0.451389 0.049219 0.097222
