7 0.964453 0.366667 0.067969 0.144444
5 0.376172 0.377083 0.078906 0.137500
7 0.231641 0.386111 0.030469 0.036111
7 0.328906 0.365278 0.023438 0.025000
7 0.308984 0.385417 0.027344 0.029167
7 0.271484 0.395833 0.041406 0.044444
7 0.514062 0.379861 0.051562 0.043056
7 0.544531 0.370833 0.026562 0.027778
7 0.555469 0.374306 0.028125 0.031944
7 0.598437 0.372917 0.039062 0.056944
7 0.631641 0.369444 0.049219 0.061111
7 0.650781 0.370139 0.073438 0.059722
7 0.689063 0.368750 0.079687 0.062500
7 0.784766 0.365278 0.139844 0.086111
7 0.889062 0.374306 0.114062 0.115278
2 0.434766 0.315278 0.014844 0.041667
2 0.623047 0.193750 0.047656 0.118056
1 0.557422 0.191667 0.027344 0.052778
7 0.015625 0.411111 0.029687 0.063889
7 0.427734 0.353472 0.010156 0.020833
7 0.420703 0.345833 0.007031 0.019444
