2 0.322266 0.344444 0.025781 0.022222
1 0.544922 0.384722 0.007031 0.019444
7 0.333594 0.452083 0.014063 0.037500
7 0.352734 0.457639 0.027344 0.029167
7 0.220703 0.465972 0.049219 0.043056
7 0.153516 0.461806 0.049219 0.040278
1 0.548828 0.383333 0.008594 0.022222
3 0.884766 0.530556 0.035156 0.194444
3 0.847656 0.511111 0.035937 0.152778
1 0.431641 0.386111 0.007031 0.022222
2 0.430859 0.409028 0.010156 0.009722
7 0.490625 0.454167 0.020313 0.030556
7 0.555469 0.463889 0.017188 0.025000
7 0.426953 0.477083 0.061719 0.081944
7 0.517578 0.465278 0.039844 0.063889
7 0.575000 0.475694 0.042188 0.056944
2 0.589844 0.400000 0.009375 0.011111
