7 0.215234 0.236111 0.025781 0.025000
7 0.175391 0.242361 0.016406 0.020833
7 0.155469 0.251389 0.039062 0.069444
7 0.137109 0.262500 0.039844 0.072222
7 0.091797 0.265972 0.063281 0.076389
7 0.046484 0.306944 0.092969 0.166667
1 0.020313 0.181250 0.020313 0.026389
2 0.032813 0.136806 0.026562 0.020833
2 0.018750 0.114583 0.017188 0.020833
3 0.607031 0.277083 0.029687 0.126389
3 0.711719 0.277083 0.021875 0.084722
3 0.432422 0.256944 0.010156 0.044444
1 0.419531 0.186111 0.007812 0.027778
1 0.408984 0.185417 0.011719 0.026389
7 0.253906 0.227778 0.018750 0.030556
1 0.298047 0.197222 0.008594 0.022222
1 0.284375 0.195833 0.010937 0.019444
7 0.310937 0.230556 0.014063 0.027778
7 0.323437 0.241667 0.021875 0.038889
7 0.427734 0.247917 0.036719 0.051389
7 0.478125 0.228472 0.068750 0.048611
7 0.509766 0.236806 0.066406 0.034722
7 0.636328 0.267361 0.080469 0.065278
7 0.585547 0.275694 0.025781 0.056944
7 0.706641 0.273611 0.096094 0.075000
7 0.779687 0.256250 0.053125 0.062500
7 0.852734 0.229167 0.099219 0.069444
7 0.240625 0.250000 0.028125 0.047222
7 0.201953 0.266667 0.061719 0.088889
7 0.292187 0.240278 0.025000 0.047222
7 0.269922 0.228472 0.021094 0.040278
7 0.346875 0.265972 0.050000 0.081944
7 0.504687 0.356944 0.198437 0.219444
7 0.814844 0.508333 0.367188 0.488889
