7 0.105469 0.595139 0.209375 0.243056
7 0.250391 0.560417 0.110156 0.148611
7 0.329688 0.556944 0.073438 0.105556
7 0.401172 0.536806 0.072656 0.090278
7 0.442969 0.531250 0.025000 0.062500
7 0.463672 0.528472 0.021094 0.054167
7 0.481250 0.523611 0.014063 0.047222
7 0.492578 0.523611 0.014844 0.033333
7 0.501563 0.522222 0.007812 0.027778
7 0.508984 0.519444 0.014844 0.030556
7 0.521484 0.519444 0.008594 0.030556
7 0.529687 0.520139 0.004687 0.029167
7 0.710156 0.558333 0.084375 0.102778
7 0.667969 0.534722 0.050000 0.080556
7 0.643750 0.532639 0.020313 0.054167
7 0.638281 0.520833 0.025000 0.058333
7 0.624219 0.520833 0.012500 0.038889
7 0.614453 0.518056 0.016406 0.027778
7 0.598437 0.514583 0.015625 0.026389
7 0.569141 0.492361 0.011719 0.018056
7 0.550000 0.499306 0.010937 0.015278
5 0.749219 0.497222 0.032813 0.050000
1 0.535156 0.459028 0.004687 0.015278
