7 0.446484 0.522917 0.013281 0.015278
7 0.449609 0.541667 0.011719 0.030556
7 0.425781 0.511111 0.035937 0.022222
7 0.425391 0.537500 0.025781 0.030556
7 0.401953 0.547917 0.049219 0.034722
7 0.402734 0.562500 0.027344 0.036111
7 0.386719 0.571528 0.029687 0.045833
7 0.344141 0.581944 0.074219 0.066667
7 0.310156 0.591667 0.028125 0.055556
7 0.280859 0.596528 0.057031 0.070833
7 0.236328 0.600694 0.124219 0.081944
7 0.144922 0.619444 0.089844 0.116667
7 0.109375 0.634028 0.137500 0.140278
7 0.062891 0.645139 0.125781 0.165278
2 0.043359 0.559028 0.022656 0.023611
2 0.571875 0.488194 0.014063 0.023611
7 0.675781 0.586111 0.132812 0.147222
7 0.857031 0.606250 0.281250 0.351389
7 0.969141 0.695833 0.057031 0.175000
7 0.514844 0.643056 0.189062 0.275000
2 0.897266 0.372222 0.021094 0.036111
2 0.907422 0.408333 0.024219 0.030556
