2 0.356250 0.527083 0.014063 0.009722
2 0.796094 0.540278 0.017188 0.013889
1 0.344922 0.531944 0.008594 0.055556
1 0.418750 0.464583 0.007812 0.051389
1 0.705859 0.375694 0.013281 0.043056
1 0.692969 0.380556 0.012500 0.047222
1 0.715625 0.380556 0.009375 0.047222
1 0.802344 0.574306 0.018750 0.020833
7 0.479687 0.676389 0.035937 0.055556
7 0.441406 0.667361 0.025000 0.031944
7 0.562500 0.670139 0.025000 0.031944
7 0.551953 0.664583 0.022656 0.034722
7 0.535937 0.662500 0.007812 0.033333
7 0.014063 0.689583 0.028125 0.054167
7 0.051953 0.681944 0.053906 0.055556
7 0.184375 0.668056 0.040625 0.041667
7 0.273828 0.670833 0.030469 0.033333
7 0.221094 0.677083 0.032813 0.034722
7 0.236328 0.670139 0.033594 0.034722
7 0.294922 0.666667 0.013281 0.016667
7 0.310156 0.670139 0.018750 0.018056
7 0.420703 0.668056 0.010156 0.013889
7 0.526172 0.663194 0.011719 0.018056
