7 0.629687 0.511111 0.018750 0.063889
7 0.637500 0.515972 0.017188 0.090278
7 0.696484 0.519444 0.102344 0.177778
7 0.811328 0.545139 0.233594 0.270833
7 0.913672 0.632639 0.171094 0.351389
7 0.207031 0.609722 0.326562 0.297222
7 0.479687 0.456250 0.028125 0.034722
2 0.461328 0.372917 0.011719 0.026389
2 0.432812 0.402778 0.014063 0.008333
2 0.946484 0.221528 0.042969 0.040278
2 0.686719 0.373611 0.025000 0.013889
2 0.493359 0.383333 0.008594 0.005556
2 0.424609 0.425000 0.010156 0.013889
2 0.282813 0.325000 0.042188 0.077778
2 0.282031 0.383333 0.015625 0.038889
1 0.501563 0.334028 0.006250 0.031944
2 0.444531 0.380556 0.007812 0.016667
2 0.487891 0.402083 0.010156 0.009722
7 0.501953 0.421528 0.011719 0.018056
5 0.562109 0.440972 0.116406 0.293056
2 0.674609 0.391667 0.024219 0.011111
2 0.425000 0.385417 0.015625 0.009722
2 0.476953 0.384028 0.003906 0.015278
2 0.496094 0.393056 0.009375 0.005556
3 0.635156 0.441667 0.007812 0.038889
