1 0.443750 0.070833 0.015625 0.072222
1 0.549609 0.142361 0.010156 0.056944
1 0.430859 0.074306 0.011719 0.065278
1 0.458984 0.082639 0.013281 0.073611
1 0.570703 0.143750 0.013281 0.056944
1 0.815234 0.311806 0.022656 0.034722
1 0.546094 0.345833 0.004687 0.016667
1 0.170313 0.265972 0.015625 0.056944
1 0.142578 0.132639 0.019531 0.076389
1 0.165625 0.329861 0.014063 0.026389
1 0.300391 0.240972 0.016406 0.073611
7 0.560156 0.399306 0.025000 0.048611
7 0.548828 0.409028 0.032031 0.056944
7 0.531250 0.436111 0.025000 0.055556
7 0.656641 0.400694 0.017969 0.023611
7 0.665625 0.409722 0.014063 0.041667
7 0.685156 0.411806 0.032813 0.062500
7 0.692187 0.425694 0.025000 0.048611
7 0.721484 0.433333 0.063281 0.100000
7 0.617969 0.458333 0.107813 0.177778
1 0.628906 0.334722 0.007812 0.022222
0 0.432031 0.377778 0.189062 0.363889
4 0.772266 0.466667 0.044531 0.108333
8 0.773828 0.433333 0.030469 0.141667
2 0.796875 0.277778 0.009375 0.022222
2 0.725781 0.174306 0.037500 0.037500
2 0.307422 0.160417 0.039844 0.040278
3 0.951562 0.438194 0.025000 0.165278
3 0.985156 0.435417 0.028125 0.173611
3 0.913281 0.426389 0.031250 0.125000
3 0.900391 0.431944 0.014844 0.127778
3 0.885938 0.433333 0.023438 0.116667
3 0.869531 0.422917 0.025000 0.098611
3 0.835156 0.425000 0.031250 0.108333
3 0.245703 0.427083 0.021094 0.120833
3 0.310156 0.416667 0.023438 0.111111
3 0.283984 0.403472 0.014844 0.045833
3 0.233594 0.400694 0.009375 0.059722
3 0.220703 0.409722 0.016406 0.052778
3 0.160938 0.426389 0.025000 0.077778
3 0.117578 0.414583 0.017969 0.090278
