7 0.432031 0.466667 0.010937 0.013889
7 0.437500 0.479861 0.010937 0.012500
7 0.442578 0.486111 0.014844 0.013889
7 0.446875 0.494444 0.010937 0.016667
7 0.455469 0.495833 0.010937 0.019444
7 0.460547 0.495833 0.013281 0.025000
7 0.472266 0.499306 0.017969 0.037500
7 0.520703 0.520139 0.027344 0.048611
7 0.552344 0.518750 0.046875 0.076389
7 0.563281 0.529861 0.040625 0.068056
7 0.595313 0.535417 0.060937 0.084722
7 0.371094 0.490278 0.009375 0.019444
7 0.394531 0.487500 0.009375 0.022222
7 0.358203 0.489583 0.016406 0.020833
7 0.312500 0.494444 0.012500 0.030556
7 0.299609 0.494444 0.016406 0.030556
7 0.287109 0.499306 0.013281 0.031944
7 0.271484 0.502083 0.025781 0.031944
7 0.180859 0.510417 0.041406 0.062500
7 0.134766 0.520139 0.025781 0.054167
7 0.099219 0.522917 0.056250 0.068056
7 0.044922 0.525000 0.066406 0.083333
7 0.013281 0.543056 0.026562 0.069444
7 0.490234 0.502778 0.028906 0.033333
7 0.660937 0.540278 0.107813 0.119444
7 0.904297 0.632639 0.189844 0.240278
7 0.722266 0.519444 0.032031 0.038889
7 0.771484 0.529861 0.022656 0.048611
7 0.796094 0.549306 0.034375 0.034722
7 0.419141 0.455556 0.011719 0.016667
