1 0.005469 0.541667 0.009375 0.016667
7 0.065625 0.613194 0.029687 0.037500
7 0.044141 0.611806 0.013281 0.026389
3 0.685156 0.577083 0.031250 0.112500
2 0.248828 0.527778 0.011719 0.022222
4 0.739062 0.611806 0.087500 0.087500
2 0.350000 0.478472 0.014063 0.034722
7 0.019531 0.590278 0.014063 0.025000
7 0.005859 0.577778 0.008594 0.019444
2 0.403516 0.550694 0.011719 0.034722
2 0.250391 0.468750 0.021094 0.026389
6 0.835547 0.595139 0.110156 0.140278
3 0.241797 0.595139 0.007031 0.034722
2 0.241406 0.552778 0.012500 0.005556
