5 0.441406 0.280556 0.218750 0.561111
7 0.284766 0.301389 0.057031 0.063889
7 0.214062 0.309722 0.107813 0.100000
7 0.031250 0.345139 0.060937 0.056944
3 0.101562 0.299306 0.014063 0.023611
3 0.762109 0.278472 0.025781 0.109722
3 0.809375 0.295139 0.032813 0.181944
3 0.824609 0.331250 0.047656 0.220833
3 0.911719 0.317361 0.032813 0.181944
7 0.558203 0.262500 0.014844 0.044444
2 0.012891 0.237500 0.016406 0.022222
2 0.254688 0.222917 0.010937 0.012500
2 0.311328 0.236806 0.010156 0.015278
7 0.130078 0.460417 0.257031 0.298611
7 0.148047 0.305556 0.027344 0.016667
3 0.066016 0.290278 0.019531 0.030556
3 0.420312 0.399306 0.064062 0.315278
