7 0.510938 0.372222 0.021875 0.044444
5 0.466797 0.418750 0.041406 0.079167
7 0.442969 0.439583 0.014063 0.043056
7 0.489453 0.456944 0.058594 0.080556
7 0.014844 0.444444 0.029687 0.030556
2 0.148047 0.289583 0.016406 0.045833
1 0.101953 0.314583 0.014844 0.043056
1 0.556250 0.266667 0.015625 0.063889
3 0.550781 0.438194 0.010937 0.056944
3 0.774219 0.455556 0.032813 0.191667
3 0.700000 0.460417 0.021875 0.137500
3 0.710938 0.462500 0.023438 0.136111
3 0.667188 0.448611 0.031250 0.202778
3 0.656641 0.455556 0.039844 0.202778
2 0.500000 0.005556 0.054688 0.011111
2 0.127344 0.300694 0.012500 0.012500
0 0.300391 0.413889 0.282031 0.530556
3 0.984766 0.493056 0.022656 0.138889
