2 0.491797 0.579167 0.011719 0.027778
7 0.464453 0.622222 0.014844 0.030556
7 0.412109 0.614583 0.044531 0.045833
7 0.436328 0.634028 0.032031 0.045833
7 0.262109 0.593750 0.049219 0.026389
7 0.242188 0.622222 0.075000 0.072222
7 0.215234 0.627083 0.074219 0.068056
7 0.168750 0.629861 0.062500 0.084722
7 0.154297 0.627778 0.061719 0.083333
7 0.146875 0.631250 0.065625 0.093056
7 0.080078 0.663194 0.160156 0.195833
7 0.012500 0.720833 0.025000 0.155556
3 0.491406 0.665972 0.021875 0.109722
3 0.521484 0.656250 0.021094 0.126389
4 0.916406 0.827778 0.160938 0.333333
4 0.700000 0.738194 0.068750 0.209722
4 0.678125 0.744444 0.084375 0.197222
4 0.635156 0.734028 0.084375 0.173611
4 0.582422 0.721528 0.069531 0.140278
3 0.575000 0.688194 0.053125 0.231944
3 0.662891 0.629861 0.021094 0.054167
3 0.705859 0.668750 0.041406 0.145833
3 0.784766 0.700000 0.049219 0.263889
7 0.327734 0.708333 0.169531 0.266667
