1 0.456641 0.356944 0.008594 0.033333
1 0.449609 0.362500 0.008594 0.033333
1 0.464062 0.363194 0.009375 0.034722
2 0.516406 0.398611 0.010937 0.022222
1 0.578906 0.357639 0.012500 0.040278
1 0.022266 0.443750 0.019531 0.026389
2 0.037891 0.407639 0.021094 0.034722
1 0.530078 0.402778 0.010156 0.019444
7 0.289453 0.481250 0.058594 0.031944
7 0.196094 0.494444 0.109375 0.075000
7 0.217578 0.574306 0.183594 0.209722
7 0.410156 0.577778 0.328125 0.258333
7 0.033984 0.629861 0.067969 0.187500
0 0.405078 0.420139 0.088281 0.062500
3 0.567578 0.504861 0.017969 0.070833
3 0.623828 0.492361 0.028906 0.109722
3 0.586719 0.498611 0.014063 0.061111
3 0.756250 0.495139 0.039062 0.154167
7 0.973828 0.509722 0.049219 0.305556
3 0.097656 0.534028 0.017188 0.087500
3 0.065625 0.525000 0.017188 0.069444
0 0.539062 0.470833 0.095312 0.119444
