7 0.459375 0.400000 0.032813 0.041667
7 0.425000 0.402083 0.032813 0.051389
7 0.313281 0.378472 0.057813 0.048611
7 0.306250 0.404167 0.021875 0.055556
7 0.273047 0.398611 0.066406 0.083333
7 0.226562 0.406944 0.060937 0.094444
7 0.155078 0.399306 0.092969 0.162500
0 0.190234 0.338889 0.152344 0.069444
7 0.384766 0.400694 0.058594 0.073611
0 0.601953 0.390972 0.135156 0.184722
7 0.698047 0.477778 0.146094 0.172222
7 0.849219 0.563889 0.296875 0.291667
7 0.064062 0.445833 0.126562 0.658333
1 0.531641 0.320833 0.008594 0.025000
1 0.523828 0.322222 0.005469 0.027778
2 0.277344 0.293056 0.010937 0.019444
