7 0.538672 0.556944 0.011719 0.016667
7 0.549219 0.548611 0.018750 0.025000
7 0.562109 0.530556 0.016406 0.022222
7 0.550391 0.552778 0.011719 0.025000
7 0.562109 0.550694 0.016406 0.037500
7 0.582422 0.549306 0.033594 0.056944
7 0.488281 0.547917 0.009375 0.029167
7 0.495703 0.554861 0.007031 0.020833
7 0.480469 0.546528 0.009375 0.037500
7 0.466797 0.548611 0.024219 0.058333
7 0.454297 0.561806 0.021094 0.068056
7 0.402344 0.559028 0.104688 0.129167
7 0.619922 0.561111 0.066406 0.091667
7 0.723437 0.589583 0.135937 0.170833
7 0.350000 0.600694 0.126562 0.143056
7 0.104688 0.697917 0.209375 0.531944
7 0.522656 0.555556 0.015625 0.013889
7 0.505859 0.562500 0.011719 0.016667
2 0.165625 0.354167 0.018750 0.022222
