3 0.255469 0.523611 0.010937 0.030556
8 0.260937 0.506944 0.014063 0.080556
7 0.874609 0.536111 0.122656 0.080556
7 0.972266 0.547917 0.052344 0.062500
1 0.458594 0.317361 0.007812 0.034722
1 0.469531 0.318750 0.009375 0.040278
1 0.638281 0.034028 0.028125 0.068056
1 0.676172 0.032639 0.022656 0.065278
1 0.836328 0.263194 0.017969 0.054167
1 0.813281 0.260417 0.014063 0.059722
1 0.722656 0.449306 0.014063 0.026389
2 0.359375 0.369444 0.014063 0.016667
1 0.381250 0.344444 0.010937 0.041667
3 0.662891 0.515278 0.011719 0.066667
3 0.674219 0.518056 0.012500 0.072222
3 0.684766 0.513194 0.013281 0.079167
3 0.696875 0.511111 0.018750 0.083333
3 0.726172 0.518056 0.016406 0.072222
3 0.471484 0.520833 0.007031 0.041667
3 0.600781 0.522222 0.004687 0.038889
3 0.116016 0.490972 0.016406 0.073611
7 0.208594 0.493056 0.154688 0.097222
7 0.448437 0.509722 0.042188 0.069444
7 0.578906 0.519444 0.040625 0.066667
7 0.475000 0.511111 0.015625 0.041667
7 0.483203 0.512500 0.008594 0.033333
7 0.490234 0.502778 0.010156 0.016667
7 0.550391 0.520139 0.025781 0.034722
7 0.536328 0.520833 0.011719 0.033333
7 0.530469 0.521528 0.014063 0.037500
7 0.521094 0.518750 0.014063 0.029167
7 0.514062 0.515278 0.014063 0.016667
7 0.509766 0.506944 0.010156 0.016667
7 0.502734 0.512500 0.011719 0.016667
7 0.505859 0.497222 0.007031 0.019444
1 0.354297 0.431250 0.013281 0.026389
2 0.755469 0.531944 0.014063 0.050000
