2 0.903125 0.147222 0.042188 0.100000
7 0.090234 0.530556 0.180469 0.275000
3 0.883203 0.467361 0.019531 0.034722
3 0.939453 0.484722 0.038281 0.155556
7 0.973437 0.533333 0.048438 0.080556
7 0.792188 0.654861 0.409375 0.401389
7 0.439844 0.493750 0.010937 0.009722
7 0.424609 0.492361 0.016406 0.009722
7 0.417969 0.504167 0.015625 0.013889
7 0.401172 0.507639 0.016406 0.031944
7 0.391797 0.516667 0.021094 0.027778
7 0.281641 0.540972 0.038281 0.087500
7 0.307422 0.537500 0.035156 0.066667
7 0.223047 0.546528 0.094531 0.118056
7 0.451562 0.497222 0.009375 0.011111
7 0.451172 0.510417 0.013281 0.015278
7 0.431641 0.509722 0.014844 0.022222
2 0.363672 0.483333 0.005469 0.019444
7 0.324219 0.531944 0.021875 0.052778
7 0.467187 0.502778 0.014063 0.016667
7 0.473828 0.512500 0.014844 0.027778
7 0.481641 0.513194 0.016406 0.034722
7 0.495312 0.515972 0.021875 0.043056
7 0.503125 0.521528 0.023438 0.048611
7 0.517578 0.529861 0.021094 0.076389
7 0.562500 0.517361 0.082812 0.145833
7 0.601172 0.531250 0.080469 0.156944
7 0.371094 0.515972 0.029687 0.048611
3 0.360156 0.531250 0.014063 0.070833
3 0.348047 0.529167 0.014844 0.075000
3 0.335547 0.529861 0.014844 0.068056
7 0.700391 0.495833 0.139844 0.169444
