1 0.530859 0.177083 0.022656 0.084722
1 0.721484 0.363194 0.014844 0.048611
1 0.820312 0.272917 0.018750 0.079167
2 0.845703 0.252083 0.036719 0.076389
2 0.837109 0.151389 0.030469 0.058333
2 0.590234 0.372917 0.024219 0.020833
2 0.575391 0.382639 0.010156 0.015278
2 0.723437 0.415278 0.018750 0.016667
1 0.708984 0.401389 0.017969 0.030556
3 0.626563 0.482639 0.025000 0.081944
3 0.648047 0.480556 0.032031 0.122222
7 0.233594 0.489583 0.015625 0.026389
7 0.249609 0.489583 0.014844 0.026389
7 0.499219 0.481944 0.062500 0.055556
7 0.544141 0.474306 0.032031 0.045833
7 0.591406 0.470833 0.065625 0.061111
7 0.755078 0.477778 0.111719 0.086111
7 0.855078 0.477778 0.119531 0.083333
7 0.956250 0.466667 0.084375 0.072222
