2 0.141797 0.415972 0.014844 0.031944
7 0.176563 0.472917 0.040625 0.009722
7 0.213281 0.473611 0.050000 0.019444
7 0.058594 0.481250 0.117188 0.168056
7 0.300781 0.493056 0.098437 0.100000
2 0.269141 0.349306 0.014844 0.012500
2 0.278516 0.386111 0.021094 0.011111
2 0.541797 0.472917 0.007031 0.015278
2 0.548828 0.480556 0.007031 0.013889
2 0.591406 0.426389 0.009375 0.008333
2 0.735547 0.453472 0.016406 0.009722
2 0.671094 0.397222 0.006250 0.016667
7 0.813672 0.518750 0.050781 0.029167
7 0.922266 0.525000 0.152344 0.119444
7 0.976172 0.650000 0.044531 0.119444
3 0.676953 0.534028 0.021094 0.115278
7 0.462109 0.511111 0.011719 0.013889
7 0.481641 0.507639 0.028906 0.020833
7 0.435937 0.506944 0.010937 0.013889
7 0.425391 0.502083 0.010156 0.018056
7 0.415234 0.498611 0.010156 0.025000
7 0.402734 0.500000 0.013281 0.030556
7 0.378516 0.498611 0.038281 0.050000
7 0.519922 0.505556 0.019531 0.025000
7 0.631250 0.493750 0.043750 0.015278
7 0.531250 0.508333 0.010937 0.019444
7 0.544141 0.509722 0.024219 0.027778
7 0.717578 0.541667 0.160156 0.163889
