3 0.098047 0.645139 0.057031 0.212500
7 0.452344 0.572222 0.017188 0.022222
7 0.437891 0.579861 0.010156 0.040278
0 0.398828 0.561806 0.069531 0.118056
7 0.500391 0.565278 0.013281 0.022222
7 0.573047 0.575694 0.041406 0.048611
7 0.633594 0.589583 0.071875 0.084722
7 0.481641 0.561111 0.011719 0.016667
5 0.548828 0.547222 0.039844 0.075000
7 0.471484 0.563194 0.005469 0.015278
7 0.344922 0.620833 0.082031 0.102778
5 0.520312 0.555556 0.018750 0.052778
3 0.684766 0.559722 0.019531 0.080556
7 0.916406 0.643056 0.162500 0.263889
1 0.497656 0.515972 0.007812 0.012500
1 0.440625 0.524306 0.007812 0.018056
2 0.239844 0.410417 0.020313 0.068056
2 0.775781 0.377778 0.026562 0.061111
