7 0.319531 0.479861 0.009375 0.020833
7 0.314063 0.479861 0.009375 0.026389
7 0.303125 0.481250 0.025000 0.037500
7 0.300781 0.488194 0.017188 0.037500
7 0.353516 0.481250 0.011719 0.018056
7 0.362109 0.484028 0.016406 0.020833
7 0.510156 0.497917 0.051562 0.051389
7 0.182031 0.477778 0.043750 0.069444
7 0.272656 0.495833 0.042188 0.058333
7 0.376172 0.487500 0.022656 0.033333
7 0.432031 0.515278 0.050000 0.061111
7 0.978125 0.579861 0.042188 0.087500
7 0.330078 0.484722 0.011719 0.013889
2 0.707031 0.309028 0.014063 0.023611
2 0.708984 0.351389 0.017969 0.025000
