2 0.554688 0.446528 0.007812 0.026389
2 0.314844 0.397222 0.012500 0.013889
2 0.322656 0.368750 0.015625 0.034722
7 0.530078 0.478472 0.013281 0.034722
2 0.580078 0.418056 0.013281 0.016667
7 0.548828 0.476389 0.033594 0.025000
7 0.553516 0.499306 0.036719 0.054167
7 0.587109 0.512500 0.042969 0.080556
7 0.603906 0.519444 0.042188 0.080556
7 0.657422 0.541667 0.105469 0.125000
7 0.444922 0.481250 0.011719 0.040278
0 0.432031 0.474306 0.018750 0.040278
7 0.417578 0.485417 0.024219 0.040278
7 0.403125 0.495833 0.010937 0.027778
7 0.389062 0.495833 0.025000 0.047222
7 0.358984 0.500000 0.041406 0.063889
3 0.395313 0.497917 0.010937 0.051389
7 0.340234 0.506944 0.028906 0.063889
7 0.304297 0.506250 0.060156 0.081944
7 0.235547 0.517361 0.097656 0.126389
7 0.127734 0.552083 0.144531 0.159722
7 0.030078 0.515972 0.060156 0.326389
7 0.862891 0.656944 0.272656 0.358333
7 0.488281 0.517361 0.096875 0.154167
2 0.403516 0.034028 0.071094 0.065278
