1 0.439063 0.218750 0.012500 0.051389
1 0.612500 0.245139 0.014063 0.051389
1 0.812109 0.297917 0.011719 0.090278
1 0.826172 0.374306 0.011719 0.029167
1 0.300000 0.381944 0.012500 0.025000
1 0.624609 0.250694 0.010156 0.054167
2 0.319141 0.386111 0.008594 0.025000
2 0.410547 0.228472 0.016406 0.034722
2 0.653516 0.245139 0.016406 0.043056
2 0.764844 0.388889 0.017188 0.044444
3 0.392188 0.464583 0.010937 0.054167
7 0.503516 0.456250 0.008594 0.023611
7 0.485938 0.459028 0.031250 0.037500
7 0.529297 0.456944 0.028906 0.033333
7 0.709375 0.445139 0.046875 0.045833
7 0.724219 0.461806 0.023438 0.062500
7 0.764062 0.474306 0.095312 0.131944
7 0.799609 0.495833 0.096094 0.138889
3 0.221484 0.445139 0.011719 0.023611
7 0.250000 0.454167 0.040625 0.047222
7 0.092969 0.451389 0.031250 0.044444
7 0.164844 0.470833 0.126562 0.080556
7 0.431250 0.478472 0.057813 0.068056
7 0.476562 0.468750 0.029687 0.034722
7 0.616797 0.516667 0.174219 0.263889
7 0.279687 0.488194 0.168750 0.098611
7 0.864062 0.436806 0.040625 0.045833
2 0.824609 0.333333 0.019531 0.036111
2 0.257031 0.404861 0.009375 0.018056
7 0.905078 0.524306 0.186719 0.229167
