2 0.042969 0.290972 0.034375 0.043056
2 0.084375 0.293056 0.039062 0.044444
2 0.156641 0.292361 0.039844 0.043056
2 0.568359 0.310417 0.013281 0.020833
2 0.541406 0.320833 0.045312 0.041667
2 0.468750 0.321528 0.039062 0.045833
2 0.454297 0.294444 0.010156 0.005556
2 0.879687 0.060417 0.060937 0.118056
2 0.961328 0.060417 0.074219 0.118056
7 0.559375 0.399306 0.021875 0.026389
2 0.207031 0.347222 0.012500 0.022222
2 0.109766 0.343750 0.011719 0.018056
7 0.405859 0.360417 0.013281 0.015278
7 0.373047 0.361111 0.010156 0.013889
