7 0.323828 0.434722 0.053906 0.072222
7 0.371484 0.413194 0.039844 0.065278
7 0.466797 0.525000 0.224219 0.297222
7 0.714844 0.504861 0.254688 0.251389
8 0.237891 0.427778 0.042969 0.102778
6 0.238281 0.460417 0.046875 0.084722
7 0.035156 0.090278 0.070312 0.180556
7 0.041406 0.310417 0.064062 0.229167
2 0.101953 0.455556 0.061719 0.291667
2 0.369531 0.404167 0.009375 0.038889
2 0.191016 0.332639 0.011719 0.026389
2 0.285156 0.361111 0.004687 0.016667
1 0.464844 0.361111 0.006250 0.016667
1 0.380469 0.359722 0.004687 0.019444
5 0.043750 0.311806 0.085938 0.426389
