2 0.546094 0.157639 0.034375 0.048611
2 0.544531 0.199306 0.026562 0.018056
2 0.498047 0.317361 0.011719 0.023611
2 0.550391 0.266667 0.016406 0.069444
2 0.224219 0.342361 0.015625 0.009722
2 0.044922 0.340278 0.019531 0.050000
2 0.288672 0.350694 0.013281 0.012500
2 0.290625 0.361806 0.010937 0.009722
1 0.217188 0.368750 0.012500 0.020833
1 0.308984 0.308333 0.008594 0.030556
1 0.450391 0.318750 0.008594 0.020833
1 0.445312 0.319444 0.007812 0.025000
1 0.815234 0.298611 0.028906 0.075000
7 0.217578 0.376389 0.125781 0.058333
7 0.214453 0.427083 0.042969 0.051389
1 0.400000 0.371528 0.007812 0.018056
7 0.381641 0.399306 0.039844 0.065278
7 0.348438 0.418750 0.060937 0.076389
7 0.278516 0.436111 0.113281 0.116667
7 0.486328 0.534028 0.261719 0.365278
3 0.670703 0.417361 0.036719 0.148611
4 0.944922 0.621528 0.107031 0.495833
3 0.183594 0.422917 0.010937 0.045833
3 0.179688 0.419444 0.010937 0.055556
3 0.172266 0.420833 0.011719 0.058333
3 0.025781 0.431250 0.017188 0.081944
3 0.012500 0.427083 0.017188 0.084722
