7 0.092969 0.558333 0.184375 0.458333
7 0.300781 0.457639 0.117188 0.140278
7 0.410547 0.507639 0.127344 0.168056
7 0.481250 0.463889 0.060937 0.086111
3 0.973437 0.562500 0.050000 0.344444
2 0.408203 0.020139 0.246094 0.040278
2 0.801953 0.041667 0.049219 0.080556
2 0.826953 0.109722 0.038281 0.063889
2 0.783203 0.110417 0.036719 0.034722
2 0.788672 0.177083 0.030469 0.043056
1 0.207813 0.243750 0.009375 0.045833
1 0.258984 0.340278 0.013281 0.027778
1 0.472656 0.368056 0.004687 0.019444
1 0.532422 0.380556 0.007031 0.013889
1 0.492969 0.379861 0.007812 0.015278
1 0.477734 0.386111 0.007031 0.013889
7 0.634375 0.426389 0.039062 0.044444
7 0.594922 0.422917 0.038281 0.051389
7 0.540625 0.433333 0.053125 0.058333
7 0.401953 0.410417 0.038281 0.015278
7 0.452344 0.405556 0.059375 0.030556
1 0.688281 0.320139 0.006250 0.020833
