7 0.428906 0.381250 0.020313 0.026389
7 0.415625 0.383333 0.021875 0.030556
7 0.396484 0.384722 0.030469 0.030556
7 0.384766 0.390972 0.025781 0.043056
7 0.364844 0.388889 0.028125 0.030556
7 0.330078 0.395833 0.055469 0.058333
7 0.295312 0.409028 0.048438 0.070833
7 0.289453 0.420833 0.033594 0.047222
7 0.216797 0.415278 0.116406 0.133333
7 0.191797 0.435417 0.049219 0.112500
7 0.092969 0.431944 0.176563 0.169444
7 0.067187 0.465972 0.134375 0.181944
7 0.024219 0.514583 0.046875 0.179167
7 0.542188 0.393056 0.032813 0.077778
5 0.614453 0.396528 0.125781 0.201389
7 0.770312 0.450000 0.264062 0.272222
7 0.506641 0.370833 0.010156 0.019444
