7 0.388281 0.501389 0.009375 0.013889
7 0.376172 0.501389 0.014844 0.013889
7 0.373437 0.506250 0.014063 0.020833
7 0.358984 0.507639 0.019531 0.026389
7 0.345703 0.519444 0.022656 0.038889
7 0.355469 0.512500 0.017188 0.033333
7 0.409375 0.500694 0.009375 0.029167
7 0.413672 0.505556 0.008594 0.022222
7 0.422656 0.507639 0.017188 0.031944
7 0.427734 0.510417 0.011719 0.029167
7 0.442969 0.506944 0.018750 0.041667
7 0.442188 0.514583 0.018750 0.040278
7 0.451172 0.516667 0.022656 0.041667
7 0.873437 0.500694 0.010937 0.031944
3 0.740234 0.506944 0.011719 0.050000
3 0.847266 0.495833 0.010156 0.063889
3 0.983203 0.492361 0.010156 0.062500
3 0.827734 0.486806 0.011719 0.068056
3 0.838281 0.496528 0.009375 0.062500
3 0.601562 0.531250 0.023438 0.129167
7 0.471484 0.520833 0.039844 0.052778
5 0.173047 0.561111 0.344531 0.336111
2 0.458203 0.463194 0.013281 0.020833
2 0.458594 0.478472 0.009375 0.015278
7 0.531250 0.533333 0.079687 0.094444
2 0.901172 0.279861 0.044531 0.031944
2 0.907422 0.340972 0.010156 0.084722
7 0.235547 0.425000 0.205469 0.300000
