7 0.011719 0.377778 0.023438 0.111111
7 0.566016 0.390972 0.353906 0.395833
7 0.547266 0.206250 0.125781 0.023611
1 0.426953 0.138889 0.010156 0.041667
1 0.440234 0.131250 0.010156 0.040278
1 0.594922 0.111111 0.017969 0.075000
7 0.346875 0.327083 0.085938 0.109722
7 0.423438 0.317361 0.028125 0.054167
7 0.404297 0.329861 0.021094 0.034722
7 0.275000 0.345139 0.067187 0.070833
7 0.214453 0.355556 0.069531 0.072222
7 0.720703 0.306250 0.053906 0.076389
3 0.757422 0.322917 0.049219 0.229167
7 0.785937 0.290278 0.018750 0.066667
3 0.857031 0.299306 0.046875 0.212500
4 0.896484 0.462500 0.199219 0.252778
2 0.503516 0.146528 0.047656 0.020833
3 0.132812 0.363194 0.014063 0.068056
3 0.089453 0.365972 0.013281 0.068056
3 0.100000 0.362500 0.012500 0.069444
1 0.023047 0.297222 0.024219 0.027778
1 0.032422 0.262500 0.011719 0.036111
2 0.253125 0.219444 0.015625 0.063889
