2 0.557422 0.471528 0.013281 0.020833
2 0.528516 0.450000 0.024219 0.027778
2 0.482812 0.450694 0.028125 0.026389
7 0.291016 0.501389 0.017969 0.013889
7 0.191016 0.506250 0.039844 0.018056
7 0.246484 0.506944 0.036719 0.011111
7 0.131641 0.504861 0.036719 0.026389
7 0.376172 0.502778 0.011719 0.011111
7 0.352344 0.504861 0.017188 0.012500
7 0.324609 0.529861 0.064844 0.070833
7 0.410938 0.525694 0.018750 0.040278
5 0.441016 0.493056 0.019531 0.022222
5 0.407813 0.492361 0.020313 0.023611
5 0.364844 0.492361 0.031250 0.037500
5 0.298047 0.478472 0.021094 0.037500
7 0.442578 0.523611 0.047656 0.052778
7 0.392188 0.525000 0.032813 0.047222
7 0.487500 0.555556 0.073438 0.116667
7 0.274219 0.581250 0.153125 0.159722
7 0.077734 0.564583 0.155469 0.240278
5 0.480078 0.483333 0.013281 0.019444
