2 0.790625 0.371528 0.010937 0.012500
2 0.788672 0.396528 0.008594 0.006944
2 0.807813 0.409028 0.010937 0.018056
2 0.925781 0.397222 0.015625 0.025000
2 0.668750 0.392361 0.007812 0.015278
2 0.520703 0.388194 0.007031 0.029167
2 0.483984 0.404861 0.007031 0.012500
1 0.468359 0.365972 0.003906 0.018056
1 0.496875 0.364583 0.004687 0.018056
1 0.504687 0.353472 0.010937 0.056944
1 0.503125 0.479861 0.007812 0.051389
2 0.513281 0.436111 0.017188 0.044444
1 0.463281 0.365278 0.004687 0.025000
7 0.420312 0.517361 0.071875 0.101389
7 0.495312 0.434028 0.015625 0.026389
7 0.452344 0.430556 0.021875 0.033333
7 0.482422 0.443056 0.022656 0.030556
7 0.692969 0.428472 0.014063 0.018056
7 0.732422 0.451389 0.016406 0.016667
7 0.753906 0.455556 0.017188 0.025000
7 0.775781 0.454167 0.039062 0.036111
7 0.809766 0.467361 0.044531 0.043056
0 0.713281 0.429167 0.037500 0.044444
7 0.847266 0.477778 0.055469 0.047222
7 0.860938 0.521528 0.103125 0.109722
7 0.670312 0.512500 0.034375 0.041667
