7 0.056641 0.509028 0.113281 0.237500
7 0.032031 0.377778 0.064062 0.047222
7 0.197266 0.473611 0.333594 0.569444
7 0.611328 0.577778 0.222656 0.313889
6 0.762109 0.571528 0.071094 0.148611
7 0.357812 0.511111 0.089063 0.191667
7 0.384375 0.465972 0.023438 0.056944
7 0.422266 0.493056 0.057031 0.094444
0 0.321484 0.400694 0.099219 0.070833
5 0.389844 0.417361 0.039062 0.056944
3 0.903906 0.414583 0.020313 0.056944
1 0.430469 0.393056 0.007812 0.022222
1 0.508594 0.422222 0.006250 0.027778
1 0.351562 0.340278 0.006250 0.027778
1 0.256641 0.334722 0.008594 0.030556
5 0.467969 0.445833 0.056250 0.144444
