2 0.147266 0.161806 0.028906 0.068056
2 0.433984 0.275000 0.013281 0.008333
2 0.481641 0.324306 0.008594 0.015278
2 0.494922 0.338194 0.007031 0.015278
2 0.495703 0.355556 0.008594 0.019444
2 0.555078 0.357639 0.011719 0.015278
2 0.626563 0.311111 0.017188 0.019444
2 0.651563 0.348611 0.014063 0.013889
2 0.730469 0.253472 0.009375 0.012500
1 0.116797 0.024306 0.027344 0.048611
1 0.146094 0.326389 0.018750 0.072222
1 0.509375 0.355556 0.004687 0.013889
1 0.532422 0.355556 0.003906 0.013889
7 0.581250 0.386806 0.009375 0.015278
7 0.572656 0.404861 0.015625 0.051389
7 0.502344 0.395833 0.020313 0.036111
7 0.451172 0.392361 0.014844 0.018056
7 0.596875 0.400694 0.031250 0.045833
7 0.537891 0.425694 0.078906 0.115278
