2 0.803516 0.412500 0.022656 0.055556
2 0.016406 0.336111 0.032813 0.097222
3 0.862500 0.607639 0.067187 0.231944
3 0.738281 0.602083 0.068750 0.181944
3 0.728906 0.596528 0.037500 0.170833
3 0.844141 0.614583 0.057031 0.204167
7 0.294141 0.545139 0.030469 0.068056
7 0.244922 0.543750 0.082031 0.112500
7 0.453125 0.529861 0.010937 0.023611
7 0.442969 0.527083 0.015625 0.029167
7 0.508203 0.528472 0.022656 0.020833
7 0.516016 0.525000 0.022656 0.027778
7 0.522656 0.529167 0.028125 0.033333
7 0.530469 0.535417 0.029687 0.034722
7 0.560547 0.532639 0.080469 0.048611
7 0.580078 0.545833 0.089844 0.069444
7 0.620703 0.556250 0.135156 0.076389
7 0.646875 0.581944 0.150000 0.105556
7 0.473047 0.528472 0.017969 0.020833
7 0.135547 0.547917 0.174219 0.168056
7 0.375000 0.554861 0.143750 0.173611
2 0.591016 0.481250 0.007031 0.020833
