1 0.283203 0.100000 0.011719 0.061111
1 0.682422 0.223611 0.028906 0.052778
1 0.385937 0.271528 0.012500 0.020833
1 0.364844 0.278472 0.010937 0.031944
1 0.303516 0.097917 0.017969 0.054167
1 0.123438 0.013194 0.014063 0.026389
1 0.104297 0.009722 0.019531 0.019444
2 0.378906 0.200694 0.017188 0.020833
2 0.365625 0.114583 0.032813 0.040278
2 0.368750 0.145833 0.021875 0.016667
2 0.656250 0.072222 0.035937 0.038889
2 0.655469 0.106250 0.034375 0.031944
2 0.742188 0.127778 0.031250 0.047222
3 0.886328 0.325694 0.032031 0.101389
3 0.817969 0.351389 0.034375 0.127778
3 0.618750 0.335417 0.031250 0.081944
7 0.748047 0.329861 0.122656 0.095833
7 0.706641 0.427778 0.247656 0.169444
7 0.290625 0.391667 0.089063 0.141667
2 0.348047 0.268056 0.022656 0.019444
5 0.214062 0.331944 0.142187 0.208333
7 0.431641 0.431944 0.322656 0.322222
7 0.015625 0.329861 0.031250 0.101389
7 0.123438 0.405556 0.246875 0.400000
7 0.818750 0.543750 0.360938 0.490278
