2 0.199219 0.295139 0.031250 0.018056
2 0.216797 0.325694 0.028906 0.020833
2 0.615625 0.145139 0.023438 0.073611
2 0.701562 0.147917 0.135937 0.043056
2 0.833984 0.220139 0.053906 0.090278
2 0.821094 0.156250 0.031250 0.045833
2 0.829688 0.048611 0.078125 0.097222
2 0.913281 0.349306 0.029687 0.018056
2 0.907031 0.315972 0.010937 0.054167
2 0.905078 0.386806 0.016406 0.023611
2 0.846484 0.282639 0.041406 0.037500
1 0.884375 0.388194 0.007812 0.026389
1 0.197656 0.418750 0.009375 0.026389
1 0.689063 0.338194 0.009375 0.034722
1 0.905859 0.261111 0.013281 0.047222
1 0.528906 0.179167 0.010937 0.055556
1 0.541797 0.172222 0.011719 0.063889
1 0.238281 0.363194 0.014063 0.048611
3 0.979688 0.520139 0.032813 0.181944
3 0.898438 0.540278 0.034375 0.200000
3 0.866406 0.552778 0.053125 0.225000
3 0.751172 0.500694 0.022656 0.093056
7 0.851172 0.461806 0.080469 0.095833
7 0.797266 0.468750 0.050781 0.076389
7 0.757031 0.481250 0.075000 0.087500
7 0.713672 0.493750 0.057031 0.084722
5 0.659766 0.454861 0.063281 0.215278
7 0.494531 0.596528 0.346875 0.579167
7 0.160938 0.661111 0.321875 0.513889
1 0.352734 0.239583 0.007031 0.040278
1 0.365625 0.248611 0.009375 0.030556
5 0.457813 0.498611 0.337500 0.711111
