3 0.780469 0.495139 0.034375 0.129167
3 0.138281 0.484722 0.026562 0.108333
3 0.143359 0.466667 0.017969 0.122222
3 0.121484 0.461111 0.019531 0.116667
7 0.227734 0.456250 0.017969 0.023611
7 0.469141 0.437500 0.010156 0.013889
7 0.459766 0.436806 0.013281 0.020833
7 0.448047 0.440278 0.016406 0.027778
7 0.437891 0.441667 0.011719 0.030556
7 0.428125 0.443056 0.023438 0.033333
7 0.416406 0.443056 0.015625 0.033333
7 0.400000 0.443750 0.025000 0.040278
7 0.353125 0.450694 0.079687 0.062500
7 0.523047 0.440972 0.010156 0.023611
7 0.536328 0.441667 0.024219 0.030556
7 0.544141 0.452778 0.013281 0.030556
7 0.551953 0.452083 0.013281 0.043056
7 0.558594 0.453472 0.015625 0.054167
7 0.566016 0.457639 0.022656 0.054167
7 0.579297 0.464583 0.027344 0.068056
7 0.600391 0.474306 0.053906 0.073611
