2 0.848047 0.344444 0.021094 0.025000
2 0.849219 0.365278 0.021875 0.011111
2 0.850781 0.379167 0.020313 0.016667
2 0.850000 0.394444 0.015625 0.016667
2 0.851172 0.418750 0.011719 0.023611
2 0.853906 0.436111 0.014063 0.016667
7 0.137500 0.546528 0.070312 0.059722
7 0.192969 0.539583 0.043750 0.037500
7 0.826172 0.540972 0.083594 0.081944
7 0.767578 0.535417 0.044531 0.068056
7 0.735547 0.537500 0.030469 0.047222
7 0.620313 0.526389 0.014063 0.019444
7 0.610547 0.527083 0.013281 0.023611
7 0.600781 0.522222 0.017188 0.022222
7 0.581250 0.519444 0.018750 0.019444
7 0.544141 0.520139 0.019531 0.015278
7 0.642188 0.528472 0.032813 0.031944
7 0.772656 0.633333 0.054688 0.011111
7 0.970313 0.537500 0.054688 0.175000
3 0.688672 0.519444 0.011719 0.038889
7 0.713281 0.518056 0.017188 0.033333
2 0.752344 0.449306 0.009375 0.012500
