2 0.014844 0.094444 0.029687 0.052778
2 0.279297 0.279861 0.010156 0.015278
2 0.267969 0.310417 0.021875 0.034722
2 0.375391 0.340972 0.013281 0.029167
2 0.631250 0.277083 0.017188 0.079167
2 0.641016 0.331944 0.024219 0.038889
2 0.756641 0.213194 0.063281 0.034722
2 0.805859 0.270139 0.027344 0.034722
2 0.802344 0.306250 0.028125 0.034722
2 0.641406 0.363194 0.009375 0.018056
2 0.319922 0.318056 0.016406 0.036111
1 0.288672 0.224306 0.013281 0.065278
1 0.422656 0.371528 0.009375 0.018056
1 0.464844 0.351389 0.006250 0.022222
1 0.491016 0.354861 0.007031 0.020833
1 0.611719 0.110417 0.014063 0.076389
1 0.701562 0.128472 0.018750 0.070833
1 0.804688 0.340972 0.017188 0.029167
2 0.932813 0.370833 0.017188 0.030556
2 0.908984 0.322917 0.017969 0.070833
7 0.398438 0.427778 0.025000 0.063889
7 0.369922 0.432639 0.039844 0.087500
7 0.164453 0.423611 0.050781 0.102778
7 0.082031 0.436111 0.139063 0.133333
7 0.456641 0.487500 0.142969 0.208333
7 0.533984 0.447917 0.096094 0.137500
7 0.590234 0.447917 0.047656 0.101389
7 0.626172 0.429861 0.030469 0.059722
7 0.702344 0.500694 0.206250 0.218056
7 0.797266 0.436111 0.141406 0.108333
7 0.883984 0.586806 0.228906 0.504167
7 0.267188 0.511806 0.240625 0.320833
1 0.035547 0.194444 0.041406 0.080556
