7 0.047656 0.647222 0.095312 0.394444
7 0.049219 0.413194 0.098437 0.170833
7 0.451172 0.338194 0.030469 0.054167
7 0.632812 0.395833 0.087500 0.130556
7 0.286328 0.376389 0.094531 0.083333
7 0.496484 0.343750 0.016406 0.023611
7 0.475000 0.339583 0.012500 0.018056
7 0.325391 0.361111 0.063281 0.075000
7 0.362891 0.362500 0.030469 0.052778
7 0.375391 0.358333 0.028906 0.044444
7 0.382031 0.350000 0.037500 0.047222
7 0.401172 0.354167 0.019531 0.038889
7 0.405859 0.346528 0.032031 0.037500
7 0.419531 0.348611 0.018750 0.033333
7 0.431641 0.347222 0.008594 0.025000
7 0.578906 0.364583 0.053125 0.084722
7 0.550781 0.361111 0.020313 0.050000
7 0.537500 0.352778 0.023438 0.050000
7 0.526172 0.352778 0.010156 0.025000
7 0.521094 0.343750 0.014063 0.026389
7 0.512109 0.339583 0.010156 0.018056
2 0.735938 0.202778 0.040625 0.025000
2 0.755078 0.153472 0.036719 0.020833
2 0.739844 0.176389 0.014063 0.016667
2 0.992578 0.238194 0.011719 0.070833
