3 0.077344 0.551389 0.142187 0.611111
3 0.425781 0.479167 0.071875 0.333333
3 0.690234 0.506944 0.089844 0.463889
5 0.921875 0.380556 0.153125 0.097222
7 0.632422 0.421528 0.242969 0.140278
7 0.385156 0.427083 0.176563 0.109722
5 0.518750 0.399306 0.104688 0.106944
5 0.264062 0.393056 0.064062 0.105556
7 0.304688 0.420833 0.040625 0.052778
2 0.527344 0.202083 0.042188 0.015278
2 0.530078 0.238194 0.017969 0.034722
2 0.543359 0.267361 0.022656 0.006944
2 0.005078 0.190278 0.010156 0.025000
2 0.006250 0.275694 0.012500 0.018056
1 0.159375 0.310417 0.010937 0.037500
1 0.537109 0.292361 0.007031 0.031944
1 0.160938 0.369444 0.012500 0.016667
