1 0.700781 0.521528 0.004687 0.026389
1 0.735547 0.522917 0.005469 0.023611
1 0.672656 0.587500 0.004687 0.013889
1 0.653125 0.587500 0.004687 0.013889
1 0.622266 0.597917 0.003906 0.012500
1 0.584375 0.568750 0.004687 0.018056
2 0.554688 0.562500 0.012500 0.030556
2 0.550781 0.575000 0.012500 0.025000
2 0.555859 0.596528 0.007031 0.018056
2 0.859375 0.521528 0.007812 0.020833
2 0.858594 0.576389 0.010937 0.022222
7 0.643750 0.618056 0.007812 0.016667
7 0.640234 0.624306 0.008594 0.012500
7 0.697656 0.625694 0.021875 0.015278
7 0.669531 0.633333 0.009375 0.016667
7 0.655469 0.634028 0.015625 0.026389
7 0.628125 0.637500 0.017188 0.025000
7 0.719531 0.690278 0.095312 0.116667
7 0.815234 0.638194 0.036719 0.029167
2 0.223438 0.579167 0.012500 0.030556
3 0.387891 0.640278 0.003906 0.019444
3 0.394922 0.638194 0.003906 0.015278
3 0.817187 0.636111 0.009375 0.036111
