1 0.436328 0.319444 0.010156 0.063889
1 0.624219 0.503472 0.017188 0.023611
1 0.455469 0.508333 0.006250 0.022222
1 0.419531 0.322917 0.014063 0.056944
1 0.930469 0.177778 0.045312 0.177778
1 0.985156 0.327083 0.028125 0.081944
1 0.301563 0.538889 0.007812 0.019444
2 0.283594 0.501389 0.017188 0.019444
2 0.522266 0.346528 0.080469 0.029167
2 0.610938 0.455556 0.028125 0.022222
2 0.630078 0.419444 0.032031 0.019444
7 0.393750 0.579861 0.018750 0.045833
7 0.415625 0.588889 0.032813 0.063889
7 0.348438 0.588194 0.020313 0.037500
7 0.299609 0.586806 0.030469 0.059722
7 0.090234 0.600000 0.088281 0.080556
7 0.371484 0.583333 0.032031 0.055556
7 0.476953 0.638194 0.136719 0.237500
7 0.217188 0.618750 0.176563 0.220833
7 0.819922 0.712500 0.358594 0.422222
2 0.547656 0.548611 0.020313 0.041667
2 0.983203 0.140972 0.032031 0.112500
2 0.973828 0.068750 0.013281 0.026389
0 0.807031 0.308333 0.270313 0.086111
0 0.528125 0.301389 0.278125 0.091667
