7 0.467578 0.397222 0.016406 0.016667
7 0.426172 0.405556 0.019531 0.030556
7 0.403906 0.407639 0.025000 0.043056
7 0.385547 0.411806 0.035156 0.051389
7 0.362109 0.422917 0.044531 0.059722
7 0.314844 0.425694 0.067187 0.093056
7 0.242578 0.450000 0.121094 0.127778
7 0.094531 0.493056 0.187500 0.213889
3 0.082812 0.371528 0.015625 0.034722
7 0.499609 0.400000 0.008594 0.016667
7 0.507812 0.402083 0.007812 0.018056
7 0.516797 0.402778 0.011719 0.025000
7 0.527344 0.397222 0.009375 0.036111
7 0.536328 0.397917 0.013281 0.048611
7 0.549609 0.401389 0.021094 0.055556
7 0.571875 0.408333 0.048438 0.069444
7 0.628125 0.415972 0.079687 0.154167
7 0.708984 0.438194 0.160156 0.223611
7 0.859375 0.486806 0.279687 0.551389
2 0.693750 0.234722 0.020313 0.061111
