1 0.661719 0.038194 0.020313 0.076389
1 0.683203 0.038194 0.022656 0.076389
1 0.642188 0.039583 0.020313 0.079167
2 0.017578 0.238889 0.035156 0.022222
2 0.005859 0.198611 0.011719 0.013889
2 0.121875 0.331944 0.015625 0.019444
2 0.506250 0.393750 0.010937 0.020833
2 0.809375 0.318750 0.048438 0.026389
1 0.831250 0.348611 0.023438 0.038889
3 0.679688 0.461806 0.017188 0.076389
2 0.807813 0.158333 0.031250 0.027778
2 0.799219 0.351389 0.010937 0.019444
2 0.555469 0.289583 0.020313 0.079167
2 0.406250 0.394444 0.009375 0.019444
7 0.395313 0.434028 0.021875 0.029167
7 0.375781 0.445833 0.012500 0.019444
7 0.440625 0.430556 0.014063 0.016667
7 0.493359 0.436111 0.017969 0.025000
7 0.491406 0.439583 0.014063 0.026389
7 0.507031 0.442361 0.012500 0.031944
7 0.514062 0.442361 0.009375 0.040278
7 0.535937 0.446528 0.042188 0.048611
7 0.454297 0.442361 0.019531 0.018056
5 0.213281 0.430556 0.121875 0.158333
5 0.345703 0.431250 0.050781 0.073611
7 0.308984 0.447222 0.033594 0.061111
7 0.281641 0.448611 0.032031 0.063889
7 0.478516 0.440278 0.008594 0.019444
