7 0.376563 0.357639 0.007812 0.031944
7 0.386719 0.354167 0.017188 0.038889
7 0.398438 0.371528 0.037500 0.062500
7 0.422266 0.397222 0.061719 0.080556
7 0.371875 0.358333 0.009375 0.041667
7 0.359766 0.345833 0.017969 0.047222
7 0.330078 0.329861 0.016406 0.015278
7 0.341016 0.368750 0.057031 0.112500
5 0.304297 0.340278 0.046094 0.077778
5 0.270313 0.300694 0.054688 0.073611
7 0.226172 0.321528 0.035156 0.026389
7 0.280469 0.362500 0.042188 0.075000
7 0.235156 0.377083 0.082812 0.109722
7 0.183984 0.340972 0.032031 0.076389
7 0.172266 0.340972 0.028906 0.076389
7 0.146484 0.340972 0.053906 0.095833
5 0.046484 0.279861 0.092969 0.165278
7 0.098437 0.336806 0.082812 0.120833
7 0.062891 0.440278 0.125781 0.402778
7 0.814063 0.529861 0.368750 0.504167
7 0.475781 0.363889 0.034375 0.077778
3 0.570312 0.370833 0.012500 0.025000
3 0.557031 0.368056 0.010937 0.019444
3 0.537500 0.362500 0.012500 0.016667
3 0.538281 0.380556 0.010937 0.044444
3 0.516016 0.374306 0.014844 0.051389
3 0.501563 0.375694 0.014063 0.043056
3 0.426953 0.350000 0.011719 0.016667
1 0.532031 0.043750 0.021875 0.081944
1 0.547656 0.038194 0.020313 0.070833
2 0.709375 0.186111 0.014063 0.027778
2 0.739453 0.204167 0.027344 0.025000
2 0.718750 0.225000 0.040625 0.027778
2 0.710547 0.250000 0.019531 0.019444
2 0.509375 0.292361 0.009375 0.029167
2 0.532422 0.323611 0.014844 0.013889
