7 0.079297 0.519444 0.080469 0.063889
7 0.185938 0.508333 0.065625 0.041667
7 0.155469 0.506250 0.034375 0.045833
7 0.225781 0.490972 0.032813 0.026389
7 0.246094 0.500694 0.045312 0.034722
7 0.280078 0.493056 0.025781 0.036111
7 0.307812 0.493056 0.029687 0.027778
7 0.305859 0.476389 0.022656 0.008333
7 0.336328 0.486806 0.030469 0.029167
7 0.358203 0.484722 0.010156 0.019444
7 0.369141 0.486111 0.007031 0.016667
7 0.471094 0.484722 0.017188 0.030556
7 0.456250 0.484028 0.012500 0.029167
7 0.486328 0.481944 0.013281 0.027778
7 0.519922 0.473611 0.013281 0.013889
7 0.505078 0.468056 0.021094 0.013889
7 0.533594 0.468056 0.014063 0.011111
7 0.530859 0.488889 0.017969 0.030556
7 0.604297 0.497917 0.030469 0.059722
7 0.818750 0.638889 0.357812 0.411111
7 0.420312 0.520833 0.085938 0.141667
7 0.505859 0.491667 0.028906 0.041667
7 0.563672 0.518056 0.077344 0.111111
2 0.610156 0.426389 0.018750 0.033333
2 0.587109 0.443056 0.016406 0.027778
2 0.574219 0.452083 0.010937 0.018056
2 0.204687 0.463889 0.014063 0.025000
