2 0.684766 0.506250 0.028906 0.018056
2 0.562500 0.554861 0.025000 0.023611
2 0.562891 0.503472 0.036719 0.059722
2 0.551172 0.484028 0.019531 0.118056
2 0.057422 0.561111 0.019531 0.025000
2 0.058594 0.503472 0.043750 0.065278
2 0.513672 0.576389 0.016406 0.025000
1 0.446484 0.554167 0.005469 0.013889
7 0.442969 0.600000 0.017188 0.019444
7 0.437891 0.639583 0.047656 0.081944
7 0.330078 0.615278 0.022656 0.019444
7 0.288672 0.615972 0.025781 0.037500
7 0.312891 0.608333 0.014844 0.022222
7 0.272266 0.612500 0.042969 0.044444
7 0.251172 0.618750 0.050781 0.051389
7 0.235156 0.619444 0.060937 0.058333
7 0.218750 0.619444 0.048438 0.055556
7 0.186719 0.622917 0.065625 0.065278
7 0.101562 0.768056 0.201563 0.366667
