2 0.400000 0.296528 0.090625 0.106944
2 0.057813 0.238194 0.082812 0.106944
7 0.334375 0.473611 0.010937 0.016667
7 0.334375 0.483333 0.010937 0.016667
7 0.337891 0.494444 0.014844 0.013889
7 0.321094 0.459028 0.010937 0.012500
7 0.322656 0.475000 0.010937 0.013889
7 0.322656 0.490972 0.010937 0.018056
7 0.284375 0.450694 0.010937 0.015278
7 0.283594 0.462500 0.009375 0.019444
7 0.279297 0.475000 0.010156 0.019444
7 0.279297 0.483333 0.011719 0.016667
7 0.267578 0.495833 0.013281 0.016667
7 0.251172 0.492361 0.016406 0.023611
7 0.212500 0.489583 0.034375 0.029167
7 0.157812 0.484722 0.034375 0.038889
7 0.029297 0.461111 0.058594 0.072222
7 0.068359 0.482639 0.085156 0.087500
7 0.363672 0.527083 0.017969 0.031944
7 0.383594 0.540972 0.035937 0.054167
7 0.636328 0.652083 0.227344 0.262500
7 0.319531 0.561806 0.092188 0.148611
