2 0.169531 0.289583 0.007812 0.040278
2 0.713281 0.263194 0.032813 0.026389
1 0.244922 0.085417 0.011719 0.056944
1 0.532422 0.089583 0.014844 0.062500
1 0.514844 0.097222 0.014063 0.061111
1 0.726172 0.356250 0.016406 0.031944
3 0.892578 0.510417 0.036719 0.156944
3 0.802734 0.481944 0.027344 0.133333
3 0.728125 0.459722 0.020313 0.105556
5 0.085938 0.366667 0.145313 0.138889
7 0.168359 0.377083 0.052344 0.093056
7 0.209766 0.384028 0.047656 0.054167
7 0.232422 0.370139 0.047656 0.068056
7 0.260937 0.376389 0.025000 0.038889
7 0.277734 0.377083 0.014844 0.040278
7 0.302344 0.378472 0.028125 0.037500
7 0.334766 0.397222 0.058594 0.094444
7 0.564844 0.497917 0.190625 0.279167
5 0.569141 0.338194 0.121094 0.101389
0 0.492578 0.390972 0.032031 0.109722
5 0.431641 0.406250 0.052344 0.084722
5 0.362109 0.352778 0.058594 0.141667
7 0.401172 0.387500 0.019531 0.025000
7 0.467578 0.399306 0.019531 0.051389
1 0.712109 0.354167 0.011719 0.038889
