2 0.056250 0.091667 0.014063 0.027778
2 0.070312 0.228472 0.042188 0.029167
2 0.678125 0.233333 0.050000 0.030556
2 0.581641 0.247222 0.022656 0.011111
2 0.563672 0.237500 0.011719 0.011111
2 0.567969 0.286111 0.023438 0.011111
2 0.567187 0.310417 0.015625 0.031944
2 0.523828 0.232639 0.060156 0.020833
2 0.067969 0.068056 0.031250 0.075000
1 0.312891 0.172222 0.013281 0.061111
1 0.473047 0.224306 0.013281 0.045833
1 0.700391 0.279167 0.027344 0.044444
1 0.669531 0.282639 0.017188 0.051389
1 0.196875 0.356250 0.007812 0.018056
1 0.186328 0.354861 0.010156 0.018056
1 0.380078 0.343056 0.003906 0.016667
1 0.459375 0.222222 0.010937 0.047222
1 0.297266 0.168750 0.016406 0.062500
3 0.041406 0.435417 0.023438 0.070833
3 0.080469 0.469444 0.015625 0.108333
3 0.103125 0.438194 0.018750 0.081944
3 0.232422 0.443056 0.017969 0.066667
3 0.658203 0.419444 0.017969 0.063889
7 0.030469 0.511806 0.059375 0.193056
7 0.987109 0.453472 0.022656 0.073611
7 0.929688 0.631250 0.137500 0.326389
7 0.380469 0.393750 0.021875 0.023611
7 0.392578 0.397222 0.019531 0.061111
7 0.375391 0.410417 0.022656 0.045833
7 0.366406 0.413889 0.020313 0.052778
7 0.326562 0.396528 0.028125 0.015278
7 0.321875 0.413194 0.014063 0.037500
7 0.317578 0.425000 0.010156 0.052778
7 0.300000 0.422917 0.031250 0.059722
7 0.267188 0.429167 0.067187 0.069444
7 0.344141 0.425694 0.049219 0.076389
7 0.523438 0.578472 0.360938 0.506944
7 0.823047 0.502083 0.308594 0.312500
