7 0.042188 0.556250 0.084375 0.209722
7 0.971484 0.834028 0.055469 0.218056
7 0.209375 0.554861 0.292187 0.454167
7 0.397656 0.479861 0.026562 0.051389
7 0.353125 0.496528 0.025000 0.056944
7 0.366406 0.492361 0.025000 0.068056
7 0.417187 0.473611 0.014063 0.027778
7 0.434766 0.475694 0.014844 0.020833
7 0.585938 0.553472 0.073438 0.184722
7 0.549609 0.537500 0.053906 0.130556
7 0.516797 0.495139 0.052344 0.090278
7 0.489844 0.508333 0.020313 0.052778
7 0.484766 0.499306 0.024219 0.059722
7 0.469922 0.488889 0.014844 0.044444
7 0.461719 0.484722 0.020313 0.030556
7 0.454297 0.477083 0.011719 0.034722
7 0.796484 0.540278 0.403906 0.541667
2 0.683594 0.304167 0.026562 0.033333
