7 0.469531 0.393056 0.025000 0.025000
7 0.453516 0.397917 0.019531 0.034722
7 0.436719 0.402083 0.028125 0.054167
7 0.401172 0.410417 0.053906 0.070833
7 0.374219 0.420833 0.076563 0.077778
7 0.366016 0.440972 0.060156 0.084722
7 0.310156 0.432639 0.059375 0.123611
7 0.258594 0.475000 0.109375 0.200000
7 0.117188 0.531250 0.234375 0.306944
7 0.515625 0.388194 0.010937 0.020833
7 0.498047 0.398611 0.027344 0.047222
7 0.571484 0.395833 0.027344 0.044444
7 0.637500 0.405556 0.040625 0.055556
7 0.669141 0.418750 0.061719 0.081944
7 0.715234 0.435417 0.077344 0.095833
7 0.789062 0.451389 0.125000 0.127778
7 0.915234 0.494444 0.166406 0.197222
5 0.547266 0.370833 0.032031 0.055556
1 0.502344 0.346528 0.006250 0.020833
2 0.585547 0.359028 0.011719 0.023611
2 0.671484 0.319444 0.013281 0.016667
2 0.530078 0.348611 0.016406 0.013889
2 0.271484 0.345833 0.016406 0.013889
