1 0.435156 0.322222 0.010937 0.030556
1 0.493750 0.347917 0.004687 0.020833
1 0.544531 0.332639 0.003125 0.026389
1 0.596094 0.346528 0.006250 0.023611
1 0.678516 0.367361 0.007031 0.023611
1 0.400391 0.330556 0.008594 0.030556
1 0.371094 0.384722 0.009375 0.019444
3 0.234375 0.415972 0.018750 0.084722
3 0.080469 0.420833 0.028125 0.111111
3 0.114062 0.427083 0.032813 0.145833
3 0.401562 0.418750 0.015625 0.062500
3 0.428906 0.416667 0.009375 0.038889
7 0.501563 0.422222 0.010937 0.016667
7 0.546484 0.420139 0.011719 0.029167
7 0.460547 0.442361 0.057031 0.095833
7 0.520703 0.427083 0.033594 0.059722
7 0.562500 0.430556 0.034375 0.052778
7 0.633203 0.444444 0.071094 0.100000
3 0.698828 0.437500 0.011719 0.038889
1 0.710547 0.334722 0.007031 0.030556
1 0.698047 0.332639 0.005469 0.029167
2 0.740625 0.354861 0.031250 0.015278
2 0.197266 0.134028 0.074219 0.106944
3 0.420312 0.418056 0.010937 0.041667
