1 0.021875 0.299306 0.018750 0.029167
1 0.108594 0.245139 0.012500 0.034722
1 0.238281 0.252083 0.010937 0.029167
1 0.249219 0.256250 0.009375 0.031944
1 0.314453 0.292361 0.011719 0.026389
1 0.253906 0.342361 0.009375 0.020833
1 0.630859 0.315972 0.014844 0.034722
1 0.630469 0.252083 0.012500 0.031944
1 0.662109 0.315278 0.017969 0.027778
1 0.543359 0.197222 0.014844 0.044444
1 0.535937 0.063194 0.018750 0.079167
1 0.556641 0.054167 0.017969 0.088889
2 0.589844 0.039583 0.048438 0.073611
7 0.766016 0.400000 0.108594 0.066667
1 0.575391 0.343750 0.010156 0.023611
7 0.543750 0.409028 0.068750 0.109722
3 0.592578 0.401389 0.019531 0.069444
3 0.605469 0.403472 0.017188 0.073611
3 0.620703 0.404167 0.013281 0.075000
3 0.632031 0.405556 0.017188 0.077778
3 0.656250 0.402778 0.015625 0.086111
3 0.667188 0.403472 0.015625 0.081944
7 0.457813 0.398611 0.023438 0.036111
7 0.431641 0.394444 0.022656 0.044444
7 0.353906 0.396528 0.031250 0.034722
7 0.393750 0.408333 0.054688 0.091667
