2 0.415625 0.598611 0.007812 0.016667
2 0.387500 0.581944 0.009375 0.022222
2 0.111719 0.490278 0.020313 0.011111
2 0.099609 0.521528 0.024219 0.020833
2 0.891797 0.506944 0.041406 0.077778
7 0.410156 0.640278 0.015625 0.016667
7 0.391406 0.638194 0.021875 0.031944
7 0.377344 0.639583 0.009375 0.018056
7 0.340234 0.642361 0.014844 0.034722
7 0.321875 0.642361 0.026562 0.048611
7 0.274219 0.634722 0.012500 0.033333
7 0.251172 0.650694 0.046094 0.051389
7 0.661719 0.626389 0.507812 0.547222
7 0.358594 0.645833 0.039062 0.052778
7 0.292969 0.643750 0.048438 0.062500
7 0.938672 0.650000 0.119531 0.538889
1 0.389062 0.527083 0.004687 0.026389
1 0.102734 0.347222 0.016406 0.055556
1 0.129297 0.528472 0.008594 0.031944
1 0.078125 0.496528 0.012500 0.031944
1 0.062109 0.495833 0.013281 0.027778
