2 0.270313 0.116667 0.085938 0.230556
2 0.453125 0.409722 0.018750 0.030556
7 0.135547 0.518056 0.117969 0.102778
7 0.035937 0.521528 0.070312 0.043056
7 0.244531 0.511806 0.050000 0.054167
7 0.223438 0.501389 0.026562 0.027778
7 0.197266 0.509722 0.022656 0.022222
7 0.408984 0.486806 0.019531 0.026389
7 0.538672 0.487500 0.052344 0.077778
7 0.573047 0.485417 0.027344 0.043056
0 0.639062 0.459722 0.042188 0.069444
7 0.805078 0.454861 0.071094 0.048611
7 0.769141 0.456944 0.049219 0.044444
7 0.741406 0.462500 0.045312 0.036111
7 0.717578 0.463194 0.033594 0.034722
7 0.865234 0.438889 0.030469 0.036111
7 0.913281 0.433333 0.028125 0.025000
7 0.943750 0.431944 0.026562 0.027778
7 0.326953 0.493056 0.019531 0.016667
7 0.369141 0.489583 0.017969 0.018056
7 0.342578 0.496528 0.011719 0.018056
0 0.353516 0.480556 0.028906 0.036111
7 0.383594 0.490278 0.007812 0.013889
7 0.501172 0.472917 0.013281 0.023611
