2 0.689453 0.048611 0.042969 0.025000
2 0.600391 0.154167 0.024219 0.047222
2 0.576172 0.185417 0.014844 0.029167
1 0.692969 0.123611 0.037500 0.044444
1 0.405078 0.170833 0.007031 0.016667
7 0.452344 0.242361 0.010937 0.018056
7 0.439453 0.241667 0.019531 0.025000
7 0.415625 0.249306 0.020313 0.026389
7 0.357031 0.256944 0.020313 0.036111
7 0.525391 0.251389 0.028906 0.050000
7 0.225391 0.277083 0.063281 0.076389
7 0.308984 0.279167 0.092969 0.116667
7 0.482031 0.270833 0.068750 0.105556
7 0.078125 0.304861 0.156250 0.312500
7 0.383203 0.263194 0.049219 0.068056
4 0.249219 0.283333 0.018750 0.058333
8 0.250000 0.264583 0.014063 0.045833
