2 0.337891 0.234722 0.041406 0.025000
2 0.356250 0.202778 0.031250 0.016667
1 0.365625 0.273611 0.029687 0.027778
3 0.546094 0.418056 0.028125 0.108333
7 0.119141 0.390278 0.052344 0.063889
7 0.234766 0.420139 0.094531 0.131944
7 0.188281 0.408333 0.029687 0.100000
7 0.170703 0.397917 0.017969 0.068056
7 0.156641 0.396528 0.017969 0.037500
7 0.153516 0.384028 0.021094 0.045833
7 0.046484 0.384028 0.028906 0.040278
7 0.069141 0.383333 0.011719 0.019444
7 0.083203 0.383333 0.014844 0.022222
5 0.019141 0.377778 0.025781 0.038889
