2 0.726172 0.157639 0.028906 0.026389
2 0.576172 0.247222 0.013281 0.016667
2 0.574219 0.222222 0.017188 0.027778
7 0.394531 0.338194 0.017188 0.026389
7 0.380859 0.340972 0.021094 0.026389
7 0.333594 0.359722 0.034375 0.038889
7 0.532031 0.317361 0.017188 0.029167
7 0.546875 0.320139 0.026562 0.034722
7 0.504687 0.311806 0.007812 0.018056
7 0.444141 0.320833 0.013281 0.013889
7 0.366406 0.347917 0.031250 0.040278
7 0.300391 0.373611 0.047656 0.052778
7 0.429297 0.325694 0.021094 0.018056
7 0.514453 0.313889 0.014844 0.019444
7 0.568750 0.321528 0.040625 0.054167
7 0.023438 0.463194 0.046875 0.112500
7 0.886328 0.385417 0.225781 0.279167
2 0.157812 0.318750 0.018750 0.018056
