1 0.316016 0.459028 0.017969 0.034722
1 0.354297 0.397917 0.011719 0.054167
1 0.543750 0.267361 0.012500 0.068056
1 0.858594 0.315972 0.012500 0.054167
1 0.578125 0.481944 0.004687 0.016667
1 0.450000 0.488889 0.003125 0.013889
1 0.332031 0.455556 0.010937 0.036111
1 0.021875 0.063194 0.043750 0.126389
2 0.430859 0.436806 0.011719 0.031944
2 0.383594 0.455556 0.009375 0.036111
2 0.983594 0.354861 0.029687 0.043056
2 0.784766 0.509028 0.016406 0.034722
7 0.564063 0.543750 0.025000 0.040278
7 0.584766 0.544444 0.008594 0.030556
7 0.593750 0.548611 0.017188 0.033333
7 0.654687 0.550000 0.039062 0.050000
7 0.734375 0.561111 0.048438 0.083333
7 0.778516 0.579861 0.067969 0.070833
7 0.841797 0.596528 0.083594 0.076389
7 0.480469 0.532639 0.010937 0.018056
7 0.487109 0.540278 0.007031 0.030556
7 0.493359 0.547917 0.008594 0.054167
7 0.500000 0.554167 0.012500 0.069444
7 0.526563 0.550694 0.056250 0.106944
7 0.619141 0.545139 0.030469 0.051389
7 0.687109 0.565972 0.039844 0.054167
7 0.919922 0.622917 0.103906 0.093056
3 0.902344 0.563889 0.010937 0.027778
3 0.578906 0.545139 0.004687 0.031944
4 0.458203 0.549306 0.010156 0.029167
8 0.458203 0.529861 0.010156 0.031944
3 0.395313 0.553472 0.012500 0.065278
