7 0.141406 0.593056 0.281250 0.630556
7 0.299609 0.577083 0.057031 0.123611
7 0.333594 0.558333 0.068750 0.116667
7 0.369141 0.562500 0.016406 0.069444
7 0.375391 0.559028 0.010156 0.048611
7 0.454688 0.559722 0.082812 0.119444
7 0.413672 0.557639 0.014844 0.076389
7 0.406641 0.561111 0.014844 0.072222
7 0.398047 0.558333 0.016406 0.058333
2 0.855078 0.157639 0.058594 0.106944
1 0.882031 0.274306 0.017188 0.068056
3 0.929297 0.545139 0.049219 0.187500
3 0.977344 0.538194 0.043750 0.212500
1 0.345313 0.484722 0.006250 0.019444
1 0.391016 0.479167 0.005469 0.025000
