7 0.055469 0.450000 0.062500 0.058333
7 0.086328 0.726389 0.172656 0.502778
7 0.319141 0.450000 0.027344 0.050000
7 0.302344 0.459722 0.032813 0.055556
7 0.268750 0.428472 0.048438 0.018056
7 0.264453 0.490278 0.075781 0.130556
7 0.275781 0.522222 0.046875 0.136111
7 0.185938 0.556944 0.226562 0.255556
7 0.368359 0.445833 0.022656 0.027778
7 0.489063 0.442361 0.014063 0.020833
7 0.513281 0.443056 0.014063 0.019444
7 0.564844 0.456250 0.026562 0.037500
7 0.553906 0.468750 0.037500 0.054167
7 0.616016 0.452083 0.044531 0.029167
7 0.657813 0.458333 0.031250 0.025000
7 0.494922 0.548611 0.136719 0.200000
7 0.969141 0.469444 0.058594 0.061111
7 0.929297 0.727083 0.133594 0.309722
1 0.491406 0.399306 0.004687 0.015278
2 0.460938 0.414583 0.009375 0.020833
2 0.470703 0.400694 0.007031 0.020833
2 0.517969 0.402778 0.009375 0.011111
2 0.687891 0.402778 0.008594 0.019444
1 0.381641 0.393750 0.003906 0.018056
