7 0.040625 0.594444 0.081250 0.130556
7 0.119922 0.598611 0.097656 0.083333
7 0.299609 0.592361 0.077344 0.068056
7 0.448437 0.587500 0.029687 0.027778
7 0.562891 0.581944 0.007031 0.016667
7 0.567969 0.588889 0.007812 0.016667
7 0.573828 0.588194 0.011719 0.020833
7 0.579688 0.594444 0.009375 0.027778
7 0.590625 0.594444 0.018750 0.033333
7 0.612109 0.594444 0.025781 0.050000
7 0.613672 0.603472 0.017969 0.054167
7 0.622266 0.604861 0.019531 0.062500
7 0.646484 0.593056 0.047656 0.086111
7 0.665234 0.607639 0.044531 0.095833
7 0.711719 0.622917 0.081250 0.131944
7 0.798047 0.649306 0.185156 0.195833
7 0.944922 0.729167 0.108594 0.280556
7 0.549609 0.591667 0.024219 0.044444
7 0.493750 0.581250 0.009375 0.018056
2 0.764453 0.481250 0.024219 0.059722
5 0.462891 0.575694 0.021094 0.031944
