7 0.343359 0.388194 0.016406 0.037500
7 0.348438 0.397222 0.012500 0.050000
7 0.366406 0.400694 0.023438 0.054167
7 0.387109 0.408333 0.032031 0.077778
7 0.263672 0.396528 0.017969 0.029167
7 0.253516 0.404167 0.014844 0.038889
5 0.123047 0.364583 0.246094 0.434722
7 0.413281 0.415278 0.070312 0.091667
5 0.309766 0.379167 0.022656 0.044444
2 0.385156 0.327778 0.014063 0.041667
2 0.492578 0.195833 0.014844 0.036111
2 0.503516 0.231250 0.016406 0.031944
2 0.483594 0.225000 0.014063 0.022222
2 0.480078 0.249306 0.016406 0.020833
