7 0.228516 0.379167 0.457031 0.594444
3 0.339844 0.302083 0.034375 0.079167
3 0.285547 0.261111 0.019531 0.027778
3 0.507812 0.389583 0.021875 0.123611
1 0.433594 0.229167 0.025000 0.044444
1 0.453516 0.146528 0.014844 0.065278
2 0.336328 0.111111 0.061719 0.038889
2 0.340625 0.171528 0.020313 0.059722
2 0.396875 0.222917 0.017188 0.034722
7 0.314844 0.285417 0.045312 0.045833
7 0.370312 0.293056 0.035937 0.052778
3 0.399609 0.338889 0.030469 0.052778
7 0.408984 0.314583 0.058594 0.043056
7 0.486328 0.331250 0.036719 0.070833
7 0.557422 0.349306 0.094531 0.076389
7 0.672266 0.376389 0.139844 0.097222
2 0.717969 0.254861 0.032813 0.059722
2 0.784375 0.257639 0.028125 0.018056
1 0.787891 0.217361 0.008594 0.059722
1 0.809375 0.210417 0.010937 0.054167
1 0.776953 0.285417 0.017969 0.029167
3 0.803516 0.382639 0.017969 0.101389
3 0.865234 0.393750 0.039844 0.115278
3 0.986328 0.406944 0.024219 0.105556
2 0.308203 0.121528 0.021094 0.070833
2 0.633203 0.244444 0.010156 0.033333
2 0.601172 0.270139 0.013281 0.020833
