3 0.750000 0.315972 0.031250 0.156944
7 0.412891 0.355556 0.025781 0.055556
7 0.494141 0.351389 0.044531 0.127778
7 0.291797 0.375694 0.022656 0.051389
3 0.130469 0.360417 0.010937 0.015278
3 0.105078 0.366667 0.013281 0.022222
3 0.201172 0.390972 0.011719 0.068056
7 0.154297 0.463194 0.130469 0.212500
5 0.458203 0.322917 0.078906 0.165278
5 0.366406 0.320833 0.065625 0.155556
7 0.250391 0.386111 0.077344 0.119444
7 0.368359 0.385417 0.058594 0.090278
7 0.574609 0.343750 0.149219 0.190278
3 0.665625 0.332639 0.020313 0.062500
7 0.076953 0.509722 0.153906 0.427778
3 0.323437 0.370139 0.010937 0.034722
7 0.307422 0.365278 0.019531 0.030556
