2 0.680078 0.577778 0.030469 0.011111
2 0.676562 0.553472 0.020313 0.031944
2 0.601953 0.603472 0.027344 0.018056
2 0.501953 0.672222 0.007031 0.013889
2 0.506250 0.694444 0.017188 0.016667
2 0.166406 0.633333 0.089063 0.108333
1 0.349219 0.568056 0.009375 0.041667
1 0.333984 0.623611 0.008594 0.027778
1 0.465625 0.604861 0.009375 0.037500
1 0.355078 0.564583 0.005469 0.029167
1 0.470313 0.601389 0.003125 0.025000
3 0.679297 0.727778 0.019531 0.063889
3 0.003516 0.799306 0.007031 0.056944
7 0.130469 0.782639 0.046875 0.051389
7 0.062500 0.800694 0.098437 0.095833
7 0.178906 0.772222 0.028125 0.033333
7 0.366797 0.760417 0.011719 0.054167
7 0.416016 0.757639 0.036719 0.051389
7 0.751172 0.733333 0.044531 0.052778
7 0.375391 0.748611 0.008594 0.027778
0 0.403516 0.729861 0.032031 0.068056
7 0.471094 0.766667 0.081250 0.116667
7 0.280469 0.802778 0.185938 0.291667
