7 0.453125 0.256944 0.018750 0.025000
7 0.478906 0.258333 0.026562 0.044444
7 0.439453 0.259722 0.008594 0.033333
7 0.365234 0.278472 0.021094 0.045833
7 0.355859 0.243750 0.019531 0.029167
7 0.329688 0.279167 0.068750 0.069444
7 0.406250 0.268056 0.068750 0.097222
7 0.116016 0.315972 0.183594 0.168056
7 0.020313 0.367361 0.039062 0.159722
7 0.561719 0.259028 0.009375 0.031944
7 0.567969 0.259028 0.010937 0.040278
7 0.580078 0.259722 0.022656 0.052778
7 0.601172 0.268056 0.039844 0.061111
7 0.645312 0.297917 0.073438 0.093056
7 0.812500 0.374306 0.229687 0.231944
0 0.529687 0.232639 0.059375 0.137500
7 0.493359 0.255556 0.013281 0.038889
