7 0.030469 0.659722 0.060937 0.447222
7 0.880469 0.678472 0.237500 0.368056
7 0.100391 0.652778 0.100781 0.152778
7 0.179297 0.645139 0.067969 0.109722
7 0.233203 0.632639 0.066406 0.079167
7 0.275000 0.623611 0.042188 0.075000
7 0.723437 0.656944 0.148438 0.166667
7 0.576172 0.622222 0.028906 0.066667
7 0.561719 0.606250 0.051562 0.065278
7 0.539062 0.614583 0.021875 0.040278
7 0.527734 0.606250 0.022656 0.043056
5 0.395703 0.593750 0.030469 0.056944
5 0.471875 0.584028 0.079687 0.187500
7 0.611719 0.621528 0.070312 0.104167
2 0.216406 0.536111 0.021875 0.047222
