1 0.672266 0.327778 0.010156 0.063889
1 0.205859 0.379167 0.013281 0.052778
2 0.969922 0.322917 0.041406 0.079167
1 0.103516 0.544444 0.010156 0.022222
1 0.124609 0.546528 0.005469 0.020833
7 0.023438 0.652778 0.046875 0.119444
7 0.846484 0.674306 0.297656 0.409722
7 0.484766 0.662500 0.185156 0.275000
7 0.329688 0.640278 0.040625 0.047222
7 0.344141 0.629861 0.036719 0.048611
7 0.359375 0.627778 0.021875 0.052778
7 0.376563 0.623611 0.015625 0.044444
7 0.383984 0.620139 0.014844 0.031944
1 0.192969 0.375694 0.007812 0.043056
1 0.219531 0.380556 0.015625 0.044444
1 0.654297 0.329861 0.014844 0.056944
1 0.684375 0.329167 0.007812 0.052778
