7 0.114453 0.545833 0.086719 0.075000
7 0.171875 0.540972 0.040625 0.070833
7 0.209766 0.539583 0.038281 0.040278
7 0.244922 0.532639 0.032031 0.048611
7 0.272656 0.527778 0.026562 0.050000
7 0.329297 0.527778 0.025781 0.036111
7 0.358984 0.528472 0.027344 0.037500
7 0.380859 0.524306 0.013281 0.029167
7 0.398828 0.522222 0.022656 0.033333
7 0.422266 0.520833 0.022656 0.025000
7 0.462500 0.515972 0.034375 0.040278
7 0.493359 0.508333 0.019531 0.027778
7 0.514844 0.513889 0.017188 0.025000
7 0.534375 0.530556 0.021875 0.044444
7 0.585156 0.531250 0.015625 0.023611
7 0.604688 0.527778 0.023438 0.050000
7 0.628906 0.531250 0.034375 0.051389
7 0.667969 0.545139 0.050000 0.070833
7 0.781250 0.579167 0.101562 0.119444
7 0.880469 0.579167 0.171875 0.188889
2 0.875391 0.410417 0.036719 0.068056
2 0.892188 0.404861 0.018750 0.070833
2 0.695312 0.458333 0.025000 0.047222
1 0.550781 0.434028 0.010937 0.034722
1 0.610156 0.448611 0.010937 0.030556
1 0.187891 0.418750 0.011719 0.029167
2 0.191016 0.270833 0.047656 0.088889
