3 0.426953 0.498611 0.014844 0.091667
3 0.523438 0.446528 0.015625 0.051389
3 0.514453 0.454167 0.017969 0.050000
3 0.481641 0.495139 0.025781 0.134722
3 0.501563 0.500694 0.017188 0.098611
3 0.453516 0.506250 0.022656 0.120833
3 0.395703 0.502083 0.014844 0.062500
3 0.383203 0.484722 0.011719 0.041667
3 0.409375 0.501389 0.010937 0.063889
3 0.812891 0.540278 0.071094 0.283333
3 0.494531 0.533333 0.018750 0.077778
3 0.880859 0.555556 0.138281 0.519444
1 0.288281 0.411111 0.006250 0.016667
1 0.214844 0.421528 0.004687 0.015278
1 0.464062 0.350694 0.023438 0.040278
1 0.443750 0.351389 0.009375 0.036111
1 0.206250 0.027778 0.023438 0.055556
1 0.178516 0.026389 0.028906 0.052778
2 0.435547 0.304861 0.044531 0.026389
2 0.459766 0.251389 0.044531 0.022222
2 0.417578 0.305556 0.021094 0.077778
7 0.296875 0.504167 0.029687 0.061111
7 0.307422 0.508333 0.022656 0.077778
7 0.208984 0.501389 0.017969 0.022222
7 0.192578 0.503472 0.014844 0.031944
7 0.182031 0.502778 0.014063 0.036111
7 0.175391 0.502778 0.016406 0.044444
7 0.159375 0.503472 0.028125 0.051389
7 0.146484 0.504167 0.016406 0.055556
7 0.121875 0.513194 0.053125 0.115278
7 0.028906 0.478472 0.057813 0.070833
7 0.056641 0.520139 0.111719 0.148611
7 0.261719 0.500694 0.046875 0.068056
7 0.342969 0.527083 0.093750 0.123611
3 0.603906 0.437500 0.015625 0.044444
