2 0.400000 0.320833 0.025000 0.072222
2 0.731641 0.379167 0.028906 0.058333
2 0.452344 0.376389 0.021875 0.022222
1 0.468359 0.356250 0.007031 0.026389
1 0.587109 0.354861 0.007031 0.026389
1 0.578906 0.354861 0.007812 0.026389
1 0.596094 0.393056 0.007812 0.019444
2 0.652734 0.399306 0.022656 0.023611
2 0.657422 0.370833 0.013281 0.011111
2 0.635156 0.397222 0.007812 0.019444
2 0.425391 0.377083 0.011719 0.018056
3 0.438281 0.427083 0.017188 0.062500
7 0.460547 0.428472 0.022656 0.031944
2 0.456641 0.395833 0.010156 0.013889
7 0.596094 0.447222 0.045312 0.097222
7 0.622266 0.454861 0.022656 0.051389
7 0.693750 0.451389 0.020313 0.030556
7 0.652734 0.456944 0.067969 0.083333
7 0.761719 0.519444 0.189062 0.205556
7 0.876563 0.626389 0.245312 0.419444
7 0.525781 0.384722 0.087500 0.041667
7 0.161719 0.468056 0.031250 0.036111
7 0.177734 0.487500 0.021094 0.019444
7 0.065625 0.550000 0.042188 0.044444
7 0.017969 0.539583 0.035937 0.048611
7 0.531250 0.505556 0.162500 0.222222
