2 0.401953 0.047917 0.522656 0.095833
2 0.381641 0.238889 0.030469 0.038889
2 0.339062 0.250694 0.032813 0.026389
7 0.353125 0.315972 0.012500 0.026389
7 0.342969 0.297222 0.012500 0.016667
7 0.417187 0.313194 0.018750 0.034722
7 0.432812 0.318750 0.017188 0.034722
7 0.337891 0.318750 0.022656 0.034722
7 0.291406 0.313889 0.023438 0.041667
7 0.353906 0.302083 0.012500 0.020833
7 0.462109 0.337500 0.060156 0.083333
7 0.514844 0.322917 0.037500 0.051389
7 0.385156 0.348611 0.078125 0.116667
7 0.309375 0.330556 0.042188 0.055556
7 0.196094 0.346528 0.076563 0.084722
7 0.083984 0.379167 0.167969 0.250000
7 0.810937 0.380556 0.375000 0.527778
