7 0.060937 0.529167 0.121875 0.161111
7 0.819922 0.697222 0.358594 0.244444
7 0.702734 0.626389 0.216406 0.166667
7 0.579688 0.539583 0.014063 0.045833
7 0.646875 0.567361 0.140625 0.115278
7 0.392188 0.527083 0.028125 0.045833
7 0.459766 0.513889 0.014844 0.019444
7 0.366406 0.519444 0.031250 0.061111
7 0.341016 0.524306 0.053906 0.062500
2 0.307031 0.483333 0.015625 0.019444
7 0.314453 0.527083 0.082031 0.073611
7 0.227734 0.515972 0.111719 0.126389
7 0.143750 0.526389 0.115625 0.138889
7 0.485156 0.536806 0.034375 0.040278
7 0.524219 0.544444 0.035937 0.041667
