2 0.652344 0.295833 0.009375 0.016667
2 0.607422 0.304167 0.035156 0.030556
2 0.592187 0.326389 0.043750 0.019444
2 0.496484 0.293056 0.013281 0.013889
2 0.681250 0.316667 0.010937 0.022222
7 0.301563 0.281250 0.015625 0.009722
7 0.338281 0.286806 0.012500 0.009722
7 0.317578 0.325694 0.024219 0.029167
7 0.444141 0.343750 0.011719 0.012500
7 0.548828 0.320833 0.016406 0.011111
7 0.533594 0.316667 0.007812 0.011111
7 0.522656 0.316667 0.009375 0.011111
7 0.545703 0.340972 0.007031 0.018056
7 0.554297 0.340278 0.008594 0.016667
7 0.640625 0.332639 0.009375 0.015278
7 0.640234 0.358333 0.016406 0.030556
7 0.650000 0.358333 0.015625 0.025000
7 0.661328 0.362500 0.025781 0.033333
7 0.677734 0.366667 0.024219 0.025000
7 0.595313 0.360417 0.015625 0.020833
7 0.114844 0.325000 0.201563 0.141667
7 0.620313 0.359722 0.028125 0.038889
7 0.707031 0.361111 0.037500 0.055556
5 0.833984 0.333333 0.124219 0.191667
5 0.926953 0.381944 0.142969 0.505556
