1 0.519141 0.300694 0.011719 0.056944
1 0.225000 0.341667 0.010937 0.050000
1 0.526953 0.305556 0.010156 0.055556
1 0.980859 0.388194 0.035156 0.059722
1 0.932031 0.396528 0.023438 0.062500
1 0.689063 0.477778 0.021875 0.030556
2 0.242578 0.311806 0.021094 0.020833
2 0.593359 0.332639 0.066406 0.023611
2 0.665625 0.438889 0.028125 0.019444
2 0.946484 0.289583 0.066406 0.048611
2 0.955469 0.343750 0.042188 0.056944
2 0.143359 0.482639 0.010156 0.029167
2 0.289844 0.486806 0.025000 0.012500
7 0.253516 0.547917 0.027344 0.031944
7 0.234766 0.547917 0.021094 0.031944
7 0.155078 0.553472 0.021094 0.054167
7 0.188672 0.561806 0.077344 0.073611
7 0.090234 0.554861 0.074219 0.065278
7 0.032813 0.572917 0.065625 0.059722
7 0.045312 0.549306 0.090625 0.073611
7 0.458594 0.544444 0.012500 0.022222
7 0.433594 0.553472 0.018750 0.023611
7 0.470313 0.553472 0.017188 0.020833
2 0.501563 0.491667 0.023438 0.013889
2 0.598828 0.480556 0.011719 0.016667
7 0.486328 0.548611 0.008594 0.013889
7 0.496875 0.546528 0.012500 0.020833
7 0.515625 0.552778 0.023438 0.030556
7 0.330859 0.543056 0.028906 0.027778
7 0.290234 0.554861 0.053906 0.070833
7 0.386719 0.570139 0.060937 0.073611
3 0.714063 0.560417 0.017188 0.068056
7 0.966797 0.604861 0.064844 0.073611
4 0.883984 0.665278 0.096094 0.111111
8 0.887109 0.628472 0.057031 0.195833
