2 0.105078 0.295139 0.038281 0.056944
2 0.101172 0.240972 0.041406 0.037500
2 0.103516 0.181250 0.038281 0.081944
2 0.505469 0.225694 0.028125 0.043056
2 0.521094 0.231944 0.026562 0.091667
2 0.284766 0.356250 0.014844 0.020833
2 0.267969 0.353472 0.014063 0.031944
2 0.440625 0.390278 0.018750 0.047222
7 0.175781 0.437500 0.035937 0.072222
7 0.141406 0.438194 0.042188 0.056944
7 0.086328 0.441667 0.097656 0.072222
7 0.230078 0.428472 0.080469 0.084722
7 0.381250 0.438194 0.010937 0.018056
7 0.373437 0.441667 0.017188 0.022222
7 0.359766 0.429167 0.027344 0.055556
7 0.320703 0.445833 0.082031 0.105556
7 0.425781 0.438194 0.010937 0.023611
7 0.408594 0.443750 0.020313 0.026389
3 0.637891 0.421528 0.044531 0.190278
6 0.608594 0.443750 0.043750 0.068056
4 0.508203 0.443056 0.033594 0.075000
