7 0.517188 0.204861 0.039062 0.054167
7 0.469141 0.145139 0.014844 0.020833
7 0.445312 0.150000 0.015625 0.025000
7 0.537891 0.156250 0.013281 0.018056
7 0.532422 0.165278 0.016406 0.019444
7 0.513672 0.146528 0.011719 0.018056
7 0.508203 0.159722 0.014844 0.019444
7 0.491797 0.163194 0.016406 0.020833
7 0.366406 0.131250 0.010937 0.020833
7 0.436719 0.138889 0.010937 0.011111
7 0.779687 0.211111 0.037500 0.030556
7 0.746094 0.206944 0.037500 0.033333
2 0.630859 0.128472 0.021094 0.040278
2 0.591797 0.148611 0.017969 0.016667
2 0.541797 0.133333 0.011719 0.013889
7 0.482031 0.142361 0.007812 0.015278
7 0.489063 0.184028 0.029687 0.043056
1 0.407813 0.091667 0.004687 0.019444
1 0.412109 0.089583 0.003906 0.018056
1 0.560156 0.109028 0.003125 0.020833
1 0.565234 0.112500 0.005469 0.022222
1 0.524609 0.100694 0.003906 0.015278
1 0.440234 0.087500 0.003906 0.022222
7 0.724219 0.204861 0.021875 0.023611
1 0.420703 0.083333 0.003906 0.016667
1 0.416016 0.111111 0.005469 0.016667
