7 0.379297 0.483333 0.014844 0.025000
7 0.359375 0.486806 0.018750 0.029167
7 0.333594 0.486806 0.018750 0.029167
7 0.314453 0.483333 0.027344 0.038889
7 0.227344 0.486111 0.045312 0.063889
7 0.180078 0.495139 0.019531 0.048611
7 0.157422 0.486111 0.046094 0.055556
7 0.132031 0.497222 0.062500 0.058333
7 0.013281 0.504167 0.026562 0.088889
2 0.087891 0.101389 0.064844 0.138889
2 0.085938 0.222917 0.065625 0.106944
2 0.084375 0.426389 0.032813 0.055556
2 0.085547 0.480556 0.035156 0.058333
1 0.199219 0.039583 0.023438 0.079167
1 0.215234 0.273611 0.025781 0.063889
1 0.166406 0.266667 0.018750 0.058333
1 0.348438 0.435417 0.009375 0.015278
7 0.448437 0.489583 0.009375 0.026389
7 0.437109 0.491667 0.021094 0.038889
7 0.403516 0.500694 0.047656 0.059722
2 0.588281 0.407639 0.007812 0.018056
2 0.987500 0.215278 0.017188 0.025000
2 0.946484 0.193750 0.039844 0.045833
2 0.969922 0.261806 0.055469 0.037500
2 0.975781 0.306944 0.032813 0.047222
1 0.950781 0.344444 0.021875 0.058333
7 0.952344 0.547917 0.090625 0.120833
3 0.891406 0.552083 0.040625 0.187500
