7 0.771875 0.395833 0.029687 0.013889
7 0.765234 0.418750 0.046094 0.037500
7 0.566016 0.470833 0.028906 0.019444
7 0.127734 0.514583 0.010156 0.012500
7 0.150781 0.511806 0.015625 0.012500
7 0.162891 0.511806 0.008594 0.018056
7 0.200391 0.504861 0.017969 0.018056
7 0.216797 0.506250 0.014844 0.020833
7 0.230078 0.505556 0.011719 0.011111
7 0.270313 0.504167 0.015625 0.016667
7 0.286328 0.502778 0.016406 0.016667
7 0.303125 0.502778 0.017188 0.011111
7 0.354297 0.497917 0.021094 0.018056
7 0.470313 0.491667 0.026562 0.041667
7 0.490234 0.496528 0.021094 0.031944
7 0.518750 0.547917 0.071875 0.140278
7 0.105469 0.530556 0.045312 0.036111
7 0.178906 0.520139 0.032813 0.037500
7 0.231641 0.514583 0.016406 0.018056
0 0.249219 0.502083 0.029687 0.020833
7 0.441797 0.495139 0.024219 0.023611
7 0.573438 0.621528 0.146875 0.220833
