1 0.409375 0.400000 0.010937 0.066667
1 0.425391 0.395833 0.014844 0.058333
1 0.400781 0.404167 0.015625 0.061111
1 0.719141 0.081944 0.027344 0.122222
1 0.660937 0.089583 0.031250 0.112500
1 0.688281 0.085417 0.023438 0.165278
1 0.298047 0.609028 0.011719 0.031944
2 0.420703 0.615278 0.028906 0.050000
2 0.324219 0.599306 0.029687 0.054167
2 0.316016 0.534028 0.032031 0.018056
7 0.579688 0.691667 0.017188 0.030556
7 0.604688 0.704861 0.015625 0.051389
2 0.519922 0.665278 0.013281 0.016667
7 0.512109 0.704861 0.019531 0.062500
7 0.493750 0.703472 0.017188 0.054167
7 0.544922 0.702778 0.058594 0.088889
7 0.638281 0.706944 0.054688 0.080556
7 0.462891 0.709722 0.057031 0.088889
5 0.831250 0.630556 0.335938 0.380556
3 0.248828 0.708333 0.017969 0.091667
