1 0.308594 0.254167 0.012500 0.058333
1 0.635156 0.176389 0.014063 0.077778
1 0.174609 0.437500 0.017969 0.036111
1 0.667188 0.461111 0.018750 0.022222
1 0.653125 0.457639 0.007812 0.020833
1 0.648438 0.185417 0.010937 0.068056
1 0.617578 0.181944 0.016406 0.072222
1 0.323828 0.259028 0.016406 0.059722
1 0.296875 0.256944 0.010937 0.050000
1 0.481250 0.504167 0.004687 0.013889
1 0.455469 0.506944 0.003125 0.016667
2 0.662500 0.365278 0.023438 0.019444
2 0.646875 0.377778 0.012500 0.019444
2 0.963281 0.276389 0.040625 0.075000
7 0.975000 0.754861 0.048438 0.290278
7 0.050391 0.677083 0.100781 0.273611
5 0.078906 0.527778 0.157812 0.138889
7 0.480859 0.527778 0.005469 0.022222
7 0.486328 0.528472 0.005469 0.020833
7 0.493750 0.524306 0.006250 0.023611
7 0.508984 0.533333 0.017969 0.044444
7 0.516797 0.535417 0.014844 0.034722
7 0.525781 0.539583 0.017188 0.043056
7 0.541406 0.546528 0.031250 0.048611
7 0.573828 0.557639 0.055469 0.070833
7 0.644531 0.536111 0.065625 0.050000
7 0.657031 0.538194 0.048438 0.031944
7 0.681250 0.545139 0.064062 0.037500
7 0.707031 0.553472 0.017188 0.037500
7 0.439453 0.521528 0.008594 0.026389
7 0.432422 0.529167 0.008594 0.036111
7 0.426953 0.529861 0.014844 0.034722
7 0.416797 0.534028 0.019531 0.034722
7 0.392969 0.529861 0.039062 0.062500
7 0.363281 0.545139 0.056250 0.065278
3 0.344531 0.515278 0.010937 0.022222
7 0.460547 0.540278 0.038281 0.055556
