7 0.344531 0.520139 0.010937 0.018056
7 0.351172 0.525694 0.010156 0.020833
7 0.375391 0.521528 0.013281 0.018056
7 0.367969 0.512500 0.021875 0.025000
7 0.383203 0.521528 0.007031 0.018056
7 0.485547 0.523611 0.036719 0.058333
7 0.494922 0.530556 0.036719 0.052778
7 0.502344 0.532639 0.025000 0.048611
7 0.408984 0.520139 0.030469 0.048611
7 0.447266 0.539583 0.052344 0.068056
7 0.362500 0.523611 0.020313 0.033333
7 0.628906 0.569444 0.260937 0.366667
2 0.150781 0.388889 0.012500 0.044444
2 0.474219 0.496528 0.015625 0.045833
2 0.089453 0.352778 0.074219 0.105556
