3 0.023438 0.465972 0.031250 0.126389
3 0.005859 0.481944 0.011719 0.127778
3 0.930469 0.429167 0.059375 0.213889
3 0.950781 0.461111 0.025000 0.091667
3 0.291797 0.420139 0.010156 0.054167
8 0.344531 0.414583 0.014063 0.048611
3 0.711719 0.390972 0.012500 0.059722
3 0.689844 0.403472 0.010937 0.059722
3 0.703516 0.397917 0.013281 0.056944
3 0.657813 0.388194 0.012500 0.037500
3 0.651563 0.396528 0.015625 0.051389
3 0.284766 0.427778 0.017969 0.058333
3 0.247656 0.424306 0.018750 0.073611
3 0.458984 0.409722 0.014844 0.066667
3 0.612500 0.397917 0.014063 0.054167
3 0.625391 0.400000 0.010156 0.058333
3 0.632812 0.397917 0.007812 0.051389
3 0.332813 0.418056 0.015625 0.055556
2 0.266797 0.262500 0.016406 0.019444
2 0.244922 0.311806 0.008594 0.031944
2 0.738281 0.259722 0.020313 0.011111
2 0.853125 0.252778 0.042188 0.033333
2 0.854297 0.196528 0.047656 0.073611
2 0.852344 0.142361 0.039062 0.029167
2 0.852734 0.081250 0.039844 0.037500
2 0.814844 0.074306 0.021875 0.054167
2 0.924219 0.064583 0.107813 0.040278
2 0.905078 0.116667 0.038281 0.041667
2 0.851562 0.030556 0.042188 0.061111
2 0.620703 0.336806 0.014844 0.040278
1 0.311719 0.219444 0.007812 0.036111
1 0.703906 0.085417 0.018750 0.059722
1 0.301172 0.232639 0.010156 0.056944
1 0.317188 0.218056 0.009375 0.038889
1 0.684375 0.090972 0.010937 0.059722
1 0.712500 0.102083 0.018750 0.087500
1 0.715625 0.226389 0.009375 0.061111
1 0.237109 0.360417 0.011719 0.023611
1 0.737500 0.323611 0.012500 0.019444
7 0.437891 0.412500 0.021094 0.038889
7 0.450781 0.401389 0.021875 0.044444
7 0.477734 0.404861 0.039844 0.062500
7 0.506250 0.406944 0.015625 0.041667
7 0.519141 0.401389 0.016406 0.038889
7 0.537109 0.390972 0.024219 0.043056
7 0.548828 0.388194 0.011719 0.031944
7 0.554688 0.390972 0.015625 0.029167
7 0.562500 0.390972 0.012500 0.020833
7 0.566797 0.388194 0.016406 0.023611
7 0.581641 0.390972 0.011719 0.018056
7 0.596875 0.395139 0.028125 0.043056
7 0.949219 0.372222 0.100000 0.086111
7 0.984375 0.388889 0.029687 0.069444
7 0.413281 0.415278 0.043750 0.044444
3 0.668750 0.385417 0.007812 0.034722
4 0.858594 0.393056 0.031250 0.044444
