1 0.310156 0.087500 0.009375 0.025000
1 0.440234 0.093750 0.010156 0.018056
7 0.335547 0.186806 0.011719 0.018056
7 0.328125 0.187500 0.009375 0.016667
7 0.321484 0.189583 0.010156 0.018056
7 0.314063 0.186806 0.010937 0.018056
7 0.299219 0.182639 0.025000 0.034722
7 0.250781 0.186806 0.015625 0.037500
7 0.233203 0.188194 0.032031 0.051389
7 0.203906 0.186111 0.039062 0.061111
7 0.171875 0.190278 0.046875 0.069444
7 0.135547 0.203472 0.066406 0.068056
7 0.475391 0.186806 0.022656 0.037500
7 0.492578 0.192361 0.021094 0.043056
7 0.513672 0.193056 0.035156 0.050000
7 0.551562 0.181250 0.029687 0.026389
7 0.562500 0.209028 0.020313 0.062500
7 0.582031 0.216667 0.031250 0.072222
7 0.623047 0.212500 0.066406 0.097222
7 0.680078 0.225000 0.102344 0.125000
7 0.769531 0.234028 0.117188 0.134722
7 0.844531 0.354167 0.307812 0.372222
7 0.536719 0.212500 0.070312 0.086111
7 0.422266 0.248611 0.111719 0.177778
7 0.015234 0.206250 0.030469 0.120833
