2 0.364844 0.239583 0.018750 0.048611
2 0.384766 0.318056 0.028906 0.013889
2 0.534375 0.284028 0.012500 0.062500
2 0.348438 0.350694 0.009375 0.031944
1 0.371875 0.288194 0.010937 0.048611
1 0.381250 0.340972 0.020313 0.026389
4 0.531641 0.438194 0.053906 0.062500
7 0.927734 0.365278 0.142969 0.144444
7 0.700000 0.403472 0.104688 0.109722
7 0.181641 0.431250 0.075781 0.065278
7 0.132812 0.465972 0.034375 0.062500
7 0.065234 0.468750 0.103906 0.134722
7 0.231641 0.620139 0.388281 0.420833
3 0.803125 0.533333 0.026562 0.102778
3 0.738281 0.529167 0.031250 0.158333
3 0.801953 0.455556 0.069531 0.286111
3 0.650781 0.501389 0.082812 0.355556
3 0.592969 0.451389 0.051562 0.252778
3 0.491797 0.423611 0.027344 0.125000
3 0.475781 0.431944 0.017188 0.105556
3 0.464844 0.428472 0.023438 0.123611
3 0.449609 0.445139 0.030469 0.090278
3 0.449609 0.382639 0.019531 0.034722
3 0.423438 0.439583 0.028125 0.109722
3 0.412891 0.431250 0.013281 0.073611
3 0.389844 0.420833 0.020313 0.077778
3 0.371094 0.414583 0.021875 0.062500
