7 0.291797 0.418056 0.027344 0.025000
7 0.313672 0.418056 0.011719 0.025000
7 0.327734 0.424306 0.019531 0.037500
7 0.326562 0.427778 0.018750 0.030556
7 0.335547 0.431944 0.014844 0.038889
7 0.347266 0.435417 0.024219 0.040278
7 0.365234 0.442361 0.024219 0.051389
7 0.381641 0.452778 0.032031 0.047222
7 0.392578 0.452778 0.041406 0.058333
7 0.430469 0.458333 0.067187 0.083333
2 0.443750 0.377083 0.014063 0.029167
8 0.477344 0.560417 0.048438 0.201389
6 0.522266 0.599306 0.083594 0.137500
3 0.529687 0.511111 0.082812 0.508333
7 0.822656 0.415278 0.353125 0.830556
2 0.173047 0.132639 0.024219 0.062500
2 0.272656 0.269444 0.029687 0.055556
2 0.271484 0.313194 0.025781 0.031944
2 0.269922 0.340972 0.024219 0.026389
2 0.218750 0.312500 0.020313 0.066667
