2 0.544922 0.394444 0.046094 0.025000
2 0.500391 0.393750 0.030469 0.031944
2 0.462109 0.394444 0.038281 0.030556
7 0.395703 0.461806 0.007031 0.018056
7 0.387109 0.458333 0.010156 0.022222
7 0.158203 0.447222 0.053906 0.055556
7 0.086719 0.461111 0.095312 0.047222
0 0.272656 0.446528 0.060937 0.051389
7 0.463672 0.450000 0.010156 0.016667
7 0.509766 0.454861 0.010156 0.020833
7 0.420312 0.475000 0.050000 0.072222
7 0.792188 0.502083 0.137500 0.140278
7 0.338672 0.488194 0.108594 0.143056
7 0.478906 0.451389 0.007812 0.013889
