2 0.531641 0.288194 0.022656 0.034722
2 0.487500 0.310417 0.018750 0.026389
7 0.412500 0.365278 0.009375 0.025000
7 0.421875 0.368750 0.021875 0.031944
7 0.425391 0.381944 0.016406 0.030556
7 0.432812 0.386806 0.025000 0.054167
7 0.340625 0.380556 0.025000 0.033333
7 0.328516 0.392361 0.021094 0.043056
7 0.313672 0.399306 0.028906 0.065278
7 0.893750 0.454861 0.210938 0.112500
7 0.454688 0.395139 0.043750 0.073611
7 0.286328 0.415972 0.055469 0.076389
3 0.223828 0.404861 0.016406 0.062500
7 0.128125 0.459722 0.142187 0.166667
2 0.886719 0.018056 0.045312 0.036111
2 0.944922 0.004167 0.050781 0.008333
2 0.739062 0.286806 0.014063 0.059722
7 0.389062 0.379861 0.026562 0.043056
7 0.373437 0.365972 0.012500 0.023611
2 0.530859 0.311111 0.022656 0.013889
2 0.489063 0.331250 0.018750 0.015278
1 0.339062 0.305556 0.006250 0.016667
1 0.414453 0.300694 0.007031 0.018056
1 0.412109 0.302083 0.007031 0.018056
