1 0.498437 0.130556 0.009375 0.036111
1 0.658594 0.222917 0.014063 0.031944
1 0.606250 0.229861 0.018750 0.023611
1 0.365234 0.104167 0.013281 0.047222
1 0.195312 0.227778 0.014063 0.033333
2 0.286328 0.192361 0.024219 0.015278
2 0.293359 0.217361 0.010156 0.026389
2 0.725391 0.167361 0.022656 0.031944
2 0.648047 0.139583 0.027344 0.018056
2 0.661719 0.163889 0.023438 0.016667
7 0.530469 0.265972 0.021875 0.015278
7 0.533203 0.293056 0.032031 0.050000
7 0.463672 0.267361 0.021094 0.029167
7 0.438672 0.276389 0.042969 0.036111
7 0.382422 0.320833 0.058594 0.091667
7 0.335547 0.338889 0.102344 0.133333
7 0.648438 0.313889 0.070312 0.111111
7 0.689453 0.361111 0.132031 0.158333
7 0.235547 0.381250 0.217969 0.215278
7 0.468359 0.406250 0.180469 0.262500
7 0.057422 0.450694 0.113281 0.343056
