1 0.389844 0.456250 0.006250 0.020833
1 0.335156 0.461806 0.007812 0.018056
1 0.265625 0.515972 0.004687 0.018056
1 0.776563 0.131944 0.018750 0.088889
7 0.290625 0.545833 0.031250 0.033333
7 0.319531 0.541667 0.039062 0.033333
2 0.237500 0.510417 0.015625 0.040278
2 0.647266 0.243056 0.024219 0.055556
2 0.646484 0.331944 0.025781 0.091667
2 0.668359 0.377083 0.024219 0.012500
2 0.654297 0.424306 0.024219 0.043056
2 0.801953 0.243750 0.074219 0.031944
2 0.783984 0.202778 0.033594 0.063889
3 0.025781 0.584722 0.018750 0.094444
3 0.007422 0.590278 0.014844 0.091667
7 0.082812 0.593056 0.092188 0.102778
7 0.197656 0.616667 0.131250 0.166667
7 0.383203 0.588194 0.114844 0.187500
7 0.428906 0.525694 0.014063 0.031944
7 0.460938 0.536806 0.026562 0.040278
0 0.456641 0.515972 0.044531 0.076389
3 0.569922 0.530556 0.013281 0.047222
3 0.536719 0.532639 0.009375 0.040278
2 0.511328 0.452778 0.014844 0.036111
1 0.753516 0.118750 0.022656 0.079167
1 0.726953 0.144444 0.027344 0.100000
1 0.801953 0.366667 0.016406 0.086111
1 0.840625 0.392361 0.020313 0.034722
3 0.623047 0.572917 0.024219 0.120833
3 0.613672 0.573611 0.017969 0.119444
3 0.655078 0.577778 0.022656 0.097222
3 0.739453 0.543056 0.021094 0.100000
3 0.923438 0.568056 0.042188 0.155556
3 0.693359 0.547222 0.017969 0.052778
3 0.682031 0.535417 0.014063 0.073611
3 0.669922 0.543750 0.019531 0.084722
3 0.887109 0.536111 0.028906 0.061111
3 0.945703 0.538889 0.021094 0.091667
3 0.994531 0.573611 0.009375 0.113889
1 0.460547 0.483333 0.003906 0.011111
2 0.413672 0.456250 0.010156 0.015278
