2 0.586719 0.384028 0.015625 0.040278
2 0.855859 0.257639 0.024219 0.104167
2 0.535547 0.368056 0.011719 0.019444
2 0.344531 0.375694 0.009375 0.018056
2 0.249609 0.399306 0.021094 0.029167
2 0.291797 0.406944 0.011719 0.008333
2 0.481250 0.424306 0.006250 0.015278
2 0.494922 0.421528 0.003906 0.020833
2 0.291797 0.427778 0.007031 0.022222
1 0.376953 0.370139 0.005469 0.023611
1 0.460156 0.374306 0.004687 0.020833
1 0.455469 0.375694 0.004687 0.023611
7 0.300781 0.442361 0.032813 0.054167
7 0.530859 0.473611 0.067969 0.144444
7 0.501953 0.506944 0.078906 0.141667
7 0.616016 0.500694 0.066406 0.081944
7 0.223047 0.518056 0.144531 0.172222
7 0.176172 0.465972 0.094531 0.154167
7 0.597266 0.459028 0.017969 0.029167
3 0.570312 0.468056 0.009375 0.022222
3 0.576953 0.475000 0.007031 0.047222
3 0.581641 0.468750 0.005469 0.051389
2 0.844922 0.415972 0.013281 0.023611
5 0.068359 0.334028 0.136719 0.509722
7 0.985938 0.497222 0.025000 0.061111
7 0.805859 0.615972 0.383594 0.381944
7 0.028125 0.699306 0.054688 0.273611
7 0.381250 0.533333 0.237500 0.422222
7 0.646875 0.502778 0.050000 0.086111
