3 0.055859 0.471528 0.027344 0.081944
3 0.053125 0.463194 0.025000 0.079167
3 0.497656 0.422222 0.007812 0.027778
3 0.503516 0.426389 0.007031 0.038889
3 0.508594 0.426389 0.009375 0.038889
3 0.514453 0.425694 0.008594 0.040278
3 0.517188 0.429167 0.009375 0.052778
3 0.526953 0.419444 0.010156 0.047222
3 0.564063 0.425000 0.018750 0.083333
3 0.578906 0.422222 0.017188 0.077778
3 0.589453 0.420139 0.017969 0.081944
3 0.614844 0.415972 0.017188 0.087500
3 0.628516 0.419444 0.021094 0.094444
3 0.601953 0.432639 0.025781 0.131944
3 0.666016 0.430556 0.035156 0.122222
3 0.706641 0.397222 0.024219 0.094444
3 0.931250 0.406250 0.026562 0.079167
3 0.883594 0.422222 0.062500 0.230556
2 0.330078 0.364583 0.013281 0.020833
2 0.544922 0.152778 0.032031 0.041667
2 0.547266 0.211806 0.036719 0.031944
1 0.571484 0.314583 0.022656 0.037500
1 0.104297 0.196528 0.016406 0.056944
1 0.366406 0.100694 0.017188 0.065278
1 0.338281 0.365278 0.007812 0.022222
1 0.351172 0.107639 0.019531 0.070833
5 0.459375 0.400000 0.065625 0.144444
7 0.398438 0.411111 0.060937 0.102778
7 0.364063 0.433333 0.050000 0.083333
7 0.287500 0.425694 0.015625 0.020833
7 0.326562 0.436111 0.081250 0.133333
7 0.263281 0.452778 0.023438 0.047222
7 0.279687 0.447222 0.021875 0.033333
7 0.237109 0.459028 0.060156 0.087500
7 0.167969 0.458333 0.142187 0.158333
