2 0.129688 0.355556 0.035937 0.016667
2 0.581250 0.440972 0.021875 0.018056
2 0.426172 0.449306 0.010156 0.018056
2 0.612500 0.436111 0.010937 0.030556
2 0.615625 0.469444 0.009375 0.011111
1 0.175000 0.352778 0.009375 0.025000
1 0.296875 0.385417 0.017188 0.018056
1 0.491797 0.420139 0.005469 0.020833
1 0.487109 0.418750 0.007031 0.023611
1 0.483594 0.418750 0.007812 0.020833
1 0.544141 0.434722 0.010156 0.016667
1 0.617969 0.491667 0.010937 0.016667
7 0.512891 0.522222 0.017969 0.027778
7 0.491016 0.520833 0.024219 0.038889
7 0.412500 0.516667 0.053125 0.047222
3 0.449609 0.514583 0.014844 0.045833
3 0.621094 0.525694 0.010937 0.034722
3 0.594922 0.519444 0.005469 0.027778
3 0.599219 0.520833 0.006250 0.022222
3 0.575000 0.519444 0.009375 0.025000
3 0.564453 0.515278 0.005469 0.016667
3 0.607812 0.526389 0.009375 0.027778
3 0.697266 0.536806 0.007031 0.034722
7 0.810156 0.568750 0.114062 0.118056
7 0.925000 0.606944 0.146875 0.161111
