1 0.566406 0.077778 0.014063 0.091667
1 0.698047 0.383333 0.021094 0.030556
1 0.543750 0.081944 0.021875 0.083333
2 0.675000 0.191667 0.025000 0.063889
2 0.687500 0.293750 0.037500 0.023611
2 0.679297 0.317361 0.039844 0.020833
2 0.669922 0.371528 0.011719 0.079167
2 0.508203 0.440278 0.011719 0.016667
1 0.581250 0.400694 0.017188 0.020833
7 0.439063 0.444444 0.009375 0.016667
7 0.448437 0.443056 0.009375 0.013889
7 0.456250 0.444444 0.010937 0.016667
7 0.429688 0.448611 0.009375 0.019444
7 0.428906 0.454167 0.009375 0.013889
7 0.416797 0.452083 0.016406 0.026389
7 0.429688 0.472222 0.018750 0.027778
7 0.408203 0.468056 0.028906 0.038889
7 0.385937 0.481250 0.017188 0.037500
7 0.370312 0.482639 0.023438 0.048611
7 0.349609 0.490972 0.019531 0.048611
7 0.555859 0.499306 0.067969 0.118056
7 0.209375 0.506250 0.053125 0.095833
7 0.287500 0.470139 0.106250 0.176389
7 0.475000 0.520833 0.092188 0.147222
7 0.105469 0.652778 0.209375 0.450000
3 0.687891 0.513194 0.008594 0.054167
3 0.694141 0.505556 0.007031 0.044444
3 0.707422 0.493056 0.007031 0.052778
3 0.714844 0.491667 0.015625 0.058333
3 0.701562 0.513889 0.014063 0.055556
8 0.611328 0.513194 0.011719 0.054167
4 0.612109 0.540278 0.016406 0.025000
3 0.965625 0.683333 0.065625 0.502778
3 0.593750 0.494444 0.009375 0.041667
3 0.639844 0.497222 0.007812 0.036111
3 0.628906 0.497917 0.009375 0.037500
1 0.469531 0.410417 0.009375 0.018056
