3 0.087891 0.388889 0.028906 0.069444
3 0.148438 0.394444 0.031250 0.061111
3 0.210938 0.409722 0.020313 0.066667
3 0.388281 0.379861 0.006250 0.026389
3 0.367969 0.377083 0.006250 0.023611
3 0.378906 0.371528 0.009375 0.031944
3 0.396094 0.381944 0.004687 0.019444
3 0.591016 0.383333 0.019531 0.058333
3 0.737109 0.384028 0.014844 0.020833
3 0.442969 0.381250 0.009375 0.051389
1 0.430469 0.313194 0.006250 0.020833
1 0.503516 0.274306 0.007031 0.026389
1 0.642578 0.268056 0.013281 0.022222
1 0.436328 0.314583 0.003906 0.018056
1 0.575391 0.308333 0.005469 0.022222
1 0.498828 0.277083 0.005469 0.023611
7 0.417969 0.381944 0.043750 0.033333
7 0.376563 0.422917 0.034375 0.073611
7 0.547266 0.404861 0.049219 0.081944
7 0.321875 0.430556 0.109375 0.138889
7 0.494922 0.472222 0.121094 0.177778
7 0.763672 0.515278 0.317969 0.241667
7 0.132812 0.574306 0.265625 0.293056
5 0.477734 0.346528 0.067969 0.081944
1 0.314844 0.345833 0.017188 0.022222
2 0.318750 0.313889 0.014063 0.036111
