7 0.142578 0.558333 0.285156 0.311111
7 0.518750 0.429167 0.042188 0.055556
7 0.482031 0.422222 0.021875 0.027778
7 0.425781 0.424306 0.020313 0.026389
7 0.389453 0.427778 0.028906 0.041667
7 0.408984 0.413889 0.011719 0.019444
7 0.364453 0.416667 0.008594 0.016667
7 0.320312 0.424306 0.014063 0.015278
7 0.309375 0.411111 0.012500 0.022222
7 0.281250 0.425694 0.023438 0.020833
7 0.263281 0.427778 0.012500 0.013889
7 0.248828 0.433333 0.011719 0.016667
7 0.233984 0.427778 0.017969 0.019444
7 0.298047 0.427778 0.011719 0.019444
