1 0.504297 0.027083 0.032031 0.048611
1 0.482031 0.018750 0.017188 0.037500
1 0.796875 0.288194 0.031250 0.123611
1 0.803906 0.402083 0.032813 0.059722
2 0.764844 0.289583 0.056250 0.037500
2 0.757812 0.347917 0.031250 0.093056
2 0.646875 0.082639 0.042188 0.145833
2 0.768359 0.139583 0.032031 0.176389
2 0.785547 0.488889 0.008594 0.036111
2 0.785156 0.533333 0.007812 0.038889
2 0.360547 0.523611 0.014844 0.011111
7 0.297656 0.540972 0.012500 0.023611
7 0.287109 0.539583 0.011719 0.015278
0 0.269141 0.534028 0.025781 0.031944
7 0.152344 0.550000 0.034375 0.027778
7 0.196875 0.547222 0.023438 0.013889
7 0.115625 0.550000 0.042188 0.041667
7 0.095312 0.550694 0.023438 0.034722
7 0.068750 0.556944 0.029687 0.044444
7 0.216016 0.547222 0.007031 0.016667
7 0.232422 0.543750 0.025781 0.023611
7 0.983203 0.542361 0.025781 0.043056
7 0.973437 0.527778 0.015625 0.025000
7 0.008984 0.557639 0.017969 0.062500
7 0.035156 0.559722 0.035937 0.050000
