7 0.357422 0.443750 0.019531 0.034722
7 0.285938 0.451389 0.037500 0.052778
7 0.255469 0.456944 0.026562 0.038889
7 0.139844 0.456944 0.215625 0.216667
7 0.326562 0.456250 0.062500 0.076389
7 0.425781 0.449306 0.017188 0.037500
7 0.530859 0.443750 0.022656 0.023611
7 0.550391 0.447222 0.021094 0.025000
7 0.571484 0.450000 0.021094 0.030556
7 0.606250 0.452083 0.051562 0.093056
7 0.393359 0.450694 0.066406 0.098611
7 0.464844 0.465278 0.076563 0.102778
7 0.055469 0.585417 0.110937 0.251389
7 0.685547 0.473611 0.136719 0.169444
7 0.847656 0.448611 0.026562 0.027778
7 0.806641 0.450000 0.088281 0.047222
2 0.228125 0.393750 0.020313 0.037500
2 0.225781 0.361111 0.020313 0.025000
2 0.228125 0.313889 0.020313 0.030556
1 0.123047 0.330556 0.013281 0.030556
1 0.032813 0.329167 0.012500 0.022222
1 0.241797 0.362500 0.007031 0.027778
2 0.257031 0.368056 0.015625 0.038889
2 0.517969 0.427083 0.014063 0.026389
2 0.374609 0.363889 0.014844 0.022222
2 0.718750 0.354861 0.035937 0.059722
1 0.397266 0.355556 0.011719 0.022222
1 0.455469 0.356250 0.015625 0.023611
1 0.542969 0.358333 0.010937 0.016667
1 0.591797 0.356944 0.013281 0.022222
7 0.577344 0.303472 0.023438 0.015278
7 0.934375 0.443750 0.115625 0.059722
