1 0.592969 0.243056 0.004687 0.022222
1 0.524609 0.281944 0.005469 0.016667
1 0.519922 0.286806 0.003906 0.020833
1 0.396875 0.296528 0.006250 0.023611
1 0.587109 0.243750 0.008594 0.023611
1 0.375000 0.309722 0.009375 0.016667
7 0.410547 0.375000 0.039844 0.077778
7 0.366406 0.400000 0.090625 0.127778
7 0.495312 0.317361 0.034375 0.031944
7 0.760938 0.370833 0.056250 0.038889
7 0.508594 0.410417 0.103125 0.154167
7 0.614844 0.350694 0.090625 0.162500
5 0.164453 0.323611 0.328906 0.647222
1 0.432422 0.316667 0.003906 0.030556
7 0.388672 0.324306 0.021094 0.023611
3 0.378906 0.328472 0.014063 0.018056
3 0.715625 0.325694 0.014063 0.068056
3 0.940234 0.327778 0.011719 0.061111
3 0.903125 0.318750 0.017188 0.062500
1 0.683203 0.225000 0.008594 0.027778
