7 0.428906 0.246528 0.010937 0.018056
7 0.412891 0.268056 0.035156 0.061111
7 0.366016 0.286111 0.071094 0.102778
7 0.128906 0.277083 0.046875 0.056944
7 0.551562 0.279861 0.053125 0.070833
5 0.525781 0.243750 0.046875 0.095833
0 0.029297 0.210417 0.058594 0.162500
7 0.055859 0.311111 0.111719 0.113889
7 0.464062 0.287500 0.082812 0.147222
7 0.246875 0.324306 0.214062 0.251389
7 0.624219 0.297222 0.128125 0.158333
2 0.073047 0.011806 0.050781 0.020833
2 0.794531 0.131250 0.026562 0.043056
2 0.775000 0.132639 0.021875 0.051389
1 0.776563 0.051389 0.031250 0.102778
1 0.751953 0.045833 0.027344 0.088889
