7 0.003906 0.355556 0.007812 0.027778
7 0.026953 0.359028 0.038281 0.023611
7 0.062891 0.352778 0.032031 0.038889
7 0.075781 0.365278 0.039062 0.044444
7 0.171875 0.368056 0.035937 0.041667
7 0.224219 0.356250 0.054688 0.081944
7 0.123828 0.370139 0.050781 0.054167
7 0.201563 0.382639 0.056250 0.062500
7 0.353516 0.390972 0.078906 0.090278
7 0.640625 0.439583 0.357812 0.381944
7 0.476172 0.390972 0.049219 0.090278
2 0.029297 0.230556 0.058594 0.091667
2 0.033594 0.295833 0.034375 0.038889
2 0.153125 0.247917 0.084375 0.093056
2 0.201953 0.327778 0.011719 0.030556
2 0.271094 0.358333 0.009375 0.016667
