7 0.470703 0.512500 0.016406 0.027778
7 0.441016 0.507639 0.014844 0.018056
7 0.419531 0.505556 0.021875 0.013889
7 0.389844 0.504167 0.025000 0.016667
7 0.341406 0.503472 0.035937 0.023611
7 0.174219 0.515278 0.043750 0.022222
7 0.575781 0.513194 0.029687 0.026389
7 0.596094 0.514583 0.015625 0.031944
7 0.026562 0.495139 0.053125 0.056944
7 0.919531 0.585417 0.157812 0.445833
7 0.522656 0.562500 0.120313 0.158333
7 0.635547 0.529861 0.094531 0.101389
7 0.746484 0.530556 0.107031 0.094444
0 0.645312 0.472917 0.057813 0.068056
