1 0.798047 0.306250 0.017969 0.051389
1 0.562500 0.358333 0.009375 0.044444
1 0.554688 0.361111 0.009375 0.036111
1 0.332031 0.369444 0.009375 0.038889
1 0.163672 0.447222 0.011719 0.038889
2 0.577734 0.463194 0.011719 0.034722
2 0.273828 0.489583 0.014844 0.023611
2 0.663281 0.431944 0.023438 0.013889
2 0.862891 0.327083 0.025781 0.037500
2 0.876563 0.240278 0.012500 0.083333
2 0.893359 0.363194 0.025781 0.045833
2 0.898047 0.409722 0.046094 0.044444
3 0.201172 0.538194 0.014844 0.059722
3 0.175391 0.584722 0.019531 0.125000
3 0.156250 0.577083 0.020313 0.129167
3 0.138281 0.561806 0.015625 0.101389
3 0.118359 0.558333 0.021094 0.075000
3 0.101562 0.564583 0.012500 0.084722
3 0.082031 0.572222 0.028125 0.102778
3 0.055469 0.584722 0.018750 0.125000
3 0.042188 0.584722 0.028125 0.113889
3 0.020313 0.569444 0.023438 0.080556
3 0.003516 0.565278 0.007031 0.061111
3 0.622266 0.527083 0.008594 0.018056
3 0.678516 0.524306 0.010156 0.020833
3 0.692578 0.523611 0.010156 0.025000
3 0.710547 0.522917 0.016406 0.037500
3 0.760938 0.561806 0.015625 0.070833
3 0.738281 0.529861 0.015625 0.051389
3 0.799219 0.558333 0.026562 0.080556
3 0.830469 0.546528 0.012500 0.048611
3 0.843750 0.560417 0.031250 0.062500
3 0.855469 0.546528 0.009375 0.070833
3 0.878906 0.559722 0.015625 0.075000
3 0.893750 0.538889 0.007812 0.036111
3 0.905078 0.553472 0.021094 0.056944
3 0.933203 0.546528 0.014844 0.076389
3 0.961328 0.556944 0.028906 0.097222
3 0.980078 0.531250 0.016406 0.059722
3 0.992188 0.554167 0.012500 0.083333
0 0.499219 0.509028 0.040625 0.073611
7 0.535156 0.531250 0.026562 0.037500
7 0.534766 0.536111 0.017969 0.041667
7 0.546875 0.540972 0.018750 0.037500
7 0.573438 0.552083 0.043750 0.054167
7 0.465234 0.520833 0.016406 0.016667
7 0.450391 0.518056 0.016406 0.022222
7 0.435547 0.525694 0.021094 0.034722
7 0.418750 0.520833 0.015625 0.025000
7 0.410156 0.525000 0.015625 0.022222
7 0.394141 0.543056 0.035156 0.050000
7 0.619531 0.567361 0.048438 0.062500
7 0.689844 0.638194 0.206250 0.206944
7 0.297266 0.544444 0.053906 0.075000
7 0.351562 0.566667 0.092188 0.144444
7 0.022266 0.643750 0.044531 0.129167
7 0.892578 0.790972 0.210156 0.412500
1 0.157031 0.493056 0.009375 0.016667
