7 0.284766 0.734722 0.042969 0.075000
7 0.276562 0.743750 0.035937 0.065278
7 0.381641 0.710417 0.024219 0.034722
7 0.410938 0.715972 0.040625 0.051389
7 0.368750 0.729861 0.015625 0.048611
7 0.465234 0.715278 0.014844 0.030556
7 0.498437 0.731250 0.048438 0.070833
7 0.430859 0.758333 0.094531 0.133333
7 0.322656 0.715972 0.009375 0.020833
7 0.342578 0.740972 0.047656 0.070833
7 0.241406 0.758333 0.068750 0.100000
7 0.592187 0.828472 0.257812 0.293056
1 0.728125 0.527083 0.021875 0.104167
1 0.692969 0.561111 0.020313 0.061111
2 0.714844 0.623611 0.032813 0.052778
2 0.724609 0.445833 0.025781 0.036111
1 0.350000 0.185417 0.037500 0.148611
1 0.161328 0.521528 0.028906 0.131944
2 0.348047 0.088889 0.024219 0.036111
2 0.075391 0.536806 0.042969 0.056944
2 0.072266 0.593750 0.036719 0.043056
2 0.191406 0.643750 0.020313 0.045833
2 0.494922 0.666667 0.010156 0.041667
3 0.976172 0.709722 0.028906 0.113889
