2 0.195703 0.140278 0.053906 0.047222
2 0.127734 0.116667 0.044531 0.055556
2 0.073047 0.093056 0.038281 0.047222
7 0.627344 0.371528 0.060937 0.062500
7 0.596094 0.370139 0.082812 0.093056
7 0.578906 0.381944 0.075000 0.108333
7 0.544531 0.366667 0.068750 0.097222
7 0.522266 0.387500 0.107031 0.111111
7 0.488672 0.418750 0.132031 0.173611
7 0.414453 0.384028 0.083594 0.179167
7 0.854297 0.356250 0.046094 0.056944
7 0.888281 0.361111 0.079687 0.069444
7 0.935937 0.352083 0.126562 0.098611
7 0.943750 0.370139 0.110937 0.093056
7 0.210156 0.454861 0.420312 0.384722
7 0.112109 0.515278 0.224219 0.402778
7 0.799219 0.358333 0.043750 0.061111
7 0.750000 0.358333 0.039062 0.061111
7 0.705078 0.140278 0.050781 0.019444
7 0.896094 0.121528 0.042188 0.018056
5 0.964063 0.116667 0.062500 0.019444
5 0.488672 0.160417 0.078906 0.020833
7 0.090234 0.193056 0.038281 0.022222
