1 0.785547 0.252778 0.013281 0.030556
1 0.374609 0.306944 0.005469 0.013889
7 0.283984 0.384722 0.033594 0.055556
7 0.258203 0.395139 0.028906 0.056944
7 0.230469 0.402083 0.042188 0.073611
7 0.195703 0.406250 0.039844 0.079167
2 0.766797 0.186111 0.041406 0.025000
2 0.761328 0.216667 0.027344 0.033333
4 0.634375 0.409722 0.015625 0.052778
8 0.630859 0.359028 0.014844 0.034722
3 0.778125 0.389583 0.026562 0.118056
3 0.517578 0.385417 0.016406 0.068056
7 0.502734 0.359722 0.033594 0.041667
7 0.447266 0.373611 0.013281 0.025000
7 0.373437 0.372917 0.015625 0.037500
7 0.361719 0.372917 0.010937 0.023611
7 0.547266 0.377083 0.038281 0.051389
7 0.119922 0.411111 0.117969 0.113889
7 0.413672 0.409028 0.066406 0.093056
7 0.487109 0.398611 0.053906 0.086111
7 0.563672 0.401389 0.067969 0.088889
7 0.407422 0.336806 0.052344 0.048611
7 0.332422 0.371528 0.039844 0.034722
2 0.692969 0.038194 0.042188 0.076389
