1 0.583203 0.369444 0.011719 0.025000
1 0.514453 0.279167 0.011719 0.038889
3 0.186328 0.372222 0.022656 0.050000
3 0.614062 0.413194 0.012500 0.045833
3 0.592187 0.417361 0.014063 0.048611
3 0.490234 0.418056 0.030469 0.108333
3 0.436328 0.413889 0.017969 0.100000
3 0.426563 0.413194 0.023438 0.106944
8 0.367188 0.397917 0.025000 0.106944
3 0.315234 0.404167 0.011719 0.047222
1 0.308594 0.298611 0.006250 0.022222
2 0.307812 0.315278 0.017188 0.013889
7 0.371484 0.411111 0.075781 0.041667
7 0.394531 0.394444 0.023438 0.030556
7 0.454688 0.420833 0.017188 0.013889
7 0.523828 0.418056 0.032031 0.041667
6 0.554297 0.424306 0.027344 0.029167
8 0.554688 0.409028 0.020313 0.040278
7 0.477344 0.419444 0.015625 0.025000
7 0.157031 0.489583 0.192188 0.201389
7 0.038281 0.585417 0.076563 0.320833
3 0.757422 0.393750 0.024219 0.054167
7 0.663281 0.468750 0.129688 0.168056
7 0.782813 0.538194 0.245312 0.243056
7 0.911719 0.643056 0.173437 0.375000
1 0.317969 0.354167 0.012500 0.019444
6 0.366016 0.434028 0.025781 0.081944
