1 0.689063 0.075694 0.023438 0.101389
1 0.153516 0.406250 0.014844 0.062500
1 0.130859 0.459722 0.014844 0.030556
1 0.394141 0.343056 0.013281 0.050000
1 0.881250 0.100694 0.028125 0.106944
2 0.736328 0.070139 0.038281 0.070833
2 0.439453 0.470833 0.053906 0.052778
2 0.496484 0.484722 0.013281 0.027778
2 0.423047 0.533333 0.017969 0.044444
7 0.305078 0.527083 0.038281 0.065278
7 0.473047 0.518056 0.021094 0.033333
5 0.603516 0.513194 0.032031 0.023611
5 0.535156 0.515972 0.026562 0.023611
5 0.387109 0.502083 0.021094 0.020833
7 0.252344 0.540278 0.070312 0.072222
7 0.348438 0.538889 0.062500 0.088889
2 0.947266 0.478472 0.019531 0.037500
7 0.952344 0.506250 0.028125 0.023611
2 0.291016 0.453472 0.036719 0.020833
