2 0.018359 0.216667 0.021094 0.116667
3 0.166016 0.384028 0.024219 0.129167
3 0.151172 0.411111 0.019531 0.263889
3 0.199609 0.393056 0.022656 0.119444
3 0.221094 0.390972 0.025000 0.140278
3 0.239063 0.398611 0.025000 0.113889
3 0.259766 0.381250 0.024219 0.076389
1 0.287891 0.265278 0.013281 0.036111
1 0.267969 0.257639 0.021875 0.048611
2 0.274609 0.179167 0.035156 0.022222
2 0.300000 0.072222 0.039062 0.030556
0 0.235156 0.311111 0.392188 0.208333
1 0.465625 0.213889 0.009375 0.038889
1 0.465625 0.327778 0.009375 0.019444
1 0.485156 0.336111 0.007812 0.016667
1 0.441406 0.333333 0.009375 0.013889
3 0.453906 0.363194 0.012500 0.045833
3 0.468750 0.381944 0.020313 0.072222
3 0.488672 0.370139 0.019531 0.087500
8 0.499609 0.411806 0.035156 0.137500
4 0.495312 0.451389 0.035937 0.102778
3 0.510156 0.366667 0.009375 0.047222
3 0.521484 0.409028 0.022656 0.112500
3 0.529297 0.372917 0.007031 0.034722
2 0.569141 0.322222 0.011719 0.025000
3 0.583203 0.393750 0.011719 0.054167
3 0.592187 0.393750 0.018750 0.068056
3 0.607812 0.406250 0.026562 0.118056
3 0.644141 0.388194 0.007031 0.031944
3 0.655859 0.393056 0.007031 0.030556
3 0.663672 0.393750 0.010156 0.043056
3 0.678125 0.404167 0.006250 0.047222
3 0.705469 0.413194 0.026562 0.106944
3 0.685156 0.415278 0.020313 0.100000
3 0.626172 0.413889 0.024219 0.122222
3 0.798828 0.425694 0.021094 0.115278
3 0.814844 0.427083 0.025000 0.106944
3 0.867969 0.432639 0.029687 0.109722
3 0.904297 0.432639 0.022656 0.101389
3 0.924609 0.436806 0.028906 0.120833
0 0.865625 0.375000 0.264062 0.197222
1 0.928516 0.218750 0.016406 0.048611
1 0.715625 0.226389 0.007812 0.041667
1 0.724609 0.223611 0.007031 0.050000
7 0.357031 0.580556 0.325000 0.447222
3 0.573828 0.386111 0.005469 0.025000
3 0.568359 0.386111 0.005469 0.030556
3 0.563281 0.387500 0.004687 0.027778
3 0.554688 0.384028 0.004687 0.020833
3 0.547656 0.386111 0.004687 0.025000
2 0.639844 0.316667 0.009375 0.033333
