1 0.478516 0.297222 0.013281 0.061111
1 0.658203 0.363194 0.014844 0.043056
1 0.676172 0.473611 0.016406 0.027778
1 0.464062 0.298611 0.015625 0.058333
2 0.657031 0.461111 0.020313 0.033333
2 0.657031 0.407639 0.028125 0.023611
2 0.183594 0.310417 0.056250 0.109722
3 0.912109 0.550694 0.025781 0.126389
3 0.834766 0.556250 0.027344 0.123611
3 0.147656 0.598611 0.015625 0.066667
1 0.405078 0.508333 0.007031 0.022222
8 0.589063 0.579861 0.037500 0.156944
8 0.551562 0.570139 0.025000 0.109722
8 0.515234 0.569444 0.013281 0.055556
4 0.514062 0.581250 0.018750 0.043056
4 0.552344 0.596528 0.023438 0.087500
4 0.590234 0.613889 0.036719 0.122222
3 0.652344 0.557639 0.010937 0.056944
3 0.640625 0.565972 0.015625 0.076389
3 0.785937 0.539583 0.017188 0.095833
7 0.235156 0.606944 0.096875 0.130556
7 0.494531 0.568056 0.017188 0.022222
7 0.523828 0.565972 0.011719 0.040278
7 0.534375 0.570139 0.014063 0.048611
7 0.557422 0.576389 0.039844 0.055556
7 0.416406 0.574306 0.015625 0.023611
7 0.457813 0.579861 0.043750 0.068056
7 0.325391 0.590278 0.063281 0.080556
7 0.065234 0.662500 0.130469 0.163889
2 0.011719 0.554861 0.023438 0.023611
3 0.886719 0.525000 0.023438 0.044444
