7 0.037109 0.571528 0.074219 0.195833
0 0.792969 0.533333 0.410938 0.736111
7 0.603516 0.543750 0.055469 0.095833
7 0.562500 0.550000 0.054688 0.083333
7 0.523438 0.544444 0.032813 0.066667
7 0.375781 0.519444 0.046875 0.075000
7 0.285938 0.527778 0.071875 0.091667
7 0.449609 0.518056 0.030469 0.044444
7 0.203125 0.518056 0.079687 0.097222
5 0.252734 0.469444 0.066406 0.100000
7 0.340625 0.513194 0.018750 0.037500
7 0.325000 0.500694 0.017188 0.029167
3 0.486719 0.522222 0.015625 0.038889
2 0.442578 0.475000 0.011719 0.016667
2 0.655859 0.410417 0.011719 0.026389
