7 0.168750 0.347917 0.201563 0.148611
7 0.560547 0.295833 0.032031 0.044444
7 0.373047 0.310417 0.060156 0.073611
7 0.621094 0.309028 0.040625 0.054167
7 0.789062 0.367361 0.179688 0.195833
7 0.408203 0.307639 0.021094 0.051389
7 0.430859 0.296528 0.032031 0.040278
7 0.452734 0.297917 0.017969 0.034722
5 0.465234 0.287500 0.022656 0.041667
7 0.487500 0.291667 0.018750 0.033333
7 0.501563 0.285417 0.009375 0.018056
7 0.511719 0.285417 0.007812 0.018056
7 0.605469 0.291667 0.035937 0.047222
7 0.587500 0.294444 0.015625 0.027778
7 0.521875 0.249306 0.012500 0.015278
7 0.568359 0.254861 0.010156 0.023611
7 0.526172 0.238889 0.011719 0.013889
7 0.530859 0.222917 0.010156 0.009722
7 0.567578 0.236806 0.011719 0.009722
7 0.544531 0.204861 0.009375 0.015278
