7 0.628906 0.454167 0.104688 0.119444
7 0.128906 0.491667 0.257812 0.311111
7 0.291406 0.461111 0.117188 0.138889
7 0.360156 0.434028 0.059375 0.079167
7 0.377734 0.422222 0.053906 0.080556
7 0.403125 0.415278 0.032813 0.077778
7 0.595313 0.418750 0.084375 0.115278
7 0.554688 0.419444 0.028125 0.069444
7 0.536719 0.413194 0.020313 0.062500
7 0.522656 0.405556 0.020313 0.038889
7 0.429297 0.407639 0.016406 0.043056
7 0.443359 0.402778 0.011719 0.033333
7 0.455469 0.397917 0.010937 0.023611
7 0.505078 0.400000 0.010156 0.030556
2 0.630078 0.325000 0.014844 0.033333
