2 0.632031 0.194444 0.060937 0.033333
2 0.663281 0.219444 0.025000 0.041667
2 0.701172 0.281250 0.021094 0.015278
2 0.283984 0.109722 0.030469 0.058333
2 0.281250 0.255556 0.020313 0.044444
2 0.284375 0.311806 0.026562 0.048611
1 0.282031 0.178472 0.014063 0.068056
1 0.599219 0.169444 0.012500 0.058333
1 0.697656 0.229861 0.010937 0.054167
1 0.582031 0.170833 0.014063 0.058333
1 0.608594 0.171528 0.010937 0.051389
1 0.696875 0.350694 0.015625 0.026389
1 0.678906 0.350694 0.012500 0.031944
2 0.864062 0.279861 0.015625 0.029167
2 0.866797 0.303472 0.011719 0.018056
2 0.555078 0.350694 0.013281 0.029167
3 0.929297 0.451389 0.016406 0.080556
3 0.910937 0.450694 0.020313 0.084722
3 0.908984 0.461111 0.024219 0.063889
3 0.612109 0.424306 0.010156 0.054167
3 0.556250 0.425694 0.012500 0.054167
3 0.061328 0.395139 0.016406 0.062500
7 0.401172 0.420139 0.010156 0.015278
7 0.366797 0.418056 0.010156 0.019444
7 0.357031 0.421528 0.015625 0.018056
7 0.335938 0.415972 0.014063 0.020833
7 0.322266 0.420833 0.011719 0.019444
7 0.306250 0.415972 0.020313 0.029167
7 0.284766 0.409722 0.028906 0.055556
7 0.258203 0.411111 0.028906 0.047222
7 0.175391 0.405556 0.038281 0.058333
7 0.485938 0.427778 0.025000 0.033333
5 0.433984 0.419444 0.013281 0.025000
5 0.511719 0.427083 0.034375 0.051389
5 0.450391 0.425694 0.010156 0.018056
5 0.425781 0.423611 0.014063 0.022222
5 0.214453 0.404861 0.072656 0.073611
5 0.106641 0.403472 0.085156 0.068056
2 0.292578 0.188889 0.010156 0.050000
2 0.857812 0.300000 0.006250 0.011111
2 0.682813 0.270139 0.012500 0.012500
