1 0.025781 0.386111 0.031250 0.041667
1 0.018359 0.422917 0.028906 0.023611
1 0.921094 0.188889 0.015625 0.075000
1 0.898047 0.192361 0.017969 0.068056
1 0.297266 0.374306 0.010156 0.045833
1 0.316797 0.456944 0.013281 0.019444
2 0.424219 0.409722 0.015625 0.008333
2 0.431641 0.392361 0.017969 0.012500
1 0.533203 0.326389 0.007031 0.041667
1 0.523047 0.327778 0.008594 0.044444
3 0.014453 0.543056 0.027344 0.130556
3 0.101172 0.571528 0.050781 0.204167
3 0.056250 0.585417 0.029687 0.198611
3 0.157422 0.579167 0.033594 0.186111
3 0.215625 0.566667 0.034375 0.202778
3 0.263281 0.581944 0.053125 0.183333
3 0.337109 0.593056 0.053906 0.222222
3 0.830859 0.641667 0.069531 0.277778
3 0.020313 0.545833 0.015625 0.102778
3 0.062109 0.499306 0.013281 0.051389
3 0.128906 0.527083 0.014063 0.059722
3 0.189453 0.559722 0.025781 0.125000
3 0.248828 0.580556 0.019531 0.155556
3 0.289062 0.570833 0.025000 0.155556
3 0.329688 0.566667 0.039062 0.227778
3 0.370703 0.570139 0.044531 0.198611
3 0.390234 0.563194 0.038281 0.162500
3 0.423828 0.559722 0.028906 0.138889
3 0.462891 0.500000 0.014844 0.061111
3 0.448047 0.586806 0.033594 0.209722
3 0.504687 0.554861 0.020313 0.154167
3 0.555469 0.564583 0.025000 0.159722
3 0.530469 0.559722 0.021875 0.138889
3 0.609766 0.554861 0.083594 0.195833
3 0.732422 0.618056 0.038281 0.247222
3 0.748437 0.590972 0.034375 0.220833
3 0.768359 0.591667 0.033594 0.188889
3 0.798828 0.550000 0.022656 0.144444
3 0.824219 0.584722 0.031250 0.230556
3 0.853906 0.613194 0.032813 0.231944
3 0.931250 0.585417 0.031250 0.190278
3 0.963281 0.659028 0.070312 0.284722
3 0.975391 0.547917 0.033594 0.123611
3 0.701172 0.376389 0.016406 0.036111
3 0.722656 0.376389 0.018750 0.041667
3 0.752344 0.377778 0.015625 0.055556
3 0.782031 0.381250 0.025000 0.040278
3 0.805859 0.383333 0.022656 0.036111
3 0.826172 0.381944 0.022656 0.038889
3 0.842187 0.375694 0.020313 0.051389
3 0.865234 0.377083 0.024219 0.051389
3 0.893750 0.384028 0.020313 0.043056
3 0.917969 0.384722 0.014063 0.036111
3 0.929297 0.376389 0.017969 0.041667
7 0.320703 0.544444 0.127344 0.108333
7 0.403125 0.533333 0.087500 0.094444
5 0.594531 0.593750 0.273438 0.420833
0 0.829297 0.481250 0.338281 0.270833
