1 0.256641 0.036806 0.024219 0.073611
1 0.228906 0.038889 0.025000 0.069444
1 0.108594 0.115278 0.017188 0.066667
1 0.089453 0.109722 0.021094 0.072222
2 0.082812 0.203472 0.037500 0.026389
2 0.044922 0.235417 0.055469 0.020833
2 0.103516 0.241667 0.028906 0.025000
1 0.076172 0.330556 0.019531 0.036111
1 0.055859 0.331250 0.025781 0.034722
3 0.011719 0.489583 0.023438 0.201389
2 0.236328 0.318056 0.014844 0.050000
2 0.979297 0.159028 0.038281 0.029167
2 0.990625 0.317361 0.015625 0.056944
1 0.946094 0.308333 0.031250 0.041667
3 0.934766 0.454861 0.022656 0.148611
1 0.497266 0.352778 0.007031 0.022222
1 0.442578 0.352778 0.008594 0.016667
7 0.468359 0.427083 0.011719 0.018056
7 0.482812 0.429167 0.012500 0.022222
7 0.494141 0.427778 0.010156 0.027778
3 0.459375 0.416667 0.007812 0.016667
7 0.442578 0.422917 0.035156 0.026389
5 0.515625 0.402083 0.032813 0.084722
5 0.521484 0.408333 0.032031 0.072222
7 0.544922 0.452778 0.050781 0.072222
7 0.332031 0.428472 0.057813 0.095833
7 0.301172 0.456944 0.047656 0.072222
7 0.244141 0.471528 0.091406 0.098611
3 0.618359 0.432639 0.008594 0.065278
3 0.626563 0.436806 0.010937 0.087500
3 0.608984 0.430556 0.013281 0.075000
3 0.650000 0.439583 0.017188 0.101389
3 0.631641 0.452778 0.014844 0.097222
3 0.596094 0.434722 0.015625 0.075000
