2 0.101172 0.352778 0.011719 0.019444
2 0.343359 0.359722 0.010156 0.016667
3 0.207422 0.434722 0.016406 0.066667
7 0.247266 0.423611 0.017969 0.027778
7 0.260156 0.425694 0.006250 0.026389
7 0.268750 0.424306 0.014063 0.026389
7 0.268359 0.431250 0.011719 0.029167
7 0.273047 0.435417 0.010156 0.034722
7 0.286719 0.436111 0.025000 0.047222
7 0.292187 0.445139 0.015625 0.045833
7 0.298828 0.446528 0.019531 0.059722
7 0.316406 0.446528 0.032813 0.079167
7 0.186719 0.436111 0.010937 0.041667
7 0.212109 0.431250 0.047656 0.081944
7 0.171875 0.440972 0.032813 0.056944
7 0.169531 0.445139 0.026562 0.051389
7 0.132812 0.443056 0.068750 0.083333
7 0.120703 0.453472 0.042969 0.076389
7 0.367188 0.464583 0.089063 0.106944
7 0.844141 0.486806 0.277344 0.179167
7 0.989062 0.529861 0.018750 0.084722
7 0.058594 0.450000 0.117188 0.133333
