7 0.230078 0.520139 0.152344 0.123611
7 0.445312 0.496528 0.110937 0.170833
7 0.738281 0.559722 0.232813 0.247222
7 0.314063 0.497917 0.045312 0.056944
7 0.348438 0.497222 0.009375 0.044444
7 0.337891 0.493750 0.008594 0.037500
7 0.358984 0.493750 0.010156 0.043056
7 0.386719 0.484722 0.015625 0.036111
7 0.369141 0.481250 0.010156 0.026389
7 0.519141 0.489583 0.030469 0.059722
7 0.557031 0.504167 0.079687 0.105556
7 0.619141 0.538194 0.088281 0.159722
2 0.080469 0.488889 0.075000 0.141667
2 0.585547 0.390972 0.021094 0.040278
2 0.598437 0.363194 0.026562 0.012500
2 0.938672 0.107639 0.050781 0.106944
2 0.939844 0.204167 0.050000 0.075000
2 0.302734 0.413194 0.013281 0.034722
1 0.391797 0.376389 0.005469 0.019444
1 0.471094 0.375694 0.006250 0.015278
1 0.352734 0.450000 0.008594 0.025000
1 0.398438 0.373611 0.004687 0.025000
1 0.476562 0.378472 0.004687 0.020833
1 0.526172 0.427778 0.007031 0.022222
2 0.004687 0.157639 0.009375 0.020833
2 0.003516 0.178472 0.007031 0.018056
