2 0.689453 0.344444 0.027344 0.013889
2 0.670312 0.393750 0.029687 0.054167
3 0.352344 0.541667 0.021875 0.094444
2 0.217969 0.460417 0.021875 0.012500
2 0.524609 0.482639 0.008594 0.020833
7 0.479297 0.523611 0.010156 0.016667
7 0.463281 0.522222 0.007812 0.013889
7 0.454688 0.522222 0.006250 0.013889
7 0.448437 0.523611 0.009375 0.011111
7 0.441406 0.524306 0.007812 0.018056
7 0.433594 0.525000 0.009375 0.013889
7 0.426953 0.529167 0.007031 0.019444
7 0.420312 0.529167 0.009375 0.027778
7 0.406641 0.529167 0.024219 0.036111
7 0.397266 0.535417 0.017969 0.040278
7 0.377734 0.539583 0.036719 0.048611
7 0.287109 0.576389 0.072656 0.122222
7 0.182812 0.586111 0.165625 0.216667
7 0.488672 0.527083 0.008594 0.023611
7 0.495703 0.525694 0.011719 0.020833
7 0.507031 0.529167 0.017188 0.027778
7 0.525391 0.531944 0.027344 0.047222
7 0.544922 0.538889 0.033594 0.050000
7 0.653125 0.548611 0.112500 0.155556
7 0.749609 0.579861 0.189844 0.184722
7 0.889844 0.648611 0.217188 0.363889
7 0.061719 0.604861 0.121875 0.293056
