7 0.509375 0.440278 0.010937 0.019444
7 0.501563 0.443750 0.012500 0.018056
7 0.491016 0.445833 0.016406 0.022222
7 0.482422 0.446528 0.014844 0.026389
7 0.471484 0.448611 0.014844 0.022222
7 0.455859 0.451389 0.019531 0.036111
7 0.444531 0.455556 0.010937 0.041667
7 0.430469 0.455556 0.026562 0.036111
7 0.414062 0.459722 0.037500 0.036111
7 0.564453 0.438889 0.014844 0.025000
7 0.637109 0.442361 0.033594 0.040278
7 0.644922 0.449306 0.016406 0.045833
7 0.659766 0.454861 0.027344 0.065278
7 0.702734 0.430556 0.077344 0.138889
7 0.837891 0.469444 0.208594 0.216667
7 0.079297 0.505556 0.155469 0.155556
2 0.964063 0.088889 0.065625 0.083333
