2 0.299219 0.384028 0.020313 0.026389
2 0.454688 0.370833 0.040625 0.019444
2 0.592969 0.387500 0.012500 0.013889
2 0.441016 0.398611 0.021094 0.016667
2 0.545703 0.396528 0.011719 0.020833
2 0.621484 0.388889 0.010156 0.016667
2 0.487500 0.378472 0.010937 0.023611
7 0.053516 0.459722 0.107031 0.238889
7 0.261328 0.448611 0.092969 0.102778
7 0.360547 0.433333 0.094531 0.091667
7 0.315234 0.438889 0.019531 0.047222
7 0.407031 0.435417 0.015625 0.034722
7 0.426563 0.431944 0.026562 0.027778
7 0.465234 0.417361 0.016406 0.015278
7 0.448828 0.422917 0.013281 0.023611
7 0.512891 0.459028 0.069531 0.098611
7 0.632031 0.455556 0.095312 0.116667
7 0.932031 0.518056 0.132812 0.255556
7 0.573828 0.434028 0.041406 0.051389
7 0.542188 0.423611 0.014063 0.027778
7 0.450000 0.427778 0.015625 0.027778
