2 0.017188 0.418056 0.034375 0.022222
2 0.865625 0.352778 0.073438 0.052778
2 0.594922 0.452083 0.022656 0.015278
2 0.604688 0.372222 0.015625 0.011111
1 0.275000 0.295139 0.009375 0.054167
1 0.453516 0.334722 0.008594 0.044444
1 0.294141 0.295833 0.017969 0.055556
1 0.465234 0.339583 0.008594 0.048611
1 0.610938 0.482639 0.014063 0.018056
1 0.207813 0.496528 0.014063 0.023611
1 0.913281 0.370139 0.070312 0.068056
3 0.605469 0.547917 0.014063 0.059722
3 0.810937 0.575694 0.039062 0.081944
3 0.800781 0.574306 0.031250 0.104167
7 0.121484 0.666667 0.242969 0.322222
7 0.872266 0.748611 0.252344 0.480556
7 0.551953 0.616667 0.125781 0.208333
7 0.408594 0.590972 0.096875 0.156944
7 0.295312 0.559028 0.050000 0.059722
7 0.365625 0.556250 0.018750 0.054167
7 0.331250 0.552778 0.021875 0.047222
7 0.479297 0.558333 0.050781 0.080556
