1 0.450000 0.385417 0.009375 0.029167
1 0.429688 0.491667 0.007812 0.019444
1 0.654297 0.368056 0.010156 0.044444
1 0.644922 0.368056 0.007031 0.041667
1 0.991016 0.456944 0.016406 0.036111
2 0.964844 0.252083 0.050000 0.037500
2 0.984766 0.324306 0.028906 0.026389
2 0.984766 0.363194 0.028906 0.034722
2 0.791406 0.312500 0.012500 0.047222
7 0.499609 0.541667 0.014844 0.025000
7 0.521484 0.558333 0.036719 0.058333
7 0.548047 0.560417 0.021094 0.056944
7 0.587500 0.569444 0.073438 0.105556
7 0.636328 0.553472 0.032031 0.043056
7 0.345313 0.574306 0.085938 0.126389
7 0.442578 0.604861 0.133594 0.198611
7 0.149219 0.575000 0.298438 0.436111
7 0.792969 0.650694 0.412500 0.337500
2 0.080078 0.354861 0.046094 0.031944
2 0.083594 0.322917 0.023438 0.031944
2 0.702344 0.396528 0.026562 0.037500
2 0.250781 0.425000 0.040625 0.022222
2 0.758594 0.431250 0.035937 0.020833
