7 0.334766 0.450694 0.114844 0.120833
7 0.473438 0.411806 0.051562 0.070833
7 0.572656 0.438194 0.089063 0.123611
7 0.490625 0.392361 0.032813 0.056944
7 0.497656 0.354861 0.021875 0.015278
5 0.276562 0.369444 0.054688 0.091667
3 0.219531 0.416667 0.023438 0.125000
3 0.638672 0.386111 0.017969 0.061111
3 0.655078 0.379167 0.014844 0.047222
3 0.582031 0.362500 0.007812 0.030556
3 0.596094 0.359028 0.006250 0.029167
3 0.568750 0.363889 0.006250 0.019444
3 0.608594 0.363194 0.010937 0.037500
7 0.514062 0.364583 0.010937 0.034722
7 0.479297 0.359722 0.014844 0.013889
7 0.544141 0.368056 0.019531 0.027778
7 0.526563 0.352778 0.010937 0.019444
7 0.460156 0.356250 0.014063 0.018056
6 0.376172 0.388194 0.030469 0.029167
6 0.389844 0.384028 0.025000 0.026389
6 0.398828 0.380556 0.021094 0.025000
6 0.407031 0.377778 0.020313 0.025000
6 0.414453 0.374306 0.019531 0.026389
6 0.428516 0.370139 0.021094 0.026389
1 0.323437 0.322222 0.018750 0.036111
1 0.324609 0.257639 0.014844 0.068056
2 0.717578 0.231944 0.025781 0.055556
3 0.624609 0.384028 0.014844 0.054167
1 0.271094 0.301389 0.012500 0.025000
