2 0.435547 0.502778 0.014844 0.025000
2 0.757812 0.406944 0.023438 0.069444
2 0.772656 0.456944 0.020313 0.033333
2 0.776563 0.501389 0.021875 0.022222
2 0.777344 0.528472 0.010937 0.018056
7 0.582422 0.601389 0.019531 0.047222
7 0.598828 0.610417 0.027344 0.068056
7 0.566406 0.620833 0.031250 0.069444
7 0.543359 0.631944 0.047656 0.097222
7 0.538672 0.645139 0.030469 0.098611
7 0.512500 0.647222 0.051562 0.133333
7 0.767578 0.629861 0.058594 0.087500
7 0.815625 0.634028 0.084375 0.106944
7 0.914062 0.631250 0.167187 0.184722
7 0.969531 0.682639 0.056250 0.145833
7 0.664062 0.638889 0.128125 0.194444
7 0.445703 0.665972 0.144531 0.218056
7 0.053125 0.661806 0.015625 0.045833
7 0.043750 0.675000 0.020313 0.058333
7 0.020703 0.681250 0.038281 0.123611
7 0.014453 0.734722 0.027344 0.186111
2 0.073438 0.533333 0.017188 0.022222
