2 0.380078 0.436806 0.010156 0.031944
2 0.380469 0.447917 0.026562 0.018056
2 0.508984 0.443750 0.016406 0.018056
2 0.632812 0.383333 0.009375 0.027778
3 0.892969 0.505556 0.035937 0.088889
7 0.346484 0.499306 0.027344 0.026389
7 0.323437 0.493750 0.025000 0.026389
7 0.303125 0.493750 0.015625 0.026389
7 0.286719 0.489583 0.034375 0.045833
7 0.252344 0.494444 0.050000 0.055556
7 0.182422 0.493056 0.085156 0.094444
7 0.060937 0.502778 0.121875 0.119444
7 0.411328 0.497917 0.008594 0.018056
7 0.419141 0.498611 0.011719 0.016667
7 0.428906 0.502778 0.014063 0.019444
7 0.393359 0.499306 0.025781 0.043056
7 0.444141 0.502778 0.011719 0.019444
7 0.458594 0.505556 0.017188 0.030556
7 0.046484 0.639583 0.092969 0.273611
7 0.480469 0.513889 0.017188 0.047222
7 0.496484 0.513194 0.044531 0.079167
7 0.521484 0.525694 0.058594 0.104167
7 0.566797 0.541667 0.096094 0.152778
7 0.654687 0.576389 0.181250 0.230556
7 0.873828 0.747917 0.252344 0.493056
5 0.126953 0.413194 0.205469 0.156944
