7 0.378906 0.377083 0.025000 0.026389
7 0.400781 0.378472 0.025000 0.029167
7 0.462109 0.384028 0.028906 0.040278
7 0.326172 0.389583 0.030469 0.054167
7 0.281641 0.386806 0.067969 0.095833
7 0.185938 0.368056 0.067187 0.038889
7 0.612500 0.399306 0.092188 0.129167
7 0.656250 0.439583 0.126562 0.126389
7 0.789453 0.506250 0.217969 0.237500
7 0.426172 0.379167 0.027344 0.036111
7 0.489063 0.388889 0.042188 0.044444
7 0.231641 0.408333 0.100781 0.091667
5 0.353125 0.364583 0.042188 0.051389
7 0.077734 0.435417 0.155469 0.204167
7 0.937109 0.600694 0.124219 0.334722
