1 0.308594 0.138194 0.014063 0.068056
1 0.319531 0.140972 0.009375 0.070833
1 0.294922 0.141667 0.013281 0.063889
2 0.358594 0.398611 0.010937 0.016667
1 0.519922 0.338889 0.010156 0.036111
7 0.318359 0.423611 0.010156 0.013889
7 0.308984 0.431250 0.013281 0.015278
7 0.299219 0.425694 0.009375 0.018056
7 0.288281 0.426389 0.009375 0.019444
7 0.277344 0.431944 0.009375 0.025000
7 0.261719 0.432639 0.026562 0.031944
7 0.226953 0.434028 0.024219 0.034722
7 0.198437 0.438889 0.023438 0.030556
5 0.134375 0.409722 0.114062 0.163889
7 0.071094 0.453472 0.018750 0.037500
7 0.333984 0.431250 0.014844 0.018056
7 0.351562 0.427778 0.010937 0.016667
7 0.341016 0.433333 0.011719 0.022222
7 0.369922 0.429861 0.025781 0.037500
7 0.376172 0.440972 0.017969 0.037500
7 0.398438 0.440278 0.040625 0.072222
7 0.397266 0.452083 0.017969 0.059722
7 0.403906 0.457639 0.029687 0.068056
7 0.436328 0.467361 0.066406 0.087500
7 0.491016 0.487500 0.096094 0.136111
7 0.596094 0.536806 0.217188 0.226389
3 0.549219 0.411111 0.012500 0.030556
3 0.800000 0.447222 0.028125 0.119444
3 0.050000 0.441667 0.010937 0.058333
3 0.030469 0.444444 0.009375 0.055556
3 0.017188 0.442361 0.014063 0.059722
