1 0.348438 0.432639 0.007812 0.020833
1 0.416016 0.465278 0.010156 0.025000
1 0.398438 0.470833 0.004687 0.016667
1 0.311719 0.427083 0.007812 0.026389
7 0.330859 0.497917 0.019531 0.018056
7 0.310547 0.496528 0.010156 0.009722
7 0.321875 0.504861 0.017188 0.015278
7 0.310156 0.511111 0.025000 0.038889
7 0.281250 0.488194 0.026562 0.012500
7 0.282813 0.527083 0.059375 0.070833
7 0.510156 0.535417 0.043750 0.062500
7 0.558203 0.603472 0.103906 0.179167
7 0.261719 0.550000 0.043750 0.108333
7 0.714844 0.661111 0.289062 0.347222
7 0.192578 0.560417 0.136719 0.173611
0 0.068750 0.488889 0.090625 0.102778
7 0.075781 0.686111 0.151562 0.450000
7 0.898828 0.812500 0.200781 0.311111
7 0.413672 0.682639 0.266406 0.398611
