2 0.302344 0.370139 0.025000 0.018056
2 0.328906 0.373611 0.017188 0.016667
2 0.365625 0.374306 0.015625 0.018056
7 0.050781 0.409028 0.051562 0.020833
7 0.092969 0.411111 0.034375 0.011111
7 0.135937 0.412500 0.032813 0.013889
7 0.312500 0.411111 0.009375 0.011111
7 0.300781 0.434722 0.020313 0.027778
7 0.332422 0.425000 0.032031 0.047222
7 0.351562 0.417361 0.009375 0.012500
7 0.351953 0.441667 0.008594 0.013889
7 0.375000 0.435417 0.023438 0.026389
7 0.420312 0.434028 0.060937 0.087500
7 0.581250 0.455556 0.096875 0.108333
2 0.458203 0.334722 0.014844 0.022222
2 0.457422 0.356250 0.008594 0.012500
2 0.161328 0.326389 0.021094 0.038889
7 0.266797 0.407639 0.011719 0.018056
7 0.274609 0.420139 0.013281 0.018056
7 0.279687 0.404861 0.010937 0.012500
7 0.286719 0.412500 0.010937 0.016667
7 0.234766 0.423611 0.071094 0.088889
2 0.426563 0.344444 0.006250 0.013889
