7 0.376953 0.681250 0.488281 0.631944
1 0.205469 0.414583 0.004687 0.026389
1 0.156250 0.465972 0.004687 0.018056
1 0.141406 0.464583 0.007812 0.029167
1 0.135156 0.493056 0.009375 0.013889
1 0.200391 0.415278 0.002344 0.033333
1 0.209375 0.414583 0.006250 0.031944
2 0.188281 0.420833 0.012500 0.027778
2 0.486719 0.262500 0.053125 0.072222
2 0.497656 0.335417 0.018750 0.023611
2 0.493750 0.375000 0.026562 0.044444
7 0.200391 0.489583 0.022656 0.020833
7 0.153125 0.500000 0.015625 0.016667
7 0.064844 0.518056 0.028125 0.027778
2 0.062500 0.470833 0.014063 0.033333
2 0.103906 0.454861 0.007812 0.020833
