7 0.357812 0.410417 0.007812 0.018056
7 0.365234 0.411111 0.007031 0.025000
7 0.371484 0.415972 0.008594 0.023611
7 0.381641 0.419444 0.014844 0.033333
7 0.388672 0.422917 0.013281 0.034722
7 0.406250 0.427083 0.021875 0.048611
7 0.430859 0.422917 0.030469 0.059722
7 0.452344 0.424306 0.040625 0.084722
5 0.334766 0.398611 0.011719 0.022222
7 0.328906 0.405556 0.006250 0.013889
7 0.319922 0.404167 0.013281 0.030556
7 0.317578 0.417361 0.013281 0.034722
7 0.310547 0.417361 0.011719 0.034722
7 0.305469 0.422222 0.015625 0.044444
7 0.297266 0.425000 0.011719 0.055556
7 0.271875 0.425000 0.048438 0.083333
7 0.570703 0.417361 0.035156 0.043056
7 0.953906 0.459028 0.089063 0.209722
7 0.207813 0.429167 0.096875 0.119444
2 0.104297 0.283333 0.049219 0.086111
3 0.014453 0.419444 0.028906 0.136111
2 0.007031 0.098611 0.014063 0.022222
2 0.006641 0.057639 0.013281 0.026389
