2 0.164062 0.229861 0.109375 0.256944
7 0.082031 0.483333 0.060937 0.058333
7 0.012891 0.503472 0.025781 0.037500
7 0.707812 0.504167 0.139063 0.163889
7 0.611719 0.486111 0.065625 0.105556
7 0.549609 0.477083 0.057031 0.065278
7 0.517188 0.465278 0.029687 0.072222
7 0.488281 0.470833 0.029687 0.050000
7 0.474219 0.473611 0.015625 0.047222
7 0.457813 0.469444 0.029687 0.044444
7 0.440234 0.463194 0.022656 0.037500
7 0.408594 0.461111 0.020313 0.050000
7 0.386719 0.459028 0.010937 0.015278
7 0.374609 0.454861 0.016406 0.020833
7 0.360547 0.455556 0.016406 0.019444
8 0.421875 0.472917 0.020313 0.059722
6 0.423828 0.496528 0.017969 0.045833
