7 0.446094 0.277778 0.007812 0.013889
7 0.439844 0.281944 0.010937 0.011111
7 0.437109 0.297222 0.014844 0.013889
7 0.434766 0.302778 0.014844 0.016667
7 0.428125 0.314583 0.017188 0.020833
7 0.473828 0.278472 0.013281 0.015278
7 0.482031 0.272222 0.009375 0.013889
7 0.486328 0.286806 0.013281 0.012500
7 0.490234 0.300000 0.011719 0.016667
7 0.496484 0.315972 0.011719 0.015278
7 0.488672 0.326389 0.013281 0.016667
7 0.498437 0.338889 0.017188 0.025000
7 0.503516 0.352778 0.019531 0.027778
7 0.558984 0.410417 0.039844 0.054167
7 0.525000 0.398611 0.031250 0.038889
7 0.395703 0.386111 0.013281 0.030556
7 0.389062 0.388194 0.012500 0.031944
7 0.380859 0.389583 0.016406 0.034722
7 0.361328 0.389583 0.030469 0.045833
7 0.243750 0.406250 0.075000 0.095833
7 0.455859 0.276389 0.011719 0.016667
7 0.477344 0.294444 0.012500 0.011111
7 0.423828 0.329167 0.019531 0.027778
7 0.412891 0.360417 0.017969 0.029167
7 0.325000 0.393056 0.046875 0.058333
7 0.612500 0.418056 0.089063 0.108333
7 0.135937 0.418750 0.145313 0.134722
7 0.021094 0.449306 0.042188 0.165278
7 0.505078 0.371528 0.017969 0.023611
