2 0.561719 0.354861 0.012500 0.020833
2 0.563281 0.372222 0.010937 0.016667
2 0.557422 0.332639 0.021094 0.012500
2 0.398438 0.347917 0.010937 0.018056
2 0.398438 0.329167 0.020313 0.008333
1 0.472266 0.293056 0.010156 0.036111
2 0.594922 0.376389 0.010156 0.025000
1 0.514453 0.328472 0.008594 0.020833
1 0.461719 0.290972 0.009375 0.029167
1 0.388672 0.292361 0.011719 0.031944
1 0.380859 0.331944 0.010156 0.027778
2 0.297266 0.341667 0.017969 0.022222
1 0.205078 0.345139 0.008594 0.026389
1 0.123047 0.302778 0.011719 0.030556
2 0.111328 0.279861 0.010156 0.029167
2 0.647656 0.304861 0.023438 0.043056
7 0.561719 0.417361 0.021875 0.037500
7 0.582031 0.438194 0.051562 0.087500
7 0.621875 0.461111 0.090625 0.111111
7 0.460938 0.422222 0.035937 0.055556
5 0.420703 0.402778 0.036719 0.069444
5 0.335547 0.422917 0.025781 0.054167
7 0.111719 0.452778 0.146875 0.083333
7 0.489063 0.475694 0.098437 0.134722
7 0.757812 0.478472 0.251563 0.306944
7 0.526172 0.445833 0.017969 0.055556
