0 0.272266 0.557639 0.103906 0.126389
7 0.105469 0.592361 0.210938 0.323611
5 0.536719 0.520139 0.043750 0.068056
7 0.587891 0.539583 0.021094 0.029167
7 0.550781 0.581944 0.076563 0.119444
7 0.700000 0.602778 0.076563 0.116667
7 0.632031 0.601389 0.126562 0.144444
7 0.858984 0.729167 0.277344 0.536111
7 0.952344 0.488889 0.090625 0.055556
7 0.412109 0.589583 0.235156 0.470833
1 0.191016 0.373611 0.008594 0.047222
1 0.204297 0.372222 0.010156 0.047222
1 0.538672 0.271528 0.021094 0.106944
1 0.736328 0.352083 0.016406 0.081944
1 0.723828 0.365278 0.010156 0.063889
1 0.523047 0.249306 0.010156 0.056944
2 0.085938 0.397917 0.026562 0.029167
2 0.678516 0.368056 0.016406 0.047222
