3 0.105078 0.499306 0.027344 0.106944
1 0.463281 0.227083 0.012500 0.054167
1 0.122656 0.056944 0.026562 0.105556
1 0.111719 0.392361 0.015625 0.029167
1 0.144922 0.071528 0.017969 0.095833
1 0.104297 0.070833 0.016406 0.091667
1 0.448437 0.227778 0.012500 0.055556
1 0.594922 0.388194 0.022656 0.031944
1 0.822266 0.270139 0.027344 0.070833
2 0.126953 0.291667 0.030469 0.013889
2 0.132422 0.262500 0.016406 0.013889
2 0.115234 0.274306 0.022656 0.015278
2 0.130859 0.338194 0.022656 0.065278
2 0.793359 0.306250 0.032031 0.034722
2 0.789062 0.251389 0.023438 0.066667
2 0.792578 0.177083 0.032031 0.081944
2 0.821484 0.115972 0.049219 0.026389
2 0.804688 0.068056 0.031250 0.061111
2 0.795312 0.034028 0.090625 0.068056
2 0.581250 0.357639 0.028125 0.026389
2 0.961328 0.265278 0.022656 0.025000
4 0.012500 0.548611 0.023438 0.088889
3 0.009766 0.484722 0.014844 0.058333
7 0.575000 0.506944 0.162500 0.163889
7 0.220703 0.491667 0.075781 0.083333
3 0.191406 0.468750 0.010937 0.031944
7 0.429297 0.461806 0.024219 0.031944
7 0.342969 0.475000 0.040625 0.044444
7 0.381250 0.465972 0.029687 0.026389
7 0.850391 0.589583 0.291406 0.548611
7 0.269922 0.486806 0.027344 0.068056
7 0.291016 0.479861 0.033594 0.054167
7 0.308594 0.480556 0.021875 0.036111
7 0.358984 0.469444 0.011719 0.033333
7 0.485938 0.469444 0.025000 0.036111
7 0.471094 0.465278 0.018750 0.038889
7 0.462109 0.461806 0.008594 0.020833
7 0.455469 0.459028 0.010937 0.020833
2 0.485938 0.375000 0.009375 0.027778
1 0.850391 0.275694 0.024219 0.070833
