2 0.411328 0.179167 0.050781 0.075000
2 0.298438 0.186806 0.100000 0.059722
7 0.437109 0.329167 0.019531 0.030556
7 0.485938 0.325000 0.015625 0.033333
7 0.457422 0.327778 0.021094 0.038889
7 0.503906 0.318750 0.020313 0.037500
7 0.411719 0.332639 0.031250 0.040278
7 0.341406 0.338194 0.045312 0.045833
7 0.268750 0.360417 0.081250 0.087500
5 0.768750 0.267361 0.460938 0.531944
2 0.143359 0.161111 0.072656 0.080556
2 0.410547 0.064583 0.008594 0.040278
7 0.169141 0.356944 0.017969 0.027778
7 0.148438 0.357639 0.020313 0.029167
7 0.127344 0.363889 0.017188 0.027778
7 0.103906 0.365278 0.023438 0.030556
