7 0.083594 0.476389 0.167187 0.216667
7 0.331641 0.395833 0.071094 0.077778
7 0.371875 0.391667 0.031250 0.066667
7 0.400000 0.386111 0.031250 0.050000
7 0.445703 0.373611 0.025781 0.027778
7 0.464844 0.355556 0.023438 0.030556
7 0.479297 0.350000 0.010156 0.019444
7 0.483984 0.339583 0.010156 0.020833
7 0.505469 0.347222 0.015625 0.019444
7 0.870703 0.516667 0.253906 0.605556
7 0.683594 0.418750 0.139063 0.151389
7 0.641406 0.384028 0.106250 0.120833
7 0.592969 0.391667 0.023438 0.063889
7 0.589844 0.380556 0.035937 0.069444
7 0.559375 0.368750 0.020313 0.031944
7 0.553906 0.358333 0.018750 0.030556
7 0.550781 0.338889 0.017188 0.016667
7 0.541016 0.332639 0.010156 0.020833
7 0.501172 0.316667 0.010156 0.016667
