1 0.414844 0.401389 0.006250 0.025000
1 0.553125 0.361806 0.009375 0.031944
1 0.254297 0.369444 0.008594 0.036111
1 0.167969 0.365278 0.007812 0.033333
1 0.059766 0.424306 0.014844 0.020833
1 0.593359 0.407639 0.013281 0.020833
2 0.114062 0.368750 0.032813 0.015278
2 0.064844 0.390972 0.009375 0.020833
2 0.008594 0.399306 0.015625 0.040278
2 0.592578 0.378472 0.014844 0.012500
7 0.399219 0.470139 0.014063 0.018056
7 0.380859 0.467361 0.021094 0.020833
7 0.358203 0.471528 0.019531 0.018056
7 0.335156 0.471528 0.021875 0.023611
7 0.319531 0.476389 0.012500 0.022222
7 0.299219 0.474306 0.028125 0.020833
7 0.262500 0.465972 0.048438 0.051389
7 0.209766 0.475694 0.064844 0.040278
7 0.012891 0.493750 0.025781 0.040278
7 0.076563 0.475000 0.096875 0.075000
5 0.428906 0.461111 0.043750 0.083333
7 0.549219 0.471528 0.021875 0.056944
7 0.591797 0.474306 0.078906 0.120833
7 0.667969 0.525694 0.118750 0.156944
7 0.492969 0.507639 0.100000 0.137500
7 0.847266 0.587500 0.303906 0.566667
