2 0.298047 0.394444 0.007031 0.022222
2 0.372266 0.387500 0.041406 0.027778
2 0.688281 0.392361 0.051562 0.034722
7 0.723437 0.363889 0.025000 0.019444
7 0.844922 0.411111 0.050781 0.036111
7 0.733203 0.420139 0.047656 0.020833
7 0.664453 0.427083 0.036719 0.023611
7 0.285938 0.433333 0.021875 0.016667
7 0.246484 0.434722 0.024219 0.016667
7 0.229297 0.438194 0.024219 0.015278
5 0.020703 0.441667 0.041406 0.030556
7 0.426172 0.450000 0.082031 0.144444
5 0.536719 0.388194 0.121875 0.212500
7 0.633984 0.427778 0.016406 0.019444
