7 0.145703 0.579167 0.202344 0.161111
7 0.416797 0.549306 0.046094 0.079167
7 0.469922 0.545139 0.028906 0.043056
0 0.489844 0.522222 0.034375 0.080556
3 0.029687 0.584028 0.054688 0.226389
7 0.600391 0.550694 0.178906 0.134722
7 0.973047 0.567361 0.049219 0.115278
7 0.446094 0.533333 0.009375 0.022222
3 0.673828 0.527778 0.010156 0.044444
3 0.709375 0.548611 0.010937 0.058333
3 0.719531 0.550000 0.010937 0.069444
3 0.754687 0.552083 0.012500 0.079167
3 0.765234 0.548611 0.003906 0.061111
3 0.807422 0.617361 0.064844 0.226389
3 0.889062 0.645833 0.042188 0.258333
3 0.921094 0.625694 0.075000 0.268056
3 0.851172 0.632639 0.078906 0.276389
3 0.740234 0.563889 0.032031 0.113889
3 0.778906 0.557639 0.018750 0.090278
3 0.212891 0.527778 0.013281 0.047222
3 0.275781 0.521528 0.010937 0.068056
3 0.323047 0.525694 0.007031 0.026389
2 0.315234 0.336806 0.061719 0.020833
2 0.882812 0.120139 0.159375 0.073611
1 0.690625 0.108333 0.026562 0.102778
1 0.664062 0.116667 0.029687 0.097222
1 0.357031 0.322917 0.009375 0.048611
1 0.255859 0.463889 0.022656 0.022222
1 0.429297 0.469444 0.003906 0.016667
7 0.323437 0.522917 0.054688 0.034722
3 0.598437 0.633333 0.100000 0.283333
3 0.597656 0.614583 0.039062 0.245833
7 0.040234 0.559028 0.080469 0.115278
1 0.653906 0.361111 0.012500 0.052778
2 0.660156 0.396528 0.025000 0.018056
1 0.670312 0.471528 0.010937 0.026389
2 0.259766 0.397222 0.019531 0.019444
2 0.273438 0.418750 0.023438 0.023611
