7 0.479297 0.381944 0.027344 0.044444
7 0.456250 0.392361 0.015625 0.023611
7 0.440234 0.393750 0.021094 0.034722
7 0.421094 0.402083 0.025000 0.037500
7 0.392969 0.404167 0.034375 0.041667
7 0.369531 0.389583 0.017188 0.023611
7 0.285547 0.515278 0.277344 0.272222
7 0.172266 0.438194 0.086719 0.084722
7 0.112891 0.437500 0.089844 0.072222
7 0.087891 0.419444 0.052344 0.055556
7 0.038672 0.427083 0.077344 0.076389
2 0.275000 0.073611 0.034375 0.072222
1 0.321484 0.120833 0.016406 0.072222
1 0.270703 0.261111 0.016406 0.058333
2 0.283594 0.174306 0.017188 0.054167
2 0.271484 0.029861 0.032031 0.020833
1 0.417187 0.070139 0.015625 0.065278
1 0.405859 0.073611 0.011719 0.072222
1 0.443359 0.072222 0.017969 0.075000
7 0.573047 0.418056 0.107031 0.191667
7 0.761719 0.209722 0.200000 0.416667
1 0.810156 0.113194 0.018750 0.065278
1 0.785937 0.114583 0.014063 0.059722
2 0.858203 0.139583 0.080469 0.051389
1 0.918359 0.142361 0.013281 0.054167
3 0.810937 0.412500 0.026562 0.094444
3 0.914844 0.409028 0.015625 0.109722
3 0.940625 0.413889 0.025000 0.105556
3 0.951172 0.411111 0.019531 0.100000
