3 0.117969 0.426389 0.032813 0.113889
3 0.314453 0.375000 0.016406 0.055556
3 0.376563 0.374306 0.009375 0.023611
3 0.787891 0.313889 0.022656 0.058333
3 0.830859 0.389583 0.027344 0.070833
3 0.831250 0.352083 0.042188 0.145833
1 0.266016 0.312500 0.014844 0.016667
1 0.367188 0.164583 0.009375 0.051389
1 0.596875 0.104167 0.012500 0.058333
1 0.413672 0.340278 0.007031 0.019444
1 0.715625 0.229861 0.012500 0.037500
1 0.833984 0.271528 0.014844 0.031944
7 0.597266 0.392361 0.272656 0.448611
7 0.439453 0.369444 0.039844 0.066667
7 0.754297 0.308333 0.057031 0.038889
2 0.266797 0.258333 0.021094 0.019444
2 0.747656 0.102778 0.021875 0.038889
2 0.737891 0.156944 0.013281 0.050000
2 0.759766 0.161806 0.024219 0.062500
1 0.586719 0.115972 0.006250 0.048611
1 0.374609 0.163889 0.005469 0.041667
7 0.462500 0.363889 0.018750 0.030556
