1 0.194141 0.185417 0.019531 0.070833
1 0.121094 0.402778 0.037500 0.038889
1 0.642578 0.443056 0.017969 0.022222
2 0.087891 0.276389 0.039844 0.025000
2 0.104688 0.342361 0.042188 0.056944
1 0.209766 0.185417 0.014844 0.068056
1 0.178125 0.175694 0.014063 0.054167
7 0.394922 0.477083 0.010156 0.029167
7 0.404687 0.479167 0.017188 0.030556
7 0.418750 0.482639 0.018750 0.040278
7 0.437109 0.485417 0.027344 0.043056
7 0.296875 0.462500 0.017188 0.027778
7 0.282422 0.486806 0.038281 0.043056
7 0.377734 0.475000 0.033594 0.052778
7 0.457031 0.494444 0.039062 0.041667
7 0.761328 0.519444 0.082031 0.063889
7 0.898438 0.536806 0.129688 0.151389
0 0.971484 0.505556 0.053906 0.094444
