2 0.159766 0.413889 0.027344 0.058333
2 0.453906 0.497222 0.015625 0.027778
2 0.754297 0.245833 0.013281 0.022222
2 0.866406 0.481250 0.039062 0.062500
1 0.769922 0.312500 0.011719 0.077778
1 0.756250 0.449306 0.020313 0.034722
1 0.539844 0.506944 0.012500 0.025000
1 0.783594 0.451389 0.018750 0.030556
3 0.055859 0.584722 0.035156 0.138889
3 0.085547 0.584722 0.036719 0.125000
3 0.129688 0.584722 0.025000 0.111111
3 0.177734 0.588889 0.016406 0.091667
3 0.513281 0.575000 0.017188 0.072222
3 0.695703 0.583333 0.021094 0.080556
7 0.014844 0.579861 0.029687 0.054167
7 0.426563 0.613889 0.132812 0.150000
7 0.956641 0.589583 0.078906 0.098611
5 0.727734 0.552083 0.088281 0.118056
5 0.797266 0.563889 0.069531 0.086111
7 0.858984 0.561111 0.039844 0.036111
7 0.885938 0.554861 0.020313 0.026389
7 0.908984 0.547917 0.017969 0.029167
7 0.207031 0.579861 0.035937 0.045833
7 0.205078 0.549306 0.024219 0.015278
7 0.205859 0.530556 0.017969 0.016667
7 0.240234 0.523611 0.013281 0.011111
7 0.222656 0.517361 0.015625 0.018056
7 0.343750 0.570139 0.032813 0.031944
7 0.321094 0.563194 0.015625 0.029167
7 0.318359 0.552778 0.022656 0.033333
7 0.300781 0.552083 0.014063 0.018056
7 0.292187 0.544444 0.014063 0.016667
7 0.282422 0.535417 0.013281 0.015278
7 0.273828 0.533333 0.014844 0.016667
7 0.263672 0.525694 0.011719 0.015278
