3 0.073438 0.358333 0.039062 0.108333
7 0.351172 0.334028 0.032031 0.020833
7 0.321094 0.374306 0.064062 0.065278
7 0.203516 0.459722 0.260156 0.297222
7 0.617578 0.342361 0.061719 0.037500
7 0.601953 0.359028 0.032031 0.020833
7 0.609375 0.385417 0.037500 0.045833
7 0.667578 0.422222 0.127344 0.166667
7 0.097266 0.563194 0.194531 0.393056
7 0.466016 0.525000 0.341406 0.433333
7 0.780078 0.515972 0.294531 0.295833
1 0.680078 0.297222 0.011719 0.019444
1 0.506250 0.229167 0.007812 0.011111
1 0.455859 0.226389 0.005469 0.033333
1 0.461719 0.227083 0.004687 0.031944
1 0.450000 0.225000 0.006250 0.025000
5 0.437109 0.289583 0.085156 0.059722
2 0.030469 0.093056 0.050000 0.155556
1 0.384375 0.309028 0.007812 0.018056
