1 0.546875 0.230556 0.010937 0.052778
1 0.232031 0.257639 0.021875 0.062500
1 0.845313 0.184722 0.012500 0.055556
1 0.146094 0.234028 0.012500 0.054167
1 0.145313 0.355556 0.014063 0.025000
1 0.911719 0.398611 0.017188 0.030556
1 0.573047 0.395833 0.005469 0.030556
1 0.432422 0.385417 0.003906 0.020833
1 0.353125 0.371528 0.014063 0.031944
2 0.211328 0.125000 0.077344 0.052778
2 0.221094 0.175694 0.026562 0.048611
2 0.356250 0.220833 0.031250 0.055556
2 0.354297 0.293750 0.035156 0.068056
2 0.279297 0.231944 0.033594 0.072222
2 0.276562 0.287500 0.039062 0.038889
2 0.275391 0.317361 0.033594 0.015278
2 0.277344 0.354861 0.026562 0.034722
2 0.605078 0.230556 0.030469 0.069444
2 0.550391 0.177083 0.033594 0.051389
2 0.455078 0.170833 0.035156 0.055556
2 0.752344 0.300000 0.023438 0.044444
5 0.568750 0.419444 0.014063 0.013889
2 0.932813 0.328472 0.031250 0.020833
2 0.926172 0.349306 0.022656 0.018056
2 0.216016 0.334722 0.064844 0.063889
5 0.491406 0.439583 0.065625 0.090278
7 0.538672 0.445833 0.033594 0.025000
7 0.560937 0.456944 0.010937 0.022222
7 0.576953 0.456944 0.028906 0.038889
7 0.541016 0.474306 0.030469 0.045833
5 0.622656 0.443056 0.075000 0.133333
2 0.743750 0.381250 0.014063 0.015278
5 0.308203 0.414583 0.024219 0.026389
7 0.297266 0.438194 0.021094 0.026389
7 0.280469 0.444444 0.012500 0.019444
5 0.245312 0.435417 0.048438 0.056944
7 0.206250 0.459722 0.051562 0.075000
7 0.140234 0.462500 0.088281 0.091667
7 0.075391 0.460417 0.072656 0.076389
2 0.036328 0.273611 0.022656 0.047222
2 0.035156 0.320139 0.025000 0.045833
2 0.032422 0.356250 0.019531 0.018056
0 0.060937 0.418750 0.121875 0.154167
7 0.386719 0.602778 0.304688 0.491667
7 0.832031 0.737500 0.334375 0.519444
