1 0.441797 0.029167 0.016406 0.058333
1 0.428906 0.027083 0.014063 0.054167
1 0.701172 0.207639 0.011719 0.056944
1 0.685547 0.207639 0.013281 0.056944
1 0.244141 0.334028 0.014844 0.026389
1 0.257422 0.334028 0.008594 0.029167
1 0.800391 0.422222 0.017969 0.027778
2 0.778516 0.343056 0.013281 0.013889
2 0.805469 0.352778 0.026562 0.019444
2 0.782813 0.372222 0.014063 0.013889
2 0.787500 0.393056 0.029687 0.019444
2 0.510547 0.379861 0.007031 0.018056
3 0.135156 0.418750 0.025000 0.098611
3 0.171875 0.434028 0.025000 0.101389
3 0.325781 0.447222 0.015625 0.097222
1 0.408203 0.376389 0.007031 0.016667
2 0.265234 0.315278 0.030469 0.016667
4 0.269922 0.450000 0.014844 0.050000
7 0.393750 0.444444 0.009375 0.013889
7 0.384375 0.444444 0.012500 0.027778
7 0.364844 0.422222 0.021875 0.016667
7 0.368750 0.449306 0.017188 0.040278
7 0.353125 0.447222 0.018750 0.075000
7 0.323047 0.449306 0.063281 0.084722
7 0.410156 0.446528 0.009375 0.015278
7 0.431641 0.443056 0.011719 0.022222
7 0.450391 0.450000 0.033594 0.058333
7 0.471094 0.448611 0.014063 0.019444
7 0.538672 0.466667 0.016406 0.036111
7 0.556641 0.471528 0.027344 0.043056
7 0.573828 0.470833 0.028906 0.038889
7 0.601172 0.479167 0.046094 0.055556
7 0.654687 0.480556 0.095312 0.075000
7 0.726562 0.526389 0.157812 0.138889
7 0.500000 0.477083 0.067187 0.090278
7 0.880078 0.631944 0.238281 0.486111
