1 0.372266 0.361111 0.008594 0.022222
1 0.488281 0.340972 0.010937 0.026389
1 0.208984 0.372222 0.016406 0.025000
1 0.380078 0.359028 0.008594 0.026389
1 0.475391 0.427778 0.010156 0.019444
1 0.110547 0.447917 0.008594 0.015278
1 0.396094 0.395833 0.007812 0.019444
1 0.391016 0.392361 0.005469 0.020833
2 0.468750 0.407639 0.017188 0.012500
2 0.759766 0.247222 0.038281 0.119444
7 0.373047 0.470139 0.025781 0.037500
7 0.363672 0.483333 0.022656 0.027778
7 0.318750 0.464583 0.015625 0.015278
7 0.318359 0.483333 0.013281 0.025000
7 0.312891 0.488194 0.014844 0.018056
7 0.303125 0.489583 0.012500 0.023611
7 0.292578 0.493056 0.019531 0.041667
7 0.178125 0.509028 0.035937 0.076389
5 0.151562 0.490972 0.057813 0.059722
7 0.415625 0.475000 0.018750 0.033333
7 0.464453 0.473611 0.013281 0.025000
7 0.440234 0.479167 0.038281 0.047222
7 0.237891 0.480556 0.127344 0.266667
7 0.337891 0.484028 0.038281 0.059722
7 0.394922 0.477083 0.027344 0.043056
7 0.486719 0.495139 0.037500 0.084722
7 0.520312 0.490972 0.065625 0.120833
7 0.594531 0.496528 0.137500 0.184722
7 0.739062 0.542361 0.267188 0.243056
7 0.930469 0.672222 0.135937 0.341667
