2 0.587891 0.288889 0.047656 0.036111
2 0.622266 0.368056 0.008594 0.016667
2 0.275391 0.388889 0.008594 0.019444
2 0.580469 0.318056 0.020313 0.013889
7 0.477734 0.411806 0.011719 0.018056
7 0.460156 0.415278 0.017188 0.016667
7 0.320703 0.462500 0.042969 0.058333
7 0.459766 0.434722 0.021094 0.030556
7 0.433984 0.433333 0.021094 0.030556
7 0.398828 0.439583 0.019531 0.031944
7 0.369922 0.451389 0.033594 0.044444
7 0.288672 0.475694 0.061719 0.059722
7 0.185547 0.503472 0.089844 0.090278
7 0.532422 0.426389 0.105469 0.194444
0 0.850391 0.367361 0.296094 0.734722
