7 0.190625 0.745833 0.345313 0.175000
7 0.367969 0.786806 0.028125 0.040278
7 0.389062 0.788194 0.018750 0.037500
7 0.013672 0.781250 0.024219 0.062500
7 0.060547 0.702778 0.061719 0.050000
7 0.553125 0.781944 0.026562 0.041667
7 0.518750 0.786806 0.009375 0.015278
7 0.497266 0.786806 0.010156 0.018056
2 0.766406 0.688194 0.031250 0.054167
1 0.965625 0.725694 0.018750 0.045833
1 0.541406 0.125694 0.054688 0.187500
1 0.224219 0.054861 0.065625 0.104167
1 0.515234 0.747222 0.007031 0.022222
1 0.527734 0.750694 0.007031 0.020833
