2 0.268750 0.194444 0.037500 0.055556
2 0.436719 0.288889 0.010937 0.025000
2 0.651953 0.311111 0.021094 0.041667
2 0.640234 0.347222 0.010156 0.011111
2 0.639844 0.359028 0.009375 0.012500
2 0.607031 0.313194 0.025000 0.018056
1 0.619531 0.332639 0.004687 0.015278
1 0.608594 0.334722 0.004687 0.013889
1 0.587500 0.334722 0.004687 0.011111
1 0.553906 0.327778 0.004687 0.011111
7 0.556250 0.365972 0.014063 0.018056
7 0.464453 0.371528 0.047656 0.065278
7 0.403125 0.386111 0.075000 0.091667
7 0.588672 0.393750 0.071094 0.115278
