2 0.543750 0.392361 0.031250 0.012500
2 0.533203 0.431250 0.017969 0.029167
2 0.533984 0.469444 0.021094 0.041667
7 0.275781 0.459722 0.006250 0.022222
7 0.264453 0.464583 0.021094 0.023611
7 0.243750 0.477083 0.026562 0.043056
7 0.214453 0.490278 0.047656 0.061111
7 0.167187 0.527083 0.043750 0.076389
7 0.134766 0.543056 0.060156 0.094444
7 0.082031 0.574306 0.112500 0.118056
7 0.359766 0.456250 0.017969 0.020833
7 0.364453 0.465972 0.017969 0.026389
7 0.371875 0.474306 0.026562 0.026389
7 0.379688 0.489583 0.028125 0.029167
7 0.389844 0.515278 0.034375 0.055556
7 0.409766 0.536111 0.053906 0.075000
7 0.443359 0.576389 0.077344 0.108333
7 0.942969 0.593056 0.110937 0.147222
7 0.761719 0.746528 0.003125 0.012500
