7 0.371484 0.613194 0.021094 0.037500
7 0.560156 0.618750 0.015625 0.023611
7 0.667969 0.625694 0.018750 0.023611
7 0.643359 0.624306 0.021094 0.026389
7 0.514062 0.610417 0.010937 0.015278
7 0.268359 0.605556 0.038281 0.038889
7 0.191016 0.615278 0.039844 0.025000
7 0.393750 0.620833 0.023438 0.033333
7 0.585156 0.624306 0.023438 0.026389
7 0.542578 0.617361 0.021094 0.034722
5 0.317969 0.614583 0.043750 0.054167
2 0.969531 0.240972 0.059375 0.201389
2 0.978125 0.385417 0.042188 0.129167
2 0.982031 0.545833 0.034375 0.127778
0 0.006641 0.584722 0.013281 0.044444
7 0.457422 0.610417 0.010156 0.012500
