2 0.871094 0.138889 0.053125 0.025000
2 0.847656 0.215972 0.031250 0.081944
2 0.837500 0.036806 0.042188 0.070833
2 0.518359 0.434028 0.005469 0.018056
2 0.294922 0.418750 0.013281 0.006944
2 0.301953 0.425694 0.013281 0.006944
1 0.859766 0.296528 0.030469 0.059722
1 0.295703 0.452083 0.008594 0.012500
3 0.026953 0.514583 0.027344 0.090278
3 0.272266 0.486111 0.011719 0.030556
3 0.297656 0.484028 0.007812 0.020833
3 0.948047 0.509028 0.033594 0.131944
3 0.890234 0.487500 0.039844 0.180556
3 0.902344 0.517361 0.015625 0.115278
3 0.686719 0.459028 0.014063 0.056944
7 0.154297 0.516667 0.130469 0.105556
7 0.330078 0.500000 0.058594 0.069444
7 0.454297 0.483333 0.032031 0.047222
7 0.404687 0.468750 0.018750 0.023611
7 0.649609 0.501389 0.094531 0.097222
7 0.599219 0.486111 0.060937 0.097222
7 0.569531 0.485417 0.023438 0.059722
7 0.551562 0.484028 0.031250 0.048611
7 0.533984 0.481944 0.013281 0.044444
7 0.535547 0.477083 0.035156 0.056944
7 0.517969 0.472917 0.010937 0.040278
7 0.508594 0.474306 0.007812 0.037500
7 0.499219 0.470833 0.010937 0.025000
7 0.470703 0.469444 0.011719 0.033333
7 0.416797 0.459722 0.010156 0.013889
7 0.426172 0.456944 0.005469 0.013889
1 0.363281 0.394444 0.006250 0.019444
7 0.486328 0.452083 0.008594 0.015278
