7 0.032031 0.608333 0.028125 0.055556
7 0.192188 0.595139 0.020313 0.037500
7 0.791797 0.622917 0.197656 0.165278
7 0.119922 0.664583 0.167969 0.256944
7 0.219922 0.603472 0.036719 0.059722
7 0.620703 0.759722 0.386719 0.461111
7 0.012109 0.611111 0.024219 0.091667
3 0.437109 0.655556 0.033594 0.180556
3 0.477344 0.630556 0.042188 0.127778
3 0.275000 0.600000 0.010937 0.083333
3 0.265625 0.601389 0.012500 0.088889
1 0.552734 0.465972 0.039844 0.056944
1 0.510938 0.361111 0.028125 0.094444
3 0.342969 0.579861 0.009375 0.051389
2 0.602344 0.377778 0.042188 0.052778
