7 0.321094 0.456250 0.017188 0.029167
7 0.305469 0.459028 0.018750 0.031944
7 0.278516 0.461806 0.024219 0.029167
7 0.272266 0.477778 0.036719 0.038889
7 0.276953 0.497917 0.047656 0.065278
7 0.227734 0.478472 0.022656 0.056944
7 0.210156 0.485417 0.037500 0.054167
7 0.291797 0.500694 0.050781 0.065278
7 0.382031 0.443056 0.021875 0.036111
7 0.028516 0.527083 0.057031 0.109722
7 0.018750 0.565972 0.037500 0.131944
7 0.365625 0.460417 0.023438 0.037500
7 0.378906 0.468056 0.025000 0.058333
7 0.581250 0.468056 0.064062 0.122222
7 0.491016 0.604861 0.260156 0.398611
3 0.778516 0.472222 0.061719 0.272222
3 0.732812 0.444444 0.042188 0.213889
3 0.710547 0.445833 0.050781 0.205556
3 0.667188 0.454167 0.035937 0.138889
3 0.634375 0.460417 0.043750 0.159722
3 0.135156 0.514583 0.026562 0.087500
2 0.751172 0.125000 0.053906 0.119444
2 0.498437 0.286111 0.050000 0.022222
2 0.223828 0.378472 0.024219 0.020833
2 0.220312 0.413194 0.014063 0.040278
2 0.142578 0.375694 0.024219 0.034722
2 0.608203 0.277083 0.042969 0.079167
2 0.214844 0.347222 0.014063 0.033333
1 0.671094 0.315278 0.050000 0.058333
1 0.669531 0.220139 0.039062 0.118056
1 0.515234 0.327083 0.032031 0.018056
1 0.064844 0.378472 0.018750 0.056944
1 0.508984 0.366667 0.021094 0.058333
2 0.678516 0.120833 0.022656 0.047222
2 0.144141 0.409722 0.021094 0.036111
1 0.081641 0.381944 0.011719 0.055556
