1 0.791797 0.197917 0.014844 0.073611
1 0.102344 0.344444 0.010937 0.058333
1 0.191406 0.181944 0.017188 0.075000
1 0.166797 0.173611 0.017969 0.066667
1 0.095312 0.416667 0.015625 0.030556
2 0.117578 0.419444 0.022656 0.030556
2 0.138281 0.226389 0.068750 0.036111
2 0.107813 0.250000 0.031250 0.019444
2 0.112891 0.279167 0.011719 0.011111
2 0.117578 0.302778 0.021094 0.022222
2 0.281250 0.420833 0.012500 0.030556
2 0.431250 0.425000 0.012500 0.030556
2 0.521875 0.437500 0.010937 0.033333
3 0.815625 0.450694 0.017188 0.029167
3 0.214844 0.535417 0.023438 0.098611
3 0.290234 0.538194 0.019531 0.126389
3 0.268359 0.528472 0.021094 0.131944
3 0.977344 0.515972 0.018750 0.095833
3 0.933594 0.502778 0.017188 0.077778
3 0.863281 0.502778 0.014063 0.033333
3 0.991016 0.515972 0.014844 0.106944
7 0.653125 0.464583 0.009375 0.015278
7 0.650781 0.451389 0.009375 0.013889
7 0.641797 0.450000 0.007031 0.013889
7 0.636719 0.463194 0.012500 0.009722
7 0.632031 0.472917 0.012500 0.012500
7 0.633203 0.466667 0.011719 0.005556
7 0.631250 0.484028 0.010937 0.012500
7 0.625000 0.497917 0.017188 0.031944
7 0.648047 0.472917 0.011719 0.009722
7 0.648438 0.486806 0.012500 0.020833
7 0.646484 0.512500 0.024219 0.038889
7 0.623047 0.463889 0.010156 0.013889
7 0.611719 0.472222 0.010937 0.011111
7 0.596875 0.483333 0.007812 0.013889
7 0.583984 0.490972 0.017969 0.026389
7 0.589063 0.498611 0.014063 0.019444
7 0.611328 0.509722 0.021094 0.036111
7 0.689063 0.484722 0.014063 0.019444
7 0.708594 0.517361 0.025000 0.034722
7 0.737500 0.513889 0.021875 0.036111
7 0.759375 0.520833 0.037500 0.052778
7 0.833594 0.536111 0.073438 0.088889
7 0.482422 0.522917 0.030469 0.056944
7 0.453906 0.529167 0.060937 0.063889
3 0.414844 0.531250 0.004687 0.026389
3 0.491016 0.498611 0.007031 0.022222
3 0.564063 0.503472 0.006250 0.034722
3 0.733984 0.481944 0.007031 0.030556
8 0.888281 0.502083 0.018750 0.040278
4 0.889453 0.538194 0.027344 0.040278
2 0.958594 0.238889 0.039062 0.019444
2 0.958203 0.206250 0.044531 0.018056
3 0.392578 0.525694 0.010156 0.037500
1 0.585938 0.431250 0.007812 0.018056
