7 0.019141 0.609722 0.038281 0.080556
7 0.825000 0.568750 0.348438 0.568056
7 0.452734 0.537500 0.080469 0.088889
7 0.615234 0.575000 0.158594 0.197222
7 0.221875 0.571528 0.062500 0.037500
7 0.042578 0.585417 0.033594 0.029167
7 0.254688 0.561806 0.034375 0.026389
3 0.211719 0.578472 0.015625 0.056944
0 0.343750 0.537500 0.114062 0.113889
7 0.403906 0.536111 0.007812 0.022222
7 0.416797 0.525000 0.016406 0.016667
7 0.095312 0.580556 0.042188 0.027778
1 0.491797 0.377083 0.007031 0.029167
1 0.360938 0.444444 0.004687 0.022222
1 0.275000 0.518056 0.009375 0.016667
1 0.595703 0.463889 0.010156 0.016667
1 0.541797 0.484722 0.007031 0.011111
1 0.275391 0.481250 0.005469 0.026389
2 0.583203 0.335417 0.010156 0.023611
2 0.572656 0.356944 0.017188 0.019444
2 0.578516 0.381250 0.036719 0.023611
2 0.153125 0.529167 0.017188 0.036111
1 0.207422 0.513194 0.010156 0.018056
