2 0.862891 0.345139 0.024219 0.048611
2 0.375781 0.472917 0.015625 0.045833
2 0.664453 0.530556 0.010156 0.033333
2 0.648828 0.562500 0.007031 0.019444
2 0.612891 0.540278 0.005469 0.013889
2 0.223828 0.569444 0.010156 0.016667
2 0.426563 0.550000 0.007812 0.016667
1 0.221875 0.529167 0.007812 0.030556
1 0.426172 0.509722 0.005469 0.022222
1 0.383594 0.532639 0.006250 0.023611
1 0.333203 0.535417 0.007031 0.018056
1 0.484766 0.525694 0.003906 0.023611
1 0.602734 0.538889 0.007031 0.016667
2 0.332813 0.568056 0.007812 0.011111
1 0.038281 0.529167 0.004687 0.019444
1 0.043359 0.529861 0.010156 0.020833
1 0.653125 0.583333 0.006250 0.013889
7 0.085938 0.606944 0.082812 0.077778
7 0.160938 0.602778 0.064062 0.061111
7 0.208594 0.608333 0.045312 0.047222
7 0.244922 0.606944 0.038281 0.038889
7 0.351562 0.609028 0.040625 0.054167
7 0.388672 0.607639 0.021094 0.031944
7 0.330078 0.602083 0.010156 0.020833
7 0.312109 0.601389 0.013281 0.019444
7 0.412891 0.606944 0.011719 0.016667
7 0.956250 0.619444 0.084375 0.083333
7 0.868359 0.615972 0.089844 0.062500
7 0.823828 0.612500 0.055469 0.047222
7 0.791797 0.610417 0.042969 0.043056
7 0.766797 0.612500 0.042969 0.041667
5 0.591406 0.598611 0.025000 0.050000
5 0.554688 0.597222 0.021875 0.044444
5 0.533594 0.597222 0.025000 0.055556
5 0.427344 0.598611 0.012500 0.027778
