2 0.707422 0.346528 0.022656 0.045833
2 0.707422 0.378472 0.017969 0.009722
2 0.714453 0.311111 0.011719 0.025000
7 0.820703 0.404167 0.028906 0.019444
7 0.791797 0.409028 0.022656 0.012500
7 0.751563 0.404167 0.040625 0.027778
7 0.677734 0.411111 0.027344 0.027778
7 0.653906 0.418056 0.082812 0.041667
7 0.592187 0.424306 0.087500 0.037500
7 0.583594 0.397222 0.045312 0.027778
7 0.564844 0.406944 0.032813 0.027778
7 0.531641 0.400694 0.042969 0.020833
7 0.504297 0.397222 0.036719 0.027778
7 0.518359 0.430556 0.064844 0.025000
7 0.989062 0.411806 0.021875 0.037500
5 0.221484 0.297222 0.258594 0.069444
