2 0.583203 0.405556 0.024219 0.038889
2 0.585547 0.436111 0.017969 0.013889
2 0.966016 0.246528 0.038281 0.034722
2 0.966797 0.277083 0.047656 0.023611
2 0.966797 0.311111 0.046094 0.033333
2 0.966406 0.366667 0.025000 0.077778
7 0.410547 0.543750 0.011719 0.023611
7 0.404297 0.548611 0.016406 0.025000
7 0.391016 0.550000 0.025781 0.033333
7 0.380469 0.554167 0.025000 0.041667
7 0.289453 0.586806 0.053906 0.076389
7 0.478906 0.525694 0.009375 0.015278
7 0.482812 0.528472 0.012500 0.018056
7 0.490234 0.533333 0.014844 0.025000
7 0.496875 0.540972 0.020313 0.031944
7 0.509766 0.536806 0.036719 0.068056
7 0.526953 0.552083 0.044531 0.073611
3 0.593359 0.500694 0.011719 0.020833
8 0.113672 0.598611 0.052344 0.172222
4 0.115234 0.652778 0.061719 0.130556
7 0.244141 0.608333 0.091406 0.111111
7 0.342187 0.593056 0.084375 0.111111
7 0.462891 0.529167 0.011719 0.013889
7 0.455078 0.527778 0.007031 0.011111
7 0.432812 0.543056 0.021875 0.030556
7 0.558984 0.569444 0.069531 0.091667
7 0.980078 0.520833 0.036719 0.127778
7 0.912500 0.524306 0.132812 0.129167
