7 0.913672 0.642361 0.169531 0.234722
7 0.295703 0.607639 0.500781 0.631944
7 0.034766 0.472222 0.069531 0.077778
7 0.075781 0.465972 0.028125 0.059722
1 0.534766 0.315972 0.019531 0.079167
1 0.523047 0.398611 0.016406 0.033333
1 0.666406 0.315278 0.009375 0.052778
1 0.628516 0.343750 0.007031 0.031944
1 0.585938 0.394444 0.007812 0.025000
1 0.919141 0.286806 0.014844 0.054167
1 0.554297 0.404167 0.016406 0.044444
1 0.669531 0.415278 0.009375 0.025000
1 0.022656 0.267361 0.034375 0.081944
2 0.008984 0.166667 0.017969 0.052778
2 0.016016 0.063194 0.032031 0.126389
2 0.575391 0.343750 0.022656 0.043056
2 0.924609 0.468056 0.017969 0.013889
2 0.923438 0.493750 0.014063 0.026389
5 0.602344 0.480556 0.020313 0.016667
1 0.101172 0.279861 0.017969 0.054167
1 0.669531 0.468750 0.007812 0.018056
