7 0.444922 0.527083 0.011719 0.015278
7 0.439844 0.519444 0.010937 0.022222
7 0.429297 0.522917 0.017969 0.023611
7 0.404297 0.520139 0.017969 0.029167
7 0.409375 0.528472 0.020313 0.034722
7 0.394531 0.523611 0.014063 0.044444
7 0.385156 0.525000 0.012500 0.052778
7 0.366016 0.525000 0.035156 0.066667
7 0.309375 0.531250 0.092188 0.095833
7 0.132422 0.526389 0.264844 0.222222
7 0.504687 0.520139 0.025000 0.029167
7 0.478125 0.518750 0.020313 0.009722
7 0.466797 0.534028 0.050781 0.031944
7 0.516797 0.529167 0.011719 0.019444
7 0.532031 0.529861 0.023438 0.023611
7 0.558203 0.549306 0.042969 0.065278
7 0.585156 0.577778 0.059375 0.083333
7 0.614062 0.540972 0.025000 0.026389
7 0.724609 0.573611 0.028906 0.088889
7 0.496484 0.640278 0.153906 0.219444
7 0.662891 0.595833 0.128906 0.150000
2 0.475391 0.501389 0.011719 0.008333
2 0.460547 0.501389 0.013281 0.013889
2 0.672266 0.450694 0.016406 0.015278
2 0.672656 0.472222 0.020313 0.022222
5 0.858203 0.450694 0.280469 0.898611
7 0.010156 0.520833 0.020313 0.047222
