7 0.312500 0.597222 0.025000 0.038889
7 0.378516 0.600000 0.010156 0.027778
7 0.390234 0.596528 0.011719 0.029167
7 0.289844 0.593056 0.010937 0.025000
7 0.223047 0.603472 0.044531 0.068056
7 0.400391 0.599306 0.019531 0.029167
7 0.348047 0.620833 0.063281 0.091667
7 0.262500 0.607639 0.057813 0.084722
7 0.084766 0.620139 0.089844 0.051389
2 0.383594 0.550694 0.010937 0.006944
1 0.187109 0.564583 0.008594 0.012500
1 0.196484 0.504167 0.008594 0.022222
1 0.346094 0.484028 0.006250 0.026389
1 0.353125 0.485417 0.007812 0.026389
1 0.444531 0.486806 0.007812 0.029167
1 0.371875 0.549306 0.006250 0.015278
2 0.374219 0.485417 0.007812 0.031944
3 0.648438 0.713194 0.112500 0.568056
3 0.821875 0.716667 0.135937 0.555556
3 0.110547 0.617361 0.017969 0.079167
3 0.008984 0.624306 0.017969 0.081944
3 0.025781 0.625694 0.015625 0.076389
1 0.358594 0.486806 0.004687 0.020833
1 0.427344 0.565972 0.007812 0.009722
2 0.458594 0.500000 0.007812 0.013889
2 0.452344 0.513194 0.007812 0.015278
2 0.462109 0.515972 0.008594 0.009722
7 0.497266 0.609722 0.021094 0.036111
3 0.431250 0.596528 0.009375 0.043056
3 0.182422 0.604861 0.014844 0.054167
7 0.325781 0.591667 0.009375 0.019444
7 0.384375 0.593750 0.007812 0.018056
