7 0.333984 0.406944 0.119531 0.191667
7 0.526563 0.327083 0.007812 0.012500
7 0.534766 0.329861 0.008594 0.009722
7 0.516797 0.368750 0.021094 0.037500
7 0.458203 0.331250 0.008594 0.020833
7 0.466797 0.333333 0.005469 0.013889
7 0.441406 0.336111 0.017188 0.033333
7 0.391406 0.374306 0.014063 0.043056
7 0.398828 0.358333 0.014844 0.025000
3 0.407031 0.359722 0.004687 0.027778
7 0.426953 0.353472 0.019531 0.034722
7 0.518750 0.340278 0.010937 0.011111
7 0.504687 0.379167 0.028125 0.038889
3 0.064453 0.467361 0.008594 0.031944
3 0.050781 0.470833 0.007812 0.036111
3 0.042578 0.471528 0.008594 0.029167
