7 0.494531 0.590278 0.014063 0.016667
7 0.467187 0.586806 0.012500 0.020833
7 0.456641 0.591667 0.017969 0.027778
7 0.528516 0.598611 0.027344 0.038889
7 0.435937 0.596528 0.031250 0.043056
7 0.378516 0.595139 0.010156 0.015278
7 0.339062 0.600694 0.014063 0.015278
7 0.216797 0.606250 0.027344 0.018056
7 0.153125 0.611806 0.037500 0.026389
7 0.065625 0.615278 0.043750 0.033333
7 0.357422 0.592361 0.011719 0.012500
2 0.485156 0.528472 0.046875 0.029167
2 0.469141 0.565278 0.011719 0.013889
7 0.481250 0.588194 0.015625 0.023611
