1 0.428125 0.452778 0.007812 0.027778
1 0.570703 0.469444 0.008594 0.025000
1 0.307031 0.484722 0.010937 0.027778
1 0.365234 0.465972 0.007031 0.031944
1 0.721484 0.522917 0.014844 0.020833
2 0.387109 0.463889 0.027344 0.013889
2 0.414062 0.445833 0.015625 0.022222
2 0.606250 0.473611 0.028125 0.016667
2 0.651172 0.467361 0.010156 0.029167
2 0.653125 0.494444 0.012500 0.008333
2 0.702344 0.443750 0.018750 0.018056
2 0.710547 0.484028 0.011719 0.012500
2 0.194141 0.438889 0.013281 0.047222
7 0.536328 0.557639 0.013281 0.023611
7 0.521094 0.557639 0.014063 0.018056
7 0.474219 0.554167 0.018750 0.025000
7 0.463672 0.577778 0.033594 0.047222
5 0.501172 0.549306 0.035156 0.073611
0 0.574609 0.553472 0.067969 0.109722
7 0.368750 0.575000 0.053125 0.061111
7 0.408203 0.609028 0.110156 0.181944
7 0.291406 0.587500 0.092188 0.091667
3 0.127344 0.599306 0.026562 0.109722
3 0.146094 0.575000 0.020313 0.069444
3 0.008203 0.634722 0.016406 0.180556
3 0.033984 0.595139 0.030469 0.115278
7 0.195703 0.609722 0.105469 0.119444
3 0.693750 0.565278 0.012500 0.030556
3 0.685547 0.561111 0.011719 0.030556
7 0.637109 0.606250 0.105469 0.143056
7 0.853906 0.748611 0.289062 0.405556
0 0.473047 0.538194 0.024219 0.037500
2 0.719141 0.465278 0.014844 0.016667
