7 0.988281 0.561806 0.021875 0.081944
7 0.966016 0.578472 0.058594 0.120833
7 0.746484 0.571528 0.127344 0.098611
7 0.615625 0.547917 0.107813 0.081944
7 0.542578 0.561806 0.039844 0.031944
7 0.387109 0.579861 0.042969 0.062500
7 0.363281 0.576389 0.012500 0.038889
7 0.352734 0.564583 0.017969 0.034722
7 0.258203 0.556250 0.010156 0.018056
7 0.342578 0.558333 0.007031 0.013889
7 0.333984 0.553472 0.010156 0.012500
7 0.326562 0.553472 0.009375 0.012500
7 0.310937 0.552083 0.007812 0.012500
7 0.462500 0.598611 0.114062 0.144444
7 0.412109 0.595833 0.025781 0.091667
7 0.672266 0.595833 0.216406 0.116667
7 0.906250 0.590278 0.117188 0.141667
7 0.849219 0.549306 0.023438 0.054167
7 0.028906 0.593750 0.057813 0.073611
7 0.106641 0.585417 0.071094 0.070833
1 0.331250 0.475694 0.004687 0.015278
1 0.335547 0.475694 0.003906 0.018056
1 0.338281 0.475000 0.004687 0.016667
1 0.183984 0.467361 0.010156 0.026389
1 0.176953 0.467361 0.007031 0.026389
1 0.166797 0.467361 0.008594 0.026389
1 0.093359 0.462500 0.011719 0.044444
1 0.082422 0.528472 0.013281 0.020833
1 0.148828 0.535417 0.008594 0.018056
2 0.535547 0.369444 0.035156 0.058333
2 0.536719 0.411111 0.031250 0.022222
2 0.423828 0.482639 0.021094 0.023611
0 0.216797 0.555556 0.033594 0.052778
0 0.243359 0.555556 0.021094 0.044444
