7 0.009766 0.345833 0.010156 0.008333
7 0.035547 0.340278 0.016406 0.016667
7 0.057031 0.343056 0.014063 0.013889
7 0.024609 0.360417 0.028906 0.040278
7 0.042578 0.363194 0.033594 0.029167
7 0.097656 0.330556 0.062500 0.061111
7 0.111719 0.346528 0.056250 0.029167
7 0.132812 0.393056 0.070312 0.119444
7 0.162891 0.370833 0.013281 0.030556
7 0.182031 0.376389 0.037500 0.072222
7 0.213281 0.379861 0.056250 0.095833
7 0.283594 0.404861 0.120313 0.198611
7 0.428906 0.406944 0.121875 0.130556
1 0.203516 0.176389 0.013281 0.038889
1 0.213672 0.180556 0.010156 0.047222
1 0.199219 0.192361 0.021875 0.070833
2 0.305859 0.259028 0.014844 0.059722
2 0.318359 0.247222 0.013281 0.011111
1 0.017578 0.176389 0.014844 0.080556
1 0.007422 0.170833 0.014844 0.086111
2 0.581250 0.370833 0.014063 0.022222
1 0.579297 0.156250 0.014844 0.070833
7 0.542969 0.360417 0.131250 0.087500
7 0.663281 0.354861 0.092188 0.068056
1 0.584766 0.267361 0.022656 0.023611
7 0.818359 0.469444 0.358594 0.563889
1 0.571484 0.181250 0.017969 0.104167
1 0.317188 0.304167 0.015625 0.019444
7 0.078125 0.456944 0.154688 0.180556
