2 0.475391 0.425694 0.014844 0.029167
7 0.326953 0.451389 0.010156 0.016667
7 0.308203 0.456944 0.019531 0.030556
7 0.340234 0.459028 0.016406 0.020833
7 0.360547 0.451389 0.008594 0.019444
7 0.282031 0.465972 0.051562 0.062500
7 0.219922 0.469444 0.050781 0.080556
7 0.082422 0.483333 0.067969 0.097222
7 0.177344 0.503472 0.109375 0.131944
7 0.030078 0.493750 0.060156 0.115278
5 0.413672 0.464583 0.035156 0.056944
7 0.444531 0.474306 0.025000 0.037500
7 0.466016 0.477083 0.032031 0.045833
7 0.478906 0.478472 0.021875 0.043056
7 0.504687 0.477083 0.045312 0.073611
7 0.532813 0.490972 0.060937 0.076389
7 0.591016 0.500694 0.089844 0.095833
7 0.823047 0.625000 0.350781 0.427778
2 0.836328 0.279861 0.036719 0.029167
2 0.833984 0.306944 0.021094 0.019444
