5 0.647656 0.510417 0.226562 0.420833
7 0.421875 0.602083 0.015625 0.029167
7 0.416406 0.606250 0.015625 0.020833
7 0.408203 0.619444 0.017969 0.033333
7 0.386719 0.619444 0.032813 0.052778
7 0.358203 0.640278 0.024219 0.050000
7 0.331641 0.643056 0.042969 0.061111
7 0.312500 0.649306 0.042188 0.065278
7 0.264062 0.655556 0.076563 0.097222
7 0.157422 0.702083 0.169531 0.154167
7 0.477344 0.566667 0.012500 0.019444
7 0.499609 0.569444 0.014844 0.016667
7 0.500391 0.586806 0.016406 0.018056
7 0.512500 0.610417 0.018750 0.029167
7 0.528125 0.614583 0.020313 0.048611
