7 0.021484 0.632639 0.042969 0.143056
7 0.084766 0.570139 0.169531 0.159722
7 0.190234 0.522222 0.133594 0.147222
7 0.664062 0.504167 0.056250 0.075000
7 0.314063 0.494444 0.048438 0.061111
7 0.419922 0.472917 0.024219 0.031944
7 0.457813 0.477083 0.021875 0.031944
7 0.495312 0.474306 0.026562 0.037500
7 0.592578 0.529167 0.119531 0.191667
7 0.746484 0.550000 0.139844 0.136111
7 0.380469 0.472222 0.026562 0.033333
7 0.342187 0.494444 0.017188 0.050000
7 0.350781 0.487500 0.017188 0.041667
7 0.360547 0.483333 0.019531 0.041667
7 0.393359 0.471528 0.013281 0.029167
7 0.402734 0.468750 0.010156 0.026389
2 0.161719 0.400000 0.017188 0.052778
1 0.420703 0.395833 0.003906 0.025000
1 0.517969 0.395833 0.004687 0.019444
1 0.491797 0.422917 0.007031 0.020833
1 0.409375 0.426389 0.004687 0.013889
2 0.357422 0.427083 0.011719 0.012500
2 0.813672 0.338194 0.019531 0.037500
2 0.814844 0.369444 0.028125 0.033333
1 0.353125 0.442361 0.010937 0.012500
1 0.567578 0.443056 0.008594 0.011111
2 0.564453 0.422917 0.010156 0.009722
1 0.575781 0.394444 0.007812 0.025000
3 0.264062 0.486806 0.014063 0.062500
3 0.853516 0.515972 0.024219 0.093056
3 0.928906 0.531250 0.029687 0.115278
3 0.910156 0.513194 0.023438 0.115278
7 0.442969 0.464583 0.015625 0.018056
