2 0.346094 0.393750 0.021875 0.023611
7 0.362500 0.500694 0.032813 0.054167
7 0.335938 0.507639 0.042188 0.068056
7 0.296875 0.514583 0.057813 0.087500
7 0.240234 0.520139 0.077344 0.101389
7 0.147266 0.536111 0.130469 0.133333
7 0.530469 0.513889 0.021875 0.022222
7 0.562500 0.517361 0.015625 0.015278
7 0.580859 0.504861 0.024219 0.048611
7 0.600000 0.499306 0.025000 0.059722
7 0.611719 0.500694 0.026562 0.062500
7 0.634766 0.513194 0.050781 0.106944
7 0.673438 0.526389 0.085938 0.133333
7 0.748828 0.547917 0.133594 0.173611
7 0.883594 0.590278 0.228125 0.305556
7 0.966016 0.719444 0.063281 0.266667
7 0.046484 0.542361 0.092969 0.165278
3 0.388281 0.499306 0.014063 0.056944
2 0.492188 0.486111 0.014063 0.013889
