3 0.210547 0.659028 0.013281 0.045833
3 0.189062 0.652778 0.015625 0.058333
7 0.353516 0.609722 0.016406 0.019444
7 0.427344 0.588889 0.010937 0.011111
7 0.418750 0.592361 0.010937 0.012500
7 0.411719 0.599306 0.015625 0.012500
7 0.454297 0.590278 0.011719 0.013889
7 0.478906 0.600694 0.020313 0.020833
7 0.457031 0.618056 0.020313 0.025000
7 0.407422 0.609028 0.011719 0.012500
2 0.520703 0.554167 0.017969 0.022222
2 0.669531 0.561806 0.020313 0.023611
2 0.530859 0.582639 0.013281 0.023611
2 0.937109 0.461806 0.017969 0.048611
2 0.941797 0.518056 0.017969 0.050000
2 0.945312 0.620139 0.020313 0.026389
2 0.946094 0.652083 0.017188 0.029167
7 0.396094 0.722917 0.212500 0.187500
