7 0.381250 0.400000 0.010937 0.013889
7 0.289844 0.424306 0.031250 0.031944
7 0.275781 0.417361 0.029687 0.031944
7 0.238281 0.408333 0.023438 0.027778
7 0.214062 0.440972 0.057813 0.051389
7 0.117969 0.430556 0.067187 0.052778
7 0.052734 0.494444 0.105469 0.252778
7 0.441797 0.390972 0.008594 0.018056
7 0.453516 0.400694 0.008594 0.018056
7 0.439844 0.406944 0.020313 0.013889
7 0.440234 0.420833 0.019531 0.022222
7 0.473828 0.421528 0.024219 0.031944
7 0.432422 0.448611 0.041406 0.058333
1 0.428516 0.361806 0.003906 0.020833
2 0.559766 0.340278 0.011719 0.013889
2 0.556641 0.365972 0.007031 0.018056
2 0.555078 0.389583 0.010156 0.020833
7 0.367969 0.401389 0.014063 0.016667
