7 0.328516 0.432639 0.017969 0.009722
7 0.307422 0.432639 0.014844 0.018056
7 0.280469 0.425694 0.032813 0.034722
7 0.228125 0.427778 0.065625 0.052778
7 0.153516 0.438889 0.085156 0.069444
7 0.063281 0.445139 0.126562 0.170833
7 0.468359 0.433333 0.057031 0.041667
7 0.532813 0.433333 0.064062 0.083333
7 0.627344 0.432639 0.040625 0.048611
7 0.666406 0.436806 0.060937 0.062500
7 0.712891 0.418750 0.041406 0.034722
7 0.772266 0.421528 0.105469 0.056944
7 0.821484 0.417361 0.032031 0.037500
7 0.857422 0.425694 0.060156 0.093056
7 0.878125 0.543056 0.242188 0.455556
