1 0.145703 0.100000 0.017969 0.094444
1 0.938281 0.187500 0.028125 0.044444
1 0.131250 0.200694 0.025000 0.048611
1 0.165625 0.197917 0.023438 0.045833
2 0.154688 0.040278 0.054688 0.036111
2 0.952734 0.043750 0.046094 0.020833
2 0.906250 0.034722 0.026562 0.030556
1 0.495312 0.275000 0.006250 0.022222
1 0.403125 0.322222 0.006250 0.022222
1 0.424219 0.320139 0.003125 0.015278
2 0.518359 0.313194 0.008594 0.020833
2 0.194141 0.297222 0.011719 0.011111
7 0.360156 0.354861 0.018750 0.015278
7 0.336719 0.355556 0.014063 0.019444
7 0.292187 0.365278 0.014063 0.025000
7 0.261328 0.364583 0.038281 0.029167
7 0.042969 0.413194 0.085938 0.095833
7 0.504687 0.365972 0.020313 0.034722
7 0.515234 0.356944 0.010156 0.016667
7 0.528906 0.357639 0.015625 0.026389
7 0.545312 0.359722 0.009375 0.030556
7 0.557031 0.360417 0.009375 0.037500
7 0.574609 0.359722 0.022656 0.044444
7 0.591406 0.368750 0.023438 0.040278
7 0.617578 0.368750 0.036719 0.054167
7 0.658203 0.374306 0.063281 0.065278
6 0.813672 0.402083 0.058594 0.079167
7 0.769531 0.386806 0.106250 0.104167
7 0.948438 0.609722 0.100000 0.325000
7 0.966016 0.414583 0.064844 0.129167
7 0.467187 0.365278 0.062500 0.108333
7 0.419531 0.356250 0.015625 0.018056
2 0.928125 0.140972 0.034375 0.043056
