1 0.360156 0.236111 0.012500 0.041667
1 0.555469 0.256944 0.012500 0.030556
1 0.641797 0.382639 0.007031 0.018056
2 0.723437 0.249306 0.023438 0.026389
2 0.726172 0.321528 0.013281 0.023611
2 0.794922 0.328472 0.022656 0.043056
2 0.726562 0.358333 0.006250 0.013889
2 0.666797 0.372222 0.011719 0.027778
2 0.182031 0.363194 0.006250 0.023611
7 0.513672 0.445139 0.011719 0.023611
7 0.501172 0.444444 0.010156 0.019444
7 0.491406 0.445139 0.009375 0.018056
7 0.780859 0.460417 0.089844 0.104167
7 0.875000 0.468056 0.165625 0.169444
7 0.470703 0.436111 0.035156 0.041667
7 0.970703 0.499306 0.055469 0.143056
7 0.441406 0.435417 0.012500 0.023611
