3 0.232422 0.343750 0.013281 0.070833
3 0.599219 0.404861 0.009375 0.031944
3 0.575000 0.394444 0.007812 0.019444
1 0.527734 0.297222 0.007031 0.025000
1 0.399609 0.328472 0.007031 0.018056
2 0.541797 0.304861 0.016406 0.012500
2 0.846875 0.372917 0.025000 0.018056
2 0.745313 0.359028 0.007812 0.018056
2 0.575391 0.356944 0.008594 0.013889
7 0.405078 0.367361 0.027344 0.029167
7 0.423047 0.377083 0.016406 0.034722
7 0.378906 0.374306 0.017188 0.043056
7 0.518359 0.388889 0.017969 0.036111
7 0.628516 0.406944 0.013281 0.022222
8 0.535547 0.397222 0.024219 0.066667
6 0.535937 0.415972 0.020313 0.051389
7 0.546094 0.407639 0.051562 0.068056
7 0.351953 0.370139 0.047656 0.062500
7 0.275781 0.367361 0.081250 0.101389
7 0.688281 0.440278 0.060937 0.075000
7 0.469141 0.422917 0.110156 0.156944
7 0.111719 0.399306 0.146875 0.176389
7 0.951953 0.538889 0.092969 0.144444
