2 0.331250 0.372917 0.032813 0.065278
2 0.455078 0.572222 0.010156 0.019444
2 0.455078 0.582639 0.014844 0.023611
7 0.018359 0.665972 0.036719 0.126389
7 0.043750 0.649306 0.079687 0.109722
7 0.116406 0.631944 0.070312 0.075000
7 0.181250 0.634028 0.123438 0.112500
7 0.264844 0.620139 0.062500 0.081944
7 0.355859 0.635417 0.138281 0.162500
0 0.337109 0.567361 0.133594 0.070833
0 0.417969 0.584722 0.034375 0.022222
7 0.428906 0.607639 0.014063 0.031944
5 0.599609 0.582639 0.067969 0.093056
7 0.552734 0.595833 0.030469 0.050000
7 0.658594 0.542361 0.017188 0.029167
7 0.641016 0.546528 0.013281 0.020833
7 0.616406 0.534722 0.025000 0.036111
7 0.630859 0.486111 0.011719 0.016667
7 0.637500 0.513194 0.010937 0.012500
7 0.630078 0.466667 0.011719 0.016667
7 0.634766 0.504861 0.011719 0.012500
5 0.615234 0.447222 0.014844 0.038889
3 0.838672 0.518056 0.019531 0.038889
