2 0.018750 0.156250 0.023438 0.018056
1 0.058984 0.150000 0.013281 0.025000
2 0.551953 0.163889 0.017969 0.011111
2 0.558203 0.163194 0.008594 0.037500
2 0.576562 0.121528 0.014063 0.056944
2 0.569141 0.183333 0.008594 0.022222
2 0.560937 0.185417 0.006250 0.015278
1 0.530469 0.145139 0.007812 0.020833
1 0.421875 0.175000 0.006250 0.022222
2 0.143750 0.160417 0.014063 0.037500
2 0.390625 0.174306 0.009375 0.018056
2 0.386328 0.183333 0.008594 0.013889
5 0.475000 0.212500 0.040625 0.088889
7 0.419531 0.227778 0.032813 0.055556
7 0.388281 0.230556 0.043750 0.088889
7 0.080859 0.270139 0.152344 0.137500
5 0.210938 0.245833 0.128125 0.211111
7 0.538672 0.229167 0.042969 0.044444
7 0.449219 0.233333 0.037500 0.066667
7 0.523828 0.271528 0.083594 0.120833
7 0.301172 0.277778 0.211719 0.244444
7 0.018359 0.252083 0.036719 0.098611
2 0.512891 0.189583 0.036719 0.023611
7 0.127344 0.225694 0.042188 0.051389
