0 0.117969 0.661111 0.234375 0.222222
0 0.586328 0.611806 0.186719 0.254167
0 0.330078 0.648611 0.049219 0.061111
7 0.316016 0.678472 0.017969 0.048611
7 0.294922 0.657639 0.021094 0.023611
7 0.262109 0.680556 0.027344 0.052778
7 0.412500 0.661806 0.021875 0.043056
7 0.430078 0.656250 0.016406 0.018056
7 0.448437 0.659722 0.017188 0.038889
7 0.720703 0.656250 0.074219 0.062500
3 0.730859 0.663889 0.019531 0.091667
7 0.176563 0.754861 0.179688 0.229167
7 0.395313 0.689583 0.054688 0.084722
7 0.539844 0.738194 0.203125 0.293056
1 0.403906 0.479167 0.012500 0.044444
1 0.331250 0.574306 0.010937 0.048611
1 0.692969 0.440278 0.012500 0.052778
2 0.375000 0.612500 0.017188 0.025000
1 0.124609 0.504167 0.014844 0.050000
2 0.124609 0.473611 0.007031 0.013889
2 0.402734 0.452778 0.008594 0.013889
2 0.332422 0.540278 0.007031 0.013889
7 0.285938 0.688194 0.039062 0.056944
