2 0.326172 0.351389 0.088281 0.100000
2 0.412891 0.361111 0.066406 0.091667
2 0.577344 0.387500 0.075000 0.094444
2 0.652734 0.400694 0.064844 0.081944
2 0.255469 0.372917 0.051562 0.070833
2 0.164062 0.414583 0.067187 0.056944
7 0.378125 0.704167 0.232813 0.336111
7 0.715625 0.602083 0.264062 0.270833
7 0.967969 0.827778 0.060937 0.263889
7 0.457031 0.593750 0.093750 0.190278
7 0.510156 0.575000 0.026562 0.086111
7 0.401172 0.522222 0.027344 0.022222
7 0.385937 0.523611 0.012500 0.019444
7 0.373047 0.520833 0.010156 0.013889
7 0.368359 0.515972 0.014844 0.018056
7 0.348828 0.502083 0.014844 0.018056
7 0.334766 0.493056 0.011719 0.016667
7 0.178125 0.504167 0.025000 0.033333
7 0.063672 0.552083 0.044531 0.045833
7 0.031250 0.515972 0.029687 0.031944
7 0.018750 0.687500 0.037500 0.080556
7 0.361328 0.494444 0.010156 0.013889
7 0.333594 0.477083 0.010937 0.012500
7 0.339453 0.455556 0.007031 0.013889
7 0.343359 0.470139 0.008594 0.012500
7 0.253906 0.466667 0.014063 0.013889
7 0.255859 0.449306 0.011719 0.020833
7 0.278906 0.437500 0.009375 0.016667
7 0.032422 0.463194 0.022656 0.020833
