1 0.582812 0.156944 0.050000 0.094444
1 0.657422 0.154167 0.028906 0.094444
3 0.105078 0.435417 0.052344 0.229167
3 0.812109 0.488194 0.036719 0.287500
3 0.141016 0.450000 0.039844 0.183333
3 0.628516 0.461111 0.071094 0.266667
3 0.828516 0.460417 0.077344 0.326389
3 0.863281 0.440278 0.039062 0.244444
3 0.892969 0.448611 0.079687 0.288889
3 0.927734 0.442361 0.036719 0.234722
3 0.962109 0.468056 0.074219 0.327778
3 0.987891 0.453472 0.022656 0.259722
3 0.993750 0.634028 0.010937 0.034722
3 0.979297 0.455556 0.025781 0.255556
3 0.008984 0.445139 0.017969 0.179167
