7 0.151953 0.420139 0.130469 0.120833
7 0.462891 0.422917 0.007031 0.009722
7 0.455469 0.418750 0.010937 0.015278
7 0.448437 0.420139 0.006250 0.012500
7 0.439453 0.418056 0.013281 0.016667
7 0.393359 0.420139 0.011719 0.026389
7 0.381250 0.424306 0.018750 0.020833
7 0.367969 0.422222 0.014063 0.025000
7 0.350391 0.425000 0.025781 0.033333
7 0.413281 0.419444 0.045312 0.055556
7 0.298438 0.420139 0.048438 0.054167
5 0.237500 0.388889 0.087500 0.125000
7 0.603125 0.412500 0.018750 0.019444
7 0.617578 0.409722 0.013281 0.025000
7 0.631641 0.404167 0.013281 0.027778
7 0.642969 0.400694 0.009375 0.029167
7 0.656641 0.400694 0.017969 0.034722
7 0.671094 0.401389 0.020313 0.036111
7 0.696484 0.405556 0.032031 0.055556
7 0.726172 0.406944 0.052344 0.061111
7 0.783594 0.409722 0.078125 0.077778
