7 0.141016 0.588194 0.282031 0.379167
7 0.446484 0.572222 0.327344 0.361111
7 0.840625 0.584722 0.312500 0.416667
3 0.132031 0.395139 0.028125 0.034722
3 0.276562 0.407639 0.010937 0.062500
3 0.294922 0.411111 0.014844 0.061111
3 0.676953 0.402778 0.010156 0.044444
3 0.358594 0.400694 0.014063 0.048611
3 0.700391 0.400694 0.008594 0.040278
2 0.140234 0.103472 0.041406 0.059722
2 0.284766 0.216667 0.055469 0.027778
2 0.315625 0.185417 0.021875 0.034722
2 0.247266 0.256250 0.016406 0.015278
2 0.283984 0.297917 0.013281 0.040278
2 0.641406 0.374306 0.012500 0.018056
2 0.591016 0.335417 0.017969 0.009722
2 0.760938 0.324306 0.010937 0.018056
2 0.803906 0.225694 0.026562 0.045833
2 0.837500 0.224306 0.017188 0.051389
2 0.848047 0.280556 0.024219 0.011111
1 0.781250 0.216667 0.010937 0.050000
1 0.852344 0.346528 0.012500 0.031944
1 0.237109 0.329167 0.014844 0.030556
1 0.193750 0.122222 0.015625 0.058333
1 0.337891 0.190972 0.010156 0.043056
1 0.328125 0.191667 0.009375 0.047222
1 0.442578 0.372222 0.010156 0.011111
7 0.385937 0.400000 0.045312 0.069444
7 0.510938 0.388194 0.010937 0.020833
7 0.480078 0.394444 0.017969 0.013889
7 0.471875 0.386806 0.014063 0.018056
7 0.455859 0.384722 0.016406 0.022222
0 0.601562 0.388889 0.021875 0.030556
0 0.564453 0.394444 0.022656 0.044444
7 0.532422 0.390972 0.021094 0.020833
7 0.545703 0.389583 0.014844 0.023611
7 0.540625 0.373611 0.012500 0.008333
7 0.512891 0.377778 0.010156 0.011111
3 0.501563 0.379167 0.004687 0.019444
1 0.480859 0.334722 0.007031 0.019444
1 0.578516 0.331250 0.007031 0.018056
7 0.594141 0.398611 0.025781 0.036111
