2 0.820312 0.456250 0.021875 0.026389
2 0.451953 0.488889 0.013281 0.022222
5 0.607812 0.559722 0.015625 0.041667
7 0.592969 0.570833 0.010937 0.025000
7 0.585547 0.571528 0.008594 0.026389
7 0.577734 0.575000 0.010156 0.036111
7 0.565625 0.572917 0.021875 0.040278
7 0.549609 0.586806 0.027344 0.043056
7 0.527344 0.593056 0.029687 0.058333
7 0.493750 0.604861 0.062500 0.081944
7 0.426563 0.632639 0.110937 0.126389
7 0.168359 0.697222 0.336719 0.433333
7 0.866406 0.695139 0.265625 0.323611
7 0.639453 0.570139 0.008594 0.018056
7 0.617969 0.571528 0.009375 0.015278
7 0.648828 0.572222 0.010156 0.022222
7 0.659375 0.569444 0.018750 0.030556
7 0.663281 0.589583 0.017188 0.048611
7 0.699219 0.567361 0.060937 0.073611
7 0.709375 0.620139 0.084375 0.112500
