1 0.411328 0.316667 0.013281 0.050000
1 0.461328 0.320139 0.010156 0.043056
1 0.465234 0.327778 0.008594 0.025000
1 0.460938 0.402083 0.009375 0.051389
1 0.573047 0.428472 0.014844 0.026389
1 0.591406 0.370139 0.010937 0.068056
1 0.545703 0.368056 0.008594 0.038889
1 0.540625 0.371528 0.006250 0.026389
1 0.370703 0.427083 0.005469 0.012500
1 0.298047 0.413889 0.005469 0.016667
1 0.303516 0.414583 0.005469 0.015278
1 0.260156 0.404861 0.012500 0.026389
1 0.257422 0.450000 0.005469 0.011111
7 0.257812 0.474306 0.006250 0.012500
7 0.343750 0.479861 0.015625 0.020833
7 0.294922 0.472222 0.010156 0.013889
7 0.274609 0.471528 0.007031 0.009722
7 0.248047 0.469444 0.010156 0.052778
7 0.358594 0.481250 0.015625 0.018056
7 0.574219 0.503472 0.070312 0.048611
7 0.767578 0.500694 0.057031 0.079167
7 0.701172 0.520139 0.133594 0.090278
5 0.884766 0.516667 0.225781 0.225000
7 0.280859 0.468750 0.013281 0.018056
7 0.265234 0.477778 0.016406 0.025000
7 0.269141 0.463194 0.011719 0.009722
7 0.437891 0.491667 0.100781 0.097222
5 0.377344 0.483333 0.021875 0.036111
2 0.249609 0.337500 0.010156 0.013889
2 0.351562 0.308333 0.064062 0.033333
2 0.763672 0.413889 0.030469 0.019444
2 0.584766 0.422222 0.011719 0.030556
2 0.669141 0.465278 0.011719 0.011111
1 0.725781 0.402778 0.009375 0.033333
2 0.336328 0.417361 0.007031 0.015278
7 0.305078 0.472222 0.013281 0.016667
3 0.324219 0.513889 0.028125 0.138889
1 0.330469 0.456944 0.009375 0.013889
2 0.457813 0.439583 0.009375 0.018056
1 0.395313 0.434722 0.004687 0.013889
