8 0.137891 0.635417 0.088281 0.243056
4 0.138281 0.712500 0.089063 0.208333
3 0.053516 0.556250 0.021094 0.043056
7 0.528906 0.607639 0.010937 0.026389
7 0.540625 0.608333 0.021875 0.033333
7 0.542969 0.611806 0.014063 0.031944
7 0.554688 0.616667 0.012500 0.033333
7 0.569141 0.617361 0.025781 0.043056
7 0.580469 0.625000 0.020313 0.038889
7 0.687500 0.670833 0.096875 0.105556
7 0.476953 0.602083 0.016406 0.029167
7 0.396484 0.593056 0.011719 0.016667
7 0.387891 0.597917 0.007031 0.023611
5 0.438281 0.582639 0.023438 0.054167
5 0.458594 0.577778 0.014063 0.022222
5 0.477344 0.578472 0.020313 0.018056
7 0.373047 0.593750 0.022656 0.037500
7 0.418750 0.597222 0.015625 0.022222
7 0.450391 0.613889 0.042969 0.055556
7 0.318750 0.597222 0.042188 0.063889
7 0.346875 0.597222 0.020313 0.044444
7 0.498047 0.600000 0.011719 0.016667
5 0.495703 0.589583 0.011719 0.009722
7 0.608984 0.628472 0.041406 0.054167
7 0.830859 0.709028 0.236719 0.265278
3 0.635547 0.629167 0.008594 0.061111
3 0.691797 0.605556 0.005469 0.013889
3 0.716016 0.609028 0.007031 0.018056
3 0.723437 0.608333 0.007812 0.013889
3 0.732422 0.614583 0.003906 0.018056
3 0.737109 0.616667 0.007031 0.019444
1 0.135156 0.494444 0.026562 0.036111
1 0.372266 0.535417 0.005469 0.018056
1 0.399219 0.538889 0.004687 0.016667
1 0.404297 0.537500 0.005469 0.016667
1 0.396875 0.453472 0.006250 0.023611
1 0.532813 0.543750 0.004687 0.020833
1 0.579688 0.468056 0.007812 0.030556
1 0.673828 0.575000 0.016406 0.022222
1 0.787109 0.440278 0.013281 0.047222
1 0.367578 0.550694 0.007031 0.012500
1 0.541016 0.580556 0.010156 0.011111
1 0.587109 0.469444 0.007031 0.033333
2 0.154297 0.460417 0.035156 0.023611
2 0.267578 0.518750 0.010156 0.020833
2 0.270703 0.488889 0.017969 0.008333
2 0.267188 0.476389 0.014063 0.005556
2 0.489063 0.543056 0.006250 0.011111
2 0.485156 0.556944 0.004687 0.016667
2 0.537500 0.516667 0.006250 0.011111
2 0.582031 0.572222 0.004687 0.008333
2 0.664062 0.517361 0.018750 0.012500
2 0.815625 0.531250 0.018750 0.031944
2 0.800391 0.480556 0.022656 0.022222
2 0.816797 0.513194 0.019531 0.012500
2 0.810156 0.500000 0.009375 0.013889
2 0.524219 0.564583 0.006250 0.004167
