2 0.837891 0.072917 0.075781 0.037500
2 0.630859 0.095139 0.099219 0.037500
2 0.805859 0.186111 0.157031 0.177778
2 0.605859 0.189583 0.166406 0.143056
2 0.453906 0.312500 0.031250 0.072222
2 0.351953 0.244444 0.074219 0.161111
2 0.219531 0.182639 0.042188 0.026389
2 0.134766 0.181250 0.038281 0.031944
2 0.253516 0.251389 0.114844 0.119444
2 0.152734 0.250000 0.077344 0.116667
7 0.566016 0.439583 0.010156 0.015278
7 0.557031 0.450694 0.012500 0.015278
7 0.650781 0.432639 0.009375 0.020833
7 0.663281 0.442361 0.007812 0.023611
7 0.688281 0.423611 0.010937 0.013889
7 0.681641 0.451389 0.011719 0.016667
7 0.693750 0.459028 0.012500 0.006944
7 0.721094 0.481250 0.020313 0.026389
7 0.683984 0.504861 0.060156 0.084722
7 0.755078 0.511111 0.057031 0.077778
7 0.568750 0.514583 0.082812 0.118056
7 0.896484 0.528472 0.172656 0.179167
7 0.317578 0.458333 0.036719 0.019444
