7 0.281641 0.650694 0.013281 0.020833
7 0.288281 0.668056 0.018750 0.033333
7 0.259375 0.654861 0.018750 0.026389
7 0.236719 0.647222 0.017188 0.030556
7 0.216797 0.653472 0.027344 0.031944
7 0.184375 0.634028 0.037500 0.040278
7 0.335156 0.660417 0.009375 0.018056
7 0.410938 0.684028 0.015625 0.029167
7 0.419922 0.686111 0.019531 0.027778
7 0.428906 0.693750 0.021875 0.037500
7 0.442188 0.704167 0.028125 0.044444
5 0.393359 0.668056 0.022656 0.047222
7 0.367578 0.661806 0.013281 0.020833
7 0.351172 0.668750 0.014844 0.026389
7 0.373437 0.690972 0.021875 0.037500
7 0.468359 0.718056 0.046094 0.063889
7 0.572266 0.786806 0.113281 0.140278
7 0.310156 0.672222 0.048438 0.080556
7 0.121094 0.664583 0.115625 0.129167
5 0.819141 0.856944 0.360156 0.283333
