7 0.167969 0.697917 0.335938 0.468056
5 0.376563 0.518750 0.168750 0.215278
7 0.461719 0.505556 0.051562 0.116667
7 0.490625 0.505556 0.028125 0.069444
7 0.503125 0.500694 0.015625 0.051389
7 0.510938 0.495833 0.010937 0.033333
7 0.518359 0.490972 0.014844 0.037500
7 0.532031 0.488889 0.010937 0.027778
7 0.540625 0.493750 0.009375 0.045833
0 0.615625 0.473611 0.075000 0.152778
0 0.579688 0.470139 0.015625 0.056944
7 0.537109 0.474306 0.014844 0.023611
3 0.662500 0.495833 0.009375 0.050000
7 0.557422 0.493750 0.028906 0.054167
2 0.252344 0.365972 0.009375 0.023611
2 0.501953 0.407639 0.016406 0.009722
2 0.755078 0.375000 0.016406 0.019444
1 0.531641 0.403472 0.003906 0.023611
1 0.575391 0.409028 0.003906 0.020833
1 0.572266 0.409722 0.003906 0.019444
1 0.579297 0.409028 0.003906 0.020833
1 0.535547 0.402083 0.003906 0.020833
1 0.526172 0.403472 0.003906 0.023611
7 0.107422 0.269444 0.214844 0.225000
