7 0.294531 0.510417 0.012500 0.023611
7 0.231250 0.507639 0.012500 0.029167
7 0.250391 0.510417 0.013281 0.018056
7 0.241016 0.509028 0.010156 0.026389
7 0.216016 0.505556 0.024219 0.038889
7 0.299609 0.504861 0.017969 0.034722
7 0.306641 0.506250 0.014844 0.040278
7 0.203125 0.509028 0.020313 0.043056
7 0.185547 0.513194 0.038281 0.048611
7 0.161328 0.518056 0.028906 0.072222
7 0.127344 0.513889 0.060937 0.097222
7 0.111328 0.527778 0.039844 0.100000
7 0.325781 0.506944 0.031250 0.061111
7 0.321484 0.515972 0.019531 0.054167
7 0.330859 0.517361 0.017969 0.054167
7 0.356641 0.513194 0.055469 0.087500
7 0.396094 0.528472 0.064062 0.145833
7 0.462891 0.544444 0.166406 0.225000
7 0.281641 0.508333 0.017969 0.027778
7 0.745703 0.599306 0.502344 0.495833
5 0.056250 0.520833 0.112500 0.169444
2 0.396875 0.411806 0.014063 0.015278
