7 0.183984 0.454861 0.124219 0.165278
7 0.064453 0.459028 0.108594 0.118056
7 0.389062 0.406250 0.021875 0.048611
7 0.314453 0.465972 0.146094 0.273611
7 0.512891 0.590278 0.332031 0.447222
7 0.871875 0.537500 0.254688 0.405556
3 0.110547 0.428472 0.013281 0.040278
3 0.125000 0.425694 0.009375 0.034722
3 0.643750 0.425694 0.021875 0.104167
3 0.664062 0.427778 0.018750 0.102778
3 0.956641 0.397917 0.032031 0.093056
3 0.924609 0.400000 0.032031 0.108333
3 0.938672 0.408333 0.049219 0.086111
3 0.986328 0.376389 0.024219 0.094444
3 0.613281 0.422917 0.014063 0.043056
1 0.150000 0.276389 0.007812 0.033333
1 0.364063 0.270833 0.009375 0.033333
1 0.358984 0.270833 0.007031 0.033333
1 0.478125 0.369444 0.007812 0.019444
1 0.524609 0.234028 0.014844 0.040278
1 0.596094 0.332639 0.025000 0.037500
2 0.087500 0.360417 0.015625 0.040278
1 0.229687 0.367361 0.006250 0.018056
2 0.592578 0.250000 0.017969 0.013889
2 0.572266 0.275000 0.013281 0.019444
2 0.581641 0.303472 0.013281 0.020833
3 0.003516 0.459028 0.007031 0.068056
