1 0.124219 0.188194 0.009375 0.031944
1 0.078125 0.218056 0.009375 0.041667
1 0.148438 0.192361 0.009375 0.031944
1 0.185938 0.232639 0.007812 0.029167
1 0.169141 0.267361 0.008594 0.020833
1 0.206641 0.255556 0.007031 0.019444
1 0.257422 0.235417 0.007031 0.023611
1 0.264062 0.236806 0.006250 0.026389
1 0.312891 0.252083 0.007031 0.023611
1 0.377734 0.288194 0.007031 0.020833
1 0.446094 0.256250 0.009375 0.020833
1 0.407031 0.313194 0.009375 0.018056
2 0.732031 0.269444 0.018750 0.036111
2 0.449609 0.203472 0.011719 0.026389
2 0.447266 0.220833 0.011719 0.022222
2 0.446875 0.237500 0.015625 0.022222
2 0.415234 0.265278 0.008594 0.013889
2 0.415625 0.278472 0.009375 0.018056
2 0.418359 0.295139 0.007031 0.015278
2 0.331641 0.294444 0.008594 0.022222
2 0.375781 0.263889 0.009375 0.022222
3 0.913672 0.453472 0.027344 0.118056
3 0.831641 0.409028 0.022656 0.062500
3 0.112891 0.298611 0.013281 0.044444
5 0.218359 0.288889 0.019531 0.033333
7 0.216016 0.311111 0.014844 0.025000
7 0.242188 0.302778 0.018750 0.044444
7 0.278125 0.322222 0.020313 0.025000
7 0.257812 0.311111 0.015625 0.022222
7 0.229297 0.317361 0.022656 0.031944
7 0.314063 0.329167 0.056250 0.041667
7 0.373047 0.346528 0.021094 0.031944
7 0.446875 0.346528 0.067187 0.054167
7 0.348047 0.344444 0.039844 0.061111
7 0.630859 0.408333 0.107031 0.108333
7 0.766797 0.452083 0.161719 0.112500
7 0.062891 0.345139 0.124219 0.226389
7 0.031641 0.382639 0.061719 0.256944
7 0.009375 0.472222 0.018750 0.188889
1 0.186328 0.277083 0.013281 0.023611
