2 0.579297 0.380556 0.042969 0.025000
2 0.563281 0.320833 0.062500 0.041667
2 0.504687 0.324306 0.045312 0.040278
2 0.442188 0.334028 0.062500 0.040278
7 0.161328 0.458333 0.027344 0.016667
7 0.468359 0.450000 0.027344 0.027778
7 0.532422 0.450000 0.021094 0.027778
7 0.490234 0.450000 0.025781 0.047222
7 0.581641 0.441667 0.014844 0.016667
7 0.557422 0.447917 0.017969 0.023611
7 0.605469 0.436806 0.017188 0.015278
7 0.618359 0.440278 0.013281 0.019444
7 0.432031 0.456944 0.034375 0.041667
7 0.510156 0.471528 0.042188 0.054167
7 0.317578 0.460417 0.055469 0.062500
