1 0.219922 0.365278 0.011719 0.038889
1 0.297266 0.368056 0.011719 0.036111
1 0.054688 0.316667 0.014063 0.047222
1 0.089063 0.336806 0.010937 0.045833
1 0.594531 0.320833 0.015625 0.055556
1 0.703906 0.399306 0.017188 0.029167
1 0.509766 0.462500 0.010156 0.016667
2 0.258594 0.349306 0.031250 0.015278
2 0.235156 0.352778 0.010937 0.022222
2 0.629687 0.342361 0.012500 0.056944
2 0.612109 0.320833 0.008594 0.025000
2 0.634766 0.339583 0.011719 0.054167
2 0.956250 0.058333 0.064062 0.116667
2 0.978906 0.156944 0.039062 0.075000
2 0.995703 0.049306 0.007031 0.076389
2 0.019141 0.284722 0.038281 0.033333
2 0.544141 0.476389 0.055469 0.100000
7 0.264453 0.533333 0.077344 0.122222
7 0.041016 0.529167 0.082031 0.122222
7 0.380859 0.592361 0.180469 0.243056
5 0.134766 0.546528 0.224219 0.243056
