2 0.345313 0.272917 0.496875 0.198611
2 0.543750 0.497222 0.021875 0.036111
2 0.079687 0.538194 0.014063 0.020833
2 0.078516 0.557639 0.011719 0.023611
2 0.296484 0.556250 0.017969 0.018056
7 0.482812 0.575694 0.023438 0.020833
7 0.512891 0.579167 0.032031 0.016667
7 0.551562 0.577083 0.045312 0.020833
7 0.566016 0.586111 0.032031 0.016667
7 0.600781 0.583333 0.037500 0.016667
7 0.652734 0.585417 0.038281 0.012500
7 0.710938 0.579861 0.040625 0.020833
7 0.727344 0.588889 0.042188 0.019444
7 0.771484 0.586806 0.053906 0.018056
7 0.810937 0.591667 0.032813 0.025000
7 0.832422 0.593056 0.033594 0.027778
7 0.871094 0.595139 0.048438 0.023611
7 0.917578 0.592361 0.060156 0.020833
7 0.960938 0.591667 0.073438 0.025000
7 0.083984 0.581250 0.019531 0.020833
7 0.029297 0.588889 0.019531 0.027778
5 0.037500 0.561806 0.054688 0.040278
7 0.056641 0.592361 0.035156 0.026389
7 0.152344 0.582639 0.026562 0.029167
7 0.105078 0.581250 0.021094 0.023611
7 0.188672 0.572222 0.025781 0.041667
5 0.209375 0.569444 0.023438 0.052778
5 0.327734 0.563889 0.035156 0.063889
2 0.008203 0.560417 0.013281 0.020833
2 0.398438 0.020139 0.003125 0.026389
