2 0.920703 0.200000 0.127344 0.250000
2 0.514062 0.286806 0.039062 0.073611
2 0.261719 0.293056 0.009375 0.019444
7 0.632422 0.369444 0.032031 0.044444
7 0.641797 0.379167 0.032031 0.041667
7 0.520312 0.352083 0.042188 0.034722
7 0.535156 0.372222 0.053125 0.033333
7 0.472266 0.355556 0.030469 0.027778
7 0.444531 0.351389 0.040625 0.019444
7 0.398438 0.341667 0.032813 0.019444
7 0.403906 0.361111 0.040625 0.041667
5 0.433594 0.332639 0.037500 0.029167
5 0.476953 0.338889 0.047656 0.044444
5 0.588281 0.363194 0.051562 0.045833
7 0.324609 0.350000 0.035156 0.038889
7 0.229687 0.340972 0.028125 0.034722
