7 0.439063 0.489583 0.010937 0.009722
7 0.428906 0.486806 0.009375 0.015278
7 0.419922 0.490278 0.013281 0.016667
7 0.392969 0.490278 0.014063 0.025000
7 0.380469 0.491667 0.015625 0.027778
7 0.367188 0.492361 0.015625 0.037500
7 0.359766 0.490972 0.016406 0.040278
7 0.338281 0.496528 0.045312 0.059722
3 0.405469 0.490278 0.034375 0.111111
7 0.450781 0.482639 0.015625 0.023611
7 0.469922 0.484028 0.013281 0.020833
7 0.485938 0.478472 0.010937 0.031944
7 0.492969 0.481250 0.015625 0.048611
7 0.506641 0.489583 0.030469 0.062500
7 0.526563 0.497917 0.056250 0.070833
3 0.558984 0.481250 0.007031 0.031944
3 0.587109 0.476389 0.017969 0.058333
3 0.626953 0.478472 0.017969 0.070833
1 0.775000 0.114583 0.020313 0.068056
1 0.757812 0.114583 0.023438 0.076389
1 0.739844 0.119444 0.018750 0.066667
2 0.886328 0.225000 0.036719 0.016667
2 0.864844 0.275694 0.037500 0.020833
1 0.843750 0.372222 0.018750 0.036111
2 0.863672 0.313889 0.022656 0.050000
2 0.838281 0.526389 0.014063 0.038889
7 0.942969 0.488889 0.109375 0.113889
7 0.277734 0.504167 0.089844 0.094444
4 0.584766 0.486111 0.013281 0.033333
2 0.835547 0.276389 0.024219 0.119444
2 0.875000 0.348611 0.012500 0.061111
