7 0.234375 0.515972 0.020313 0.040278
7 0.180859 0.513889 0.063281 0.077778
7 0.139844 0.493750 0.114062 0.126389
2 0.363281 0.463194 0.017188 0.045833
2 0.242969 0.471528 0.010937 0.015278
7 0.383984 0.509722 0.021094 0.022222
7 0.364063 0.505556 0.009375 0.025000
7 0.344531 0.511111 0.032813 0.038889
7 0.424219 0.507639 0.007812 0.018056
7 0.411719 0.509028 0.017188 0.026389
7 0.444141 0.506250 0.010156 0.015278
7 0.467969 0.495139 0.006250 0.012500
7 0.462109 0.505556 0.010156 0.016667
7 0.481250 0.488889 0.012500 0.011111
7 0.474219 0.505556 0.009375 0.013889
7 0.481250 0.507639 0.010937 0.020833
7 0.516797 0.504861 0.010156 0.018056
7 0.506641 0.511806 0.014844 0.023611
7 0.523047 0.510417 0.014844 0.023611
7 0.549609 0.509028 0.013281 0.023611
7 0.575391 0.522917 0.017969 0.045833
7 0.648828 0.500000 0.021094 0.013889
7 0.652344 0.516667 0.023438 0.044444
7 0.667188 0.518750 0.032813 0.051389
7 0.699219 0.513194 0.051562 0.059722
7 0.866016 0.502083 0.021094 0.029167
7 0.891016 0.501389 0.038281 0.038889
7 0.800391 0.502083 0.025781 0.031944
7 0.732031 0.528472 0.065625 0.065278
7 0.608984 0.534722 0.075781 0.108333
7 0.534375 0.514583 0.020313 0.031944
7 0.493750 0.515972 0.021875 0.034722
2 0.853125 0.436806 0.010937 0.020833
2 0.850391 0.456250 0.007031 0.015278
