7 0.587500 0.479861 0.007812 0.040278
7 0.596094 0.484722 0.006250 0.050000
7 0.605859 0.486806 0.013281 0.054167
7 0.613281 0.490278 0.012500 0.061111
7 0.621094 0.493056 0.014063 0.069444
7 0.642578 0.506250 0.046094 0.104167
7 0.683203 0.520139 0.088281 0.143056
7 0.489844 0.486111 0.017188 0.013889
7 0.477344 0.489583 0.015625 0.040278
7 0.462891 0.493750 0.021094 0.040278
7 0.783594 0.546528 0.201563 0.223611
7 0.154297 0.471528 0.114844 0.034722
7 0.207031 0.550694 0.120313 0.156944
7 0.389062 0.515278 0.025000 0.075000
7 0.342969 0.522917 0.082812 0.081944
7 0.506250 0.484722 0.017188 0.019444
7 0.090625 0.582639 0.181250 0.201389
2 0.970313 0.226389 0.050000 0.183333
2 0.282422 0.379167 0.010156 0.030556
2 0.353125 0.420139 0.012500 0.051389
