1 0.356250 0.587500 0.009375 0.019444
7 0.364844 0.593056 0.010937 0.019444
7 0.328906 0.588889 0.020313 0.022222
7 0.299609 0.592361 0.027344 0.029167
7 0.243359 0.580556 0.027344 0.063889
7 0.118359 0.604167 0.094531 0.113889
7 0.433203 0.586111 0.016406 0.019444
7 0.446484 0.579861 0.022656 0.026389
5 0.532031 0.540278 0.142187 0.113889
7 0.572656 0.578472 0.087500 0.101389
7 0.607031 0.581944 0.062500 0.125000
7 0.725000 0.568750 0.209375 0.190278
7 0.744141 0.604861 0.182031 0.184722
7 0.860938 0.631250 0.276562 0.259722
7 0.953125 0.670833 0.089063 0.233333
5 0.037891 0.601389 0.075781 0.172222
7 0.209375 0.589583 0.065625 0.076389
7 0.397266 0.574306 0.036719 0.048611
1 0.419531 0.580556 0.010937 0.019444
