2 0.695312 0.063194 0.089063 0.034722
2 0.755078 0.075000 0.038281 0.027778
2 0.770703 0.099306 0.032031 0.029167
2 0.776953 0.130556 0.036719 0.022222
2 0.342578 0.249306 0.010156 0.015278
2 0.200391 0.246528 0.014844 0.020833
1 0.615625 0.022222 0.015625 0.044444
1 0.626172 0.020833 0.010156 0.041667
1 0.603516 0.023611 0.011719 0.047222
1 0.773047 0.232639 0.024219 0.040278
3 0.181250 0.355556 0.025000 0.113889
3 0.025000 0.365972 0.034375 0.126389
3 0.883594 0.354167 0.029687 0.155556
7 0.524219 0.330556 0.012500 0.016667
7 0.512500 0.331250 0.010937 0.015278
7 0.507422 0.335417 0.011719 0.018056
7 0.496484 0.325694 0.019531 0.034722
7 0.493359 0.341667 0.024219 0.047222
7 0.426172 0.345833 0.036719 0.055556
7 0.467187 0.351389 0.054688 0.066667
7 0.561328 0.359722 0.078906 0.125000
7 0.044922 0.606944 0.089844 0.433333
