7 0.413672 0.571528 0.007031 0.009722
7 0.396094 0.574306 0.012500 0.018056
7 0.376563 0.572222 0.020313 0.025000
7 0.353906 0.574306 0.014063 0.018056
7 0.309375 0.577083 0.021875 0.029167
7 0.287891 0.578472 0.021094 0.031944
7 0.480078 0.573611 0.016406 0.030556
7 0.824609 0.590278 0.075781 0.111111
7 0.081641 0.598611 0.055469 0.072222
7 0.033594 0.600694 0.067187 0.081944
3 0.733203 0.600000 0.024219 0.088889
3 0.651563 0.586111 0.018750 0.077778
3 0.635547 0.591667 0.011719 0.075000
7 0.180078 0.606250 0.202344 0.229167
7 0.339453 0.575694 0.014844 0.018056
7 0.425781 0.579861 0.023438 0.031944
5 0.458203 0.562500 0.022656 0.052778
