2 0.146875 0.360417 0.017188 0.018056
2 0.105469 0.407639 0.015625 0.037500
2 0.608203 0.281944 0.019531 0.016667
2 0.624609 0.325694 0.013281 0.023611
7 0.386719 0.432639 0.009375 0.020833
7 0.378125 0.427778 0.012500 0.016667
7 0.367578 0.435417 0.017969 0.023611
7 0.357812 0.440278 0.017188 0.027778
7 0.348438 0.440972 0.017188 0.023611
7 0.336719 0.445833 0.025000 0.030556
7 0.319531 0.450694 0.029687 0.054167
7 0.471484 0.418056 0.021094 0.030556
7 0.477734 0.422917 0.022656 0.026389
0 0.613281 0.418750 0.078125 0.068056
7 0.103125 0.481250 0.075000 0.062500
7 0.403906 0.425694 0.014063 0.020833
7 0.452734 0.425694 0.014844 0.020833
7 0.307812 0.461806 0.048438 0.056944
7 0.481641 0.435417 0.027344 0.037500
7 0.535156 0.452778 0.053125 0.058333
7 0.036719 0.520139 0.073438 0.159722
