3 0.653125 0.651389 0.015625 0.069444
3 0.672656 0.621528 0.009375 0.034722
3 0.700391 0.642361 0.017969 0.062500
3 0.726562 0.655556 0.015625 0.113889
3 0.610156 0.640972 0.010937 0.029167
3 0.838281 0.622222 0.017188 0.061111
3 0.768359 0.650000 0.014844 0.061111
3 0.781250 0.663889 0.015625 0.091667
3 0.799219 0.652083 0.031250 0.118056
7 0.589063 0.665278 0.031250 0.122222
7 0.426172 0.695139 0.333594 0.529167
7 0.885547 0.728472 0.225781 0.534722
2 0.009375 0.511111 0.018750 0.075000
2 0.169141 0.603472 0.011719 0.029167
2 0.166797 0.563889 0.011719 0.047222
2 0.134375 0.436806 0.021875 0.026389
2 0.123438 0.461806 0.034375 0.018056
1 0.357422 0.381944 0.013281 0.047222
1 0.371484 0.384722 0.011719 0.052778
1 0.118359 0.516667 0.021094 0.038889
2 0.149609 0.522222 0.007031 0.033333
2 0.642969 0.524306 0.015625 0.015278
2 0.642969 0.558333 0.021875 0.011111
1 0.655859 0.576389 0.011719 0.022222
2 0.760938 0.505556 0.021875 0.052778
1 0.775391 0.520139 0.024219 0.037500
1 0.544922 0.444444 0.008594 0.019444
2 0.148828 0.422222 0.024219 0.033333
2 0.612500 0.573611 0.010937 0.036111
