1 0.379297 0.206250 0.016406 0.079167
1 0.832422 0.290278 0.010156 0.066667
1 0.849609 0.468750 0.019531 0.037500
1 0.196094 0.486111 0.015625 0.030556
1 0.406641 0.209028 0.014844 0.070833
1 0.215625 0.484722 0.010937 0.041667
1 0.826562 0.471528 0.015625 0.031944
2 0.230469 0.293056 0.017188 0.047222
2 0.230859 0.329167 0.016406 0.033333
2 0.222656 0.375694 0.034375 0.023611
2 0.230859 0.401389 0.010156 0.016667
2 0.833984 0.439583 0.007031 0.018056
2 0.844531 0.425000 0.032813 0.013889
3 0.178516 0.595139 0.033594 0.101389
3 0.107031 0.593750 0.026562 0.112500
3 0.682031 0.660417 0.071875 0.281944
3 0.939453 0.654861 0.092969 0.329167
3 0.994531 0.600694 0.007812 0.090278
7 0.541797 0.569444 0.013281 0.038889
7 0.567578 0.571528 0.022656 0.037500
7 0.492578 0.554167 0.013281 0.022222
7 0.477344 0.555556 0.021875 0.036111
7 0.473047 0.563194 0.019531 0.034722
7 0.455469 0.566667 0.025000 0.044444
7 0.454688 0.574306 0.017188 0.034722
7 0.444922 0.574306 0.013281 0.054167
7 0.426953 0.571528 0.041406 0.065278
7 0.412109 0.579167 0.039844 0.069444
7 0.380859 0.586806 0.064844 0.084722
5 0.501172 0.545833 0.011719 0.038889
5 0.517188 0.535417 0.023438 0.026389
5 0.553125 0.547917 0.029687 0.076389
5 0.531250 0.534722 0.010937 0.022222
5 0.605078 0.547222 0.053906 0.111111
7 0.519141 0.575000 0.032031 0.047222
3 0.642578 0.562500 0.022656 0.055556
