7 0.301953 0.487500 0.014844 0.019444
7 0.275391 0.497222 0.011719 0.027778
7 0.265625 0.494444 0.012500 0.033333
7 0.258203 0.498611 0.011719 0.036111
7 0.247266 0.497917 0.019531 0.037500
7 0.226562 0.495833 0.032813 0.050000
7 0.198047 0.502083 0.047656 0.054167
7 0.144922 0.502083 0.058594 0.098611
7 0.064844 0.513889 0.118750 0.133333
7 0.350781 0.491667 0.006250 0.013889
7 0.357422 0.494444 0.008594 0.013889
7 0.357422 0.497917 0.002344 0.023611
7 0.364453 0.498611 0.010156 0.022222
7 0.377734 0.502083 0.021094 0.034722
7 0.403125 0.509722 0.037500 0.052778
7 0.439453 0.525000 0.038281 0.088889
7 0.478906 0.530556 0.075000 0.116667
7 0.507812 0.565278 0.089063 0.119444
7 0.011719 0.540972 0.023438 0.118056
7 0.625000 0.586111 0.198437 0.230556
7 0.333984 0.495833 0.017969 0.025000
2 0.085938 0.370833 0.026562 0.055556
5 0.283594 0.483333 0.023438 0.038889
