7 0.267969 0.340972 0.029687 0.040278
7 0.228125 0.342361 0.035937 0.040278
7 0.382812 0.315972 0.020313 0.012500
7 0.363672 0.354167 0.058594 0.063889
7 0.305859 0.352083 0.060156 0.084722
7 0.433594 0.306250 0.017188 0.015278
7 0.449219 0.318056 0.023438 0.022222
7 0.488672 0.323611 0.030469 0.011111
7 0.494531 0.356250 0.050000 0.059722
7 0.360547 0.306250 0.011719 0.015278
7 0.378125 0.306250 0.010937 0.015278
7 0.154297 0.326389 0.039844 0.033333
7 0.478516 0.320139 0.025781 0.026389
7 0.480078 0.305556 0.022656 0.022222
7 0.455078 0.307639 0.016406 0.018056
7 0.412109 0.315972 0.011719 0.012500
5 0.406250 0.307639 0.012500 0.026389
5 0.071094 0.299306 0.142187 0.076389
5 0.133203 0.500000 0.264844 0.347222
5 0.415625 0.504861 0.254688 0.340278
2 0.405078 0.231944 0.010156 0.019444
2 0.590234 0.281944 0.019531 0.033333
2 0.543750 0.293750 0.012500 0.015278
2 0.694922 0.325694 0.008594 0.031944
2 0.690234 0.115278 0.030469 0.044444
2 0.688672 0.180556 0.042969 0.055556
2 0.689453 0.221528 0.019531 0.023611
3 0.558203 0.337500 0.011719 0.038889
3 0.578906 0.345833 0.007812 0.050000
4 0.585547 0.358333 0.011719 0.033333
3 0.659375 0.350000 0.015625 0.063889
3 0.637891 0.343750 0.013281 0.059722
3 0.622656 0.343750 0.014063 0.051389
7 0.911328 0.310417 0.174219 0.159722
1 0.509375 0.303472 0.009375 0.012500
1 0.350781 0.309722 0.010937 0.008333
2 0.419531 0.229167 0.012500 0.013889
