7 0.301172 0.461111 0.080469 0.091667
7 0.426563 0.434722 0.018750 0.025000
7 0.477734 0.440278 0.017969 0.027778
7 0.500391 0.437500 0.027344 0.027778
7 0.517969 0.434722 0.012500 0.016667
7 0.450781 0.445139 0.048438 0.051389
7 0.376172 0.448611 0.100781 0.100000
0 0.528906 0.425694 0.015625 0.031944
0 0.554297 0.406250 0.035156 0.054167
5 0.596094 0.418056 0.035937 0.075000
7 0.599219 0.445833 0.021875 0.041667
7 0.621875 0.441667 0.035937 0.061111
7 0.651563 0.447917 0.056250 0.081944
7 0.725781 0.469444 0.123438 0.152778
7 0.549219 0.450694 0.057813 0.076389
7 0.888672 0.520833 0.221094 0.455556
7 0.008984 0.447917 0.017969 0.195833
