7 0.100391 0.547222 0.038281 0.044444
7 0.046094 0.550000 0.090625 0.063889
7 0.298828 0.550000 0.017969 0.016667
7 0.279297 0.550000 0.019531 0.016667
7 0.515625 0.596528 0.062500 0.115278
7 0.874609 0.582639 0.046094 0.040278
7 0.935937 0.587500 0.053125 0.044444
7 0.988672 0.590278 0.019531 0.033333
7 0.840625 0.666667 0.125000 0.161111
5 0.664844 0.568750 0.234375 0.395833
7 0.323047 0.555556 0.024219 0.055556
7 0.412891 0.638194 0.214844 0.329167
2 0.375781 0.440278 0.067187 0.061111
2 0.437109 0.445833 0.047656 0.086111
2 0.451953 0.402083 0.021094 0.015278
2 0.255859 0.430556 0.113281 0.041667
5 0.191016 0.543750 0.160156 0.231944
