7 0.133984 0.381944 0.133594 0.144444
7 0.420312 0.323611 0.042188 0.066667
7 0.341797 0.312500 0.021094 0.044444
7 0.380859 0.297917 0.011719 0.018056
7 0.025781 0.356250 0.050000 0.081944
7 0.362109 0.310417 0.011719 0.031944
3 0.471484 0.312500 0.008594 0.038889
3 0.478906 0.309722 0.004687 0.041667
3 0.486719 0.312500 0.006250 0.036111
2 0.241016 0.262500 0.010156 0.013889
2 0.293750 0.175694 0.009375 0.029167
2 0.526953 0.234028 0.011719 0.012500
2 0.430859 0.279861 0.007031 0.020833
2 0.573828 0.200694 0.039844 0.062500
2 0.579688 0.248611 0.018750 0.033333
7 0.203125 0.356250 0.075000 0.109722
