2 0.464062 0.325000 0.014063 0.044444
2 0.904297 0.365278 0.027344 0.047222
2 0.766406 0.381944 0.010937 0.027778
7 0.005859 0.326389 0.011719 0.052778
7 0.983203 0.461806 0.030469 0.040278
7 0.072656 0.309028 0.021875 0.020833
7 0.105078 0.322222 0.050781 0.041667
7 0.144922 0.340972 0.039844 0.062500
7 0.116016 0.348611 0.057031 0.052778
7 0.051953 0.333333 0.077344 0.066667
7 0.175391 0.351389 0.061719 0.058333
7 0.216406 0.352083 0.025000 0.031944
7 0.250391 0.361111 0.052344 0.058333
7 0.289062 0.367361 0.037500 0.048611
7 0.294531 0.355556 0.020313 0.027778
7 0.328516 0.366667 0.052344 0.055556
7 0.355078 0.363889 0.008594 0.016667
7 0.377344 0.381944 0.057813 0.063889
7 0.409375 0.386806 0.020313 0.043056
7 0.448047 0.372222 0.028906 0.022222
7 0.433984 0.393056 0.041406 0.050000
7 0.466406 0.384028 0.014063 0.023611
7 0.487109 0.402083 0.050781 0.056944
7 0.518359 0.391667 0.017969 0.019444
7 0.541797 0.408333 0.041406 0.055556
7 0.564844 0.395833 0.012500 0.025000
7 0.591797 0.405556 0.052344 0.061111
7 0.618750 0.394444 0.018750 0.025000
7 0.646094 0.421528 0.060937 0.059722
7 0.664062 0.404167 0.012500 0.016667
7 0.698438 0.420139 0.060937 0.068056
7 0.742188 0.432639 0.050000 0.051389
5 0.803125 0.430556 0.071875 0.075000
7 0.874609 0.450000 0.014844 0.047222
7 0.908594 0.452778 0.062500 0.055556
7 0.951172 0.454861 0.047656 0.051389
7 0.962109 0.636806 0.072656 0.229167
