7 0.648828 0.590278 0.016406 0.052778
7 0.630469 0.610417 0.051562 0.073611
5 0.566406 0.577083 0.081250 0.098611
7 0.492188 0.628472 0.065625 0.101389
7 0.419531 0.722917 0.187500 0.231944
5 0.777734 0.618750 0.253906 0.412500
3 0.452344 0.592361 0.010937 0.031944
3 0.436719 0.600694 0.007812 0.020833
3 0.423828 0.600694 0.008594 0.020833
3 0.414844 0.597917 0.012500 0.023611
3 0.399609 0.597222 0.013281 0.027778
3 0.503906 0.581944 0.007812 0.030556
3 0.520312 0.592361 0.007812 0.037500
3 0.207422 0.621528 0.011719 0.051389
3 0.087891 0.622222 0.016406 0.050000
3 0.052734 0.623611 0.016406 0.050000
4 0.025781 0.809028 0.051562 0.234722
8 0.020313 0.679861 0.040625 0.251389
1 0.983984 0.608333 0.030469 0.094444
1 0.520312 0.486806 0.009375 0.031944
1 0.526563 0.489583 0.010937 0.031944
2 0.771484 0.377083 0.032031 0.048611
