7 0.367969 0.524306 0.023438 0.040278
7 0.342187 0.534028 0.045312 0.054167
7 0.300391 0.540278 0.046094 0.069444
7 0.235156 0.552778 0.096875 0.111111
7 0.178516 0.557639 0.041406 0.062500
7 0.141406 0.561806 0.050000 0.076389
7 0.512109 0.520139 0.014844 0.020833
7 0.531250 0.515278 0.026562 0.033333
7 0.543359 0.520833 0.021094 0.030556
7 0.549219 0.522222 0.028125 0.058333
7 0.578125 0.524306 0.053125 0.073611
7 0.583203 0.539583 0.042969 0.070833
7 0.605469 0.544444 0.046875 0.083333
7 0.655078 0.548611 0.107031 0.141667
7 0.408984 0.543750 0.075781 0.120833
7 0.060156 0.564583 0.120313 0.220833
2 0.240234 0.338194 0.033594 0.068056
2 0.241406 0.386806 0.032813 0.026389
1 0.236719 0.243056 0.017188 0.061111
3 0.752344 0.521528 0.026562 0.106944
3 0.886719 0.518056 0.040625 0.147222
2 0.779297 0.313889 0.050781 0.033333
1 0.811719 0.368750 0.035937 0.040278
1 0.785937 0.368750 0.028125 0.051389
4 0.988281 0.556944 0.017188 0.063889
