1 0.614062 0.515278 0.007812 0.013889
1 0.663672 0.517361 0.003906 0.018056
3 0.050391 0.739583 0.100781 0.512500
4 0.085938 0.879861 0.168750 0.234722
3 0.408203 0.560417 0.010156 0.012500
7 0.162109 0.711111 0.324219 0.519444
7 0.309766 0.609028 0.146094 0.148611
7 0.401953 0.614583 0.053906 0.087500
7 0.458594 0.618056 0.095312 0.102778
7 0.447656 0.555556 0.050000 0.025000
5 0.517188 0.550000 0.101562 0.180556
7 0.578906 0.584028 0.031250 0.056944
7 0.596094 0.572222 0.023438 0.047222
7 0.816406 0.765972 0.362500 0.459722
7 0.714844 0.626389 0.146875 0.222222
7 0.651563 0.577083 0.025000 0.054167
7 0.634766 0.571528 0.021094 0.029167
7 0.616797 0.565972 0.010156 0.018056
