1 0.244922 0.290278 0.008594 0.052778
1 0.439063 0.343056 0.007812 0.047222
1 0.571094 0.477778 0.012500 0.016667
1 0.233984 0.289583 0.008594 0.045833
1 0.258594 0.294444 0.009375 0.058333
1 0.424219 0.343056 0.009375 0.038889
1 0.560937 0.480556 0.010937 0.025000
2 0.565234 0.421528 0.014844 0.015278
2 0.554297 0.450694 0.024219 0.012500
1 0.777734 0.420139 0.021094 0.037500
7 0.242188 0.582639 0.039062 0.043056
7 0.272266 0.582639 0.046094 0.054167
7 0.489453 0.546528 0.014844 0.037500
7 0.506250 0.562500 0.035937 0.061111
7 0.534375 0.556944 0.032813 0.052778
7 0.618750 0.619444 0.128125 0.150000
7 0.813281 0.680556 0.368750 0.375000
7 0.109375 0.566667 0.093750 0.300000
7 0.392578 0.631250 0.230469 0.373611
7 0.053516 0.661111 0.107031 0.605556
7 0.926172 0.843750 0.142969 0.306944
1 0.187500 0.511806 0.021875 0.029167
