7 0.460938 0.402083 0.321875 0.543056
7 0.876953 0.386111 0.242969 0.447222
2 0.934375 0.072917 0.032813 0.031944
2 0.944922 0.155556 0.027344 0.013889
2 0.924219 0.193056 0.018750 0.013889
2 0.921875 0.169444 0.015625 0.011111
2 0.403125 0.140972 0.029687 0.015278
1 0.401953 0.098611 0.008594 0.047222
1 0.892188 0.042361 0.012500 0.059722
1 0.866797 0.047222 0.014844 0.063889
5 0.951172 0.209028 0.091406 0.087500
7 0.805078 0.335417 0.022656 0.020833
7 0.671094 0.317361 0.056250 0.031944
7 0.721094 0.327083 0.048438 0.020833
7 0.621875 0.327778 0.039062 0.022222
7 0.585938 0.318750 0.026562 0.054167
7 0.217578 0.317361 0.069531 0.081944
7 0.121094 0.315278 0.050000 0.041667
7 0.160938 0.317361 0.025000 0.026389
5 0.257812 0.295833 0.062500 0.083333
5 0.315234 0.295139 0.027344 0.029167
