1 0.676172 0.238889 0.013281 0.061111
1 0.660937 0.254167 0.015625 0.080556
1 0.912109 0.218750 0.017969 0.076389
1 0.931641 0.369444 0.011719 0.041667
1 0.378516 0.384722 0.008594 0.033333
1 0.360156 0.388889 0.009375 0.047222
1 0.367969 0.384722 0.007812 0.058333
2 0.379688 0.429861 0.018750 0.015278
2 0.759375 0.211111 0.064062 0.030556
2 0.936719 0.292361 0.081250 0.093056
2 0.765625 0.366667 0.042188 0.072222
2 0.621094 0.425694 0.012500 0.020833
2 0.655078 0.420139 0.016406 0.034722
2 0.826953 0.425000 0.014844 0.036111
2 0.876563 0.382639 0.009375 0.040278
2 0.535156 0.431250 0.017188 0.020833
2 0.374219 0.444444 0.007812 0.019444
2 0.442188 0.207639 0.045312 0.220833
2 0.589063 0.347222 0.010937 0.025000
2 0.594141 0.371528 0.007031 0.012500
7 0.892969 0.701389 0.207813 0.586111
7 0.758984 0.601389 0.171094 0.213889
3 0.749609 0.468750 0.011719 0.051389
7 0.521484 0.484028 0.035156 0.051389
7 0.567187 0.472222 0.021875 0.033333
7 0.553125 0.465972 0.010937 0.018056
7 0.623437 0.457639 0.017188 0.026389
7 0.694141 0.456944 0.013281 0.013889
7 0.722656 0.448611 0.023438 0.016667
7 0.855469 0.464583 0.028125 0.043056
7 0.884766 0.463194 0.017969 0.031944
2 0.391406 0.420833 0.017188 0.041667
7 0.539062 0.459722 0.010937 0.016667
7 0.606641 0.459722 0.011719 0.016667
