7 0.545703 0.646528 0.033594 0.070833
7 0.617969 0.689583 0.146875 0.231944
7 0.370312 0.718750 0.423438 0.554167
7 0.818359 0.729167 0.360156 0.533333
3 0.097656 0.725000 0.015625 0.063889
3 0.084766 0.720139 0.021094 0.076389
3 0.036328 0.765278 0.030469 0.161111
3 0.123047 0.718750 0.016406 0.068056
3 0.131250 0.706250 0.012500 0.056944
3 0.150391 0.706250 0.019531 0.065278
3 0.162109 0.696528 0.013281 0.059722
3 0.170703 0.697222 0.011719 0.041667
8 0.018750 0.763889 0.035937 0.138889
4 0.021484 0.815972 0.042969 0.106944
2 0.612891 0.546528 0.013281 0.031944
3 0.551953 0.606250 0.010156 0.029167
3 0.694141 0.588889 0.022656 0.047222
