2 0.276172 0.244444 0.078906 0.052778
2 0.362500 0.241667 0.078125 0.055556
2 0.397266 0.271528 0.017969 0.031944
5 0.979297 0.318056 0.036719 0.352778
7 0.432031 0.370139 0.076563 0.118056
7 0.524219 0.370139 0.062500 0.079167
7 0.584375 0.361806 0.054688 0.056944
7 0.620313 0.362500 0.031250 0.052778
7 0.482812 0.356944 0.034375 0.041667
5 0.077344 0.349306 0.154688 0.073611
7 0.021875 0.343750 0.043750 0.048611
7 0.222656 0.352083 0.040625 0.031944
7 0.276172 0.351389 0.042969 0.025000
7 0.313281 0.352778 0.023438 0.016667
7 0.330859 0.348611 0.016406 0.016667
7 0.342187 0.351389 0.010937 0.013889
7 0.359375 0.350000 0.014063 0.013889
7 0.370312 0.347917 0.010937 0.009722
2 0.328906 0.301389 0.031250 0.027778
7 0.383594 0.343750 0.014063 0.015278
