7 0.459375 0.431944 0.010937 0.013889
7 0.453516 0.436806 0.007031 0.018056
7 0.447656 0.435417 0.010937 0.020833
7 0.441406 0.438889 0.010937 0.022222
7 0.469141 0.437500 0.016406 0.025000
7 0.383984 0.449306 0.030469 0.043056
7 0.376563 0.455556 0.020313 0.036111
7 0.562500 0.454167 0.014063 0.044444
7 0.583594 0.454861 0.040625 0.073611
7 0.610156 0.465972 0.051562 0.084722
7 0.634766 0.482639 0.071094 0.093056
7 0.733203 0.521528 0.158594 0.156944
7 0.343359 0.450694 0.052344 0.070833
7 0.513281 0.468750 0.089063 0.145833
7 0.428906 0.439583 0.025000 0.034722
7 0.054297 0.513194 0.108594 0.170833
2 0.760938 0.357639 0.046875 0.073611
2 0.407813 0.411111 0.007812 0.016667
