7 0.333594 0.422917 0.067187 0.081944
7 0.415625 0.409722 0.032813 0.036111
7 0.482031 0.430556 0.095312 0.138889
7 0.728125 0.418056 0.120313 0.111111
7 0.555859 0.393056 0.011719 0.011111
2 0.394141 0.275000 0.047656 0.055556
2 0.323828 0.265278 0.046094 0.058333
2 0.597656 0.367361 0.010937 0.020833
2 0.546875 0.368750 0.014063 0.018056
2 0.406250 0.329861 0.015625 0.009722
2 0.391016 0.329861 0.011719 0.012500
2 0.373437 0.347917 0.007812 0.012500
2 0.373047 0.364583 0.005469 0.012500
2 0.296875 0.347222 0.014063 0.022222
2 0.297266 0.365278 0.007031 0.011111
2 0.242188 0.311806 0.018750 0.048611
2 0.463672 0.357639 0.022656 0.015278
2 0.583203 0.050000 0.038281 0.069444
2 0.626172 0.064583 0.041406 0.070833
0 0.716016 0.293056 0.042969 0.019444
1 0.359766 0.227778 0.010156 0.033333
1 0.438281 0.236806 0.007812 0.029167
1 0.588281 0.235417 0.010937 0.034722
1 0.166406 0.613889 0.006250 0.005556
1 0.482422 0.234028 0.010156 0.043056
1 0.642578 0.382639 0.008594 0.015278
