2 0.680078 0.331250 0.039844 0.018056
2 0.646484 0.359028 0.010156 0.020833
2 0.658203 0.397222 0.042969 0.030556
2 0.464453 0.547222 0.008594 0.011111
2 0.493359 0.516667 0.007031 0.011111
1 0.392578 0.534028 0.005469 0.015278
1 0.366016 0.500694 0.007031 0.018056
1 0.657422 0.456250 0.016406 0.037500
1 0.684375 0.454861 0.018750 0.034722
1 0.488281 0.111806 0.021875 0.095833
1 0.515234 0.111806 0.025781 0.106944
7 0.423438 0.565972 0.006250 0.012500
7 0.428906 0.572917 0.007812 0.015278
7 0.433594 0.576389 0.012500 0.027778
7 0.446484 0.581250 0.010156 0.029167
7 0.455078 0.584722 0.017969 0.038889
7 0.400000 0.568056 0.004687 0.013889
7 0.396094 0.572917 0.009375 0.020833
7 0.373047 0.573611 0.007031 0.016667
7 0.364844 0.579167 0.014063 0.025000
7 0.363672 0.580556 0.010156 0.025000
7 0.355469 0.584722 0.018750 0.025000
7 0.334766 0.591667 0.027344 0.033333
7 0.320312 0.597222 0.015625 0.038889
7 0.304297 0.600000 0.028906 0.044444
7 0.466016 0.588889 0.021094 0.044444
7 0.478906 0.593750 0.023438 0.062500
7 0.496875 0.597917 0.037500 0.093056
7 0.141016 0.646528 0.097656 0.123611
7 0.223828 0.627778 0.146094 0.161111
7 0.384375 0.575694 0.020313 0.031944
7 0.539453 0.601389 0.094531 0.122222
