7 0.484766 0.552778 0.010156 0.022222
7 0.500000 0.550694 0.018750 0.043056
7 0.516797 0.563194 0.033594 0.051389
7 0.445703 0.561806 0.013281 0.054167
7 0.467187 0.572917 0.048438 0.070833
7 0.360938 0.561111 0.051562 0.097222
7 0.603125 0.605556 0.167187 0.269444
0 0.817187 0.505556 0.360938 0.391667
1 0.643750 0.409028 0.012500 0.043056
1 0.391016 0.436806 0.010156 0.034722
1 0.483203 0.434028 0.007031 0.026389
1 0.453516 0.508333 0.005469 0.022222
1 0.400000 0.480556 0.009375 0.025000
2 0.439063 0.520833 0.009375 0.025000
2 0.414844 0.533333 0.006250 0.016667
2 0.416016 0.507639 0.007031 0.020833
1 0.251953 0.448611 0.014844 0.022222
2 0.255859 0.402778 0.028906 0.022222
2 0.224609 0.483333 0.017969 0.036111
2 0.320312 0.466667 0.015625 0.013889
7 0.315234 0.564583 0.039844 0.065278
1 0.323828 0.507639 0.013281 0.026389
