7 0.216016 0.293750 0.011719 0.009722
7 0.204297 0.291667 0.011719 0.008333
7 0.208203 0.301389 0.007031 0.011111
7 0.239844 0.293056 0.006250 0.008333
7 0.250391 0.295833 0.005469 0.008333
7 0.214844 0.272222 0.007812 0.011111
7 0.196875 0.273611 0.004687 0.005556
7 0.238672 0.273611 0.008594 0.008333
7 0.367969 0.305556 0.012500 0.013889
7 0.137500 0.307639 0.017188 0.020833
7 0.257812 0.295139 0.010937 0.012500
7 0.275781 0.297222 0.009375 0.013889
7 0.192969 0.295139 0.007812 0.012500
7 0.202734 0.303472 0.011719 0.015278
7 0.173437 0.308333 0.014063 0.016667
7 0.119141 0.311111 0.024219 0.033333
7 0.005469 0.316667 0.010937 0.036111
2 0.637109 0.250694 0.024219 0.040278
2 0.014453 0.259722 0.014844 0.025000
7 0.359375 0.326389 0.034375 0.050000
7 0.425000 0.315278 0.026562 0.036111
7 0.545312 0.325694 0.046875 0.068056
2 0.413281 0.289583 0.023438 0.023611
2 0.780469 0.333333 0.006250 0.030556
