1 0.470703 0.352778 0.008594 0.019444
2 0.575781 0.277083 0.010937 0.031944
2 0.520312 0.307639 0.007812 0.023611
2 0.353906 0.344444 0.010937 0.013889
7 0.414844 0.368750 0.014063 0.037500
7 0.370703 0.377083 0.019531 0.029167
7 0.396484 0.379167 0.027344 0.036111
7 0.432422 0.379167 0.030469 0.033333
7 0.449219 0.373611 0.009375 0.016667
7 0.460156 0.379167 0.012500 0.036111
7 0.485938 0.388194 0.043750 0.054167
7 0.569922 0.402083 0.116406 0.170833
7 0.635938 0.459028 0.167187 0.195833
7 0.836719 0.534028 0.325000 0.612500
7 0.353906 0.376389 0.010937 0.030556
7 0.334766 0.377083 0.030469 0.051389
7 0.316797 0.386806 0.019531 0.043056
7 0.302734 0.390278 0.025781 0.050000
7 0.255469 0.397917 0.073438 0.081944
7 0.198047 0.384722 0.036719 0.038889
7 0.068359 0.444444 0.135156 0.136111
7 0.010156 0.485417 0.020313 0.126389
