7 0.417969 0.634722 0.009375 0.019444
7 0.411328 0.637500 0.013281 0.025000
7 0.490234 0.626389 0.007031 0.016667
7 0.494922 0.638194 0.010156 0.026389
7 0.502344 0.638194 0.014063 0.037500
7 0.519141 0.636806 0.046094 0.045833
7 0.458984 0.643750 0.036719 0.054167
7 0.370312 0.639583 0.020313 0.029167
7 0.280078 0.641667 0.088281 0.111111
7 0.236328 0.631250 0.025781 0.034722
7 0.224219 0.640278 0.034375 0.055556
7 0.211719 0.644444 0.057813 0.063889
7 0.154688 0.633333 0.064062 0.083333
7 0.096875 0.640972 0.142187 0.093056
7 0.038672 0.651389 0.077344 0.097222
2 0.316797 0.582639 0.019531 0.037500
2 0.555469 0.570139 0.014063 0.026389
