7 0.100000 0.512500 0.042188 0.033333
7 0.180469 0.501389 0.065625 0.061111
7 0.262891 0.509722 0.036719 0.044444
7 0.289062 0.502778 0.026562 0.047222
7 0.318750 0.509028 0.023438 0.026389
7 0.388672 0.499306 0.014844 0.023611
7 0.414844 0.495139 0.021875 0.031944
7 0.438672 0.489583 0.025781 0.037500
7 0.462500 0.497917 0.034375 0.048611
7 0.488672 0.506250 0.024219 0.031944
7 0.507812 0.509722 0.042188 0.050000
7 0.536719 0.500694 0.031250 0.043056
7 0.569531 0.504167 0.037500 0.044444
7 0.598047 0.509028 0.022656 0.026389
7 0.366406 0.503472 0.026562 0.026389
7 0.653125 0.520833 0.067187 0.055556
5 0.842969 0.429167 0.312500 0.333333
7 0.052734 0.522222 0.105469 0.100000
7 0.225000 0.514583 0.089063 0.062500
2 0.345703 0.474306 0.014844 0.026389
