2 0.605078 0.247222 0.011719 0.011111
2 0.598047 0.275000 0.019531 0.013889
2 0.589844 0.308333 0.006250 0.025000
2 0.569922 0.165972 0.014844 0.051389
2 0.476562 0.215972 0.017188 0.018056
2 0.478125 0.232639 0.015625 0.015278
2 0.478906 0.252083 0.021875 0.031944
2 0.480859 0.275000 0.016406 0.022222
2 0.415234 0.227083 0.014844 0.026389
1 0.037500 0.292361 0.012500 0.037500
1 0.133203 0.292361 0.010156 0.043056
1 0.151172 0.289583 0.008594 0.029167
1 0.144531 0.291667 0.009375 0.036111
1 0.165625 0.279861 0.010937 0.034722
1 0.103516 0.299306 0.010156 0.029167
1 0.395703 0.229861 0.007031 0.031944
1 0.494531 0.302778 0.017188 0.019444
1 0.387500 0.227778 0.010937 0.038889
1 0.558203 0.265972 0.005469 0.026389
1 0.572266 0.318056 0.008594 0.016667
2 0.164062 0.304167 0.014063 0.016667
2 0.486328 0.321528 0.024219 0.023611
0 0.066016 0.411806 0.132031 0.201389
0 0.324219 0.340278 0.126562 0.144444
0 0.406250 0.351389 0.042188 0.100000
0 0.430469 0.352778 0.012500 0.061111
5 0.516797 0.357639 0.036719 0.134722
8 0.601953 0.355556 0.014844 0.044444
4 0.603906 0.382639 0.029687 0.031944
7 0.688281 0.353472 0.075000 0.065278
7 0.613672 0.358333 0.049219 0.044444
3 0.585938 0.377778 0.012500 0.072222
3 0.475000 0.363194 0.017188 0.034722
3 0.497266 0.381250 0.014844 0.079167
3 0.550391 0.345139 0.007031 0.026389
3 0.641797 0.371528 0.017969 0.079167
7 0.160938 0.429167 0.065625 0.097222
7 0.227344 0.431250 0.107813 0.126389
7 0.335547 0.414583 0.114844 0.176389
7 0.457031 0.406250 0.068750 0.093056
