1 0.217969 0.210417 0.012500 0.037500
1 0.337891 0.286111 0.007031 0.033333
1 0.461719 0.256250 0.009375 0.034722
1 0.572656 0.322917 0.012500 0.018056
1 0.453906 0.257639 0.009375 0.037500
2 0.516797 0.260417 0.039844 0.023611
2 0.059766 0.244444 0.042969 0.025000
1 0.022656 0.261111 0.009375 0.036111
2 0.221875 0.293056 0.028125 0.047222
1 0.635938 0.307639 0.021875 0.026389
7 0.504687 0.358333 0.018750 0.013889
7 0.515625 0.376389 0.017188 0.030556
7 0.452344 0.351389 0.009375 0.019444
7 0.443359 0.351389 0.014844 0.013889
7 0.428516 0.356944 0.013281 0.016667
7 0.435547 0.373611 0.022656 0.038889
7 0.408594 0.375694 0.039062 0.068056
7 0.373828 0.336111 0.021094 0.016667
7 0.319141 0.365972 0.028906 0.037500
7 0.281250 0.375000 0.064062 0.102778
7 0.071094 0.405556 0.073438 0.136111
8 0.541406 0.385417 0.023438 0.068056
6 0.541406 0.400694 0.023438 0.051389
7 0.476953 0.413194 0.086719 0.123611
7 0.361719 0.390972 0.075000 0.106944
7 0.175781 0.439583 0.262500 0.251389
7 0.026953 0.387500 0.053906 0.086111
2 0.616406 0.339583 0.020313 0.031944
