1 0.560156 0.053472 0.020313 0.104167
1 0.218359 0.502778 0.019531 0.058333
2 0.177344 0.320833 0.042188 0.027778
2 0.217969 0.313194 0.010937 0.026389
2 0.208984 0.441667 0.025781 0.050000
2 0.437109 0.581250 0.017969 0.037500
2 0.508203 0.581250 0.021094 0.009722
2 0.479687 0.606944 0.010937 0.022222
2 0.756250 0.502778 0.017188 0.033333
2 0.643750 0.604167 0.012500 0.008333
1 0.530078 0.572917 0.003906 0.018056
1 0.535547 0.575694 0.005469 0.015278
1 0.479297 0.571528 0.007031 0.029167
1 0.587109 0.577083 0.007031 0.023611
7 0.406641 0.636806 0.016406 0.018056
7 0.395703 0.640278 0.021094 0.027778
7 0.382031 0.641667 0.045312 0.041667
7 0.317578 0.626389 0.036719 0.038889
7 0.318750 0.638889 0.075000 0.072222
7 0.486328 0.654167 0.027344 0.047222
7 0.643359 0.640278 0.028906 0.050000
7 0.647266 0.649306 0.030469 0.056944
7 0.736719 0.642361 0.034375 0.043056
7 0.771875 0.650694 0.056250 0.081944
7 0.438672 0.684028 0.086719 0.115278
7 0.558984 0.681250 0.130469 0.212500
7 0.692187 0.674306 0.109375 0.120833
7 0.838281 0.654861 0.125000 0.120833
7 0.934375 0.752778 0.129688 0.291667
3 0.159766 0.717361 0.042969 0.248611
3 0.110547 0.718056 0.060156 0.263889
