1 0.481250 0.047917 0.004687 0.018056
1 0.510547 0.052778 0.007031 0.013889
1 0.527344 0.069444 0.006250 0.013889
1 0.282422 0.052083 0.008594 0.020833
1 0.739062 0.022222 0.018750 0.025000
1 0.655078 0.052083 0.011719 0.012500
2 0.532422 0.070833 0.007031 0.013889
3 0.725000 0.112500 0.023438 0.100000
3 0.778125 0.134028 0.054688 0.134722
7 0.713281 0.100694 0.073438 0.048611
7 0.526172 0.101389 0.024219 0.041667
0 0.594531 0.087500 0.112500 0.172222
7 0.469141 0.087500 0.008594 0.025000
7 0.457813 0.088194 0.012500 0.015278
7 0.445703 0.094444 0.010156 0.025000
7 0.432422 0.098611 0.010156 0.033333
7 0.413672 0.097917 0.028906 0.040278
7 0.298438 0.114583 0.078125 0.109722
7 0.243750 0.131944 0.085938 0.125000
7 0.101953 0.136806 0.203906 0.215278
