7 0.421875 0.197222 0.037500 0.050000
7 0.383984 0.219444 0.066406 0.097222
7 0.375391 0.245833 0.046094 0.113889
7 0.305078 0.256944 0.139844 0.188889
7 0.454688 0.186111 0.017188 0.027778
7 0.498828 0.179167 0.017969 0.030556
7 0.510938 0.181250 0.018750 0.031944
7 0.527344 0.181944 0.032813 0.033333
7 0.567187 0.181944 0.035937 0.041667
7 0.669141 0.194444 0.063281 0.083333
7 0.714063 0.202778 0.082812 0.091667
7 0.790234 0.213194 0.136719 0.120833
7 0.958203 0.263194 0.080469 0.148611
2 0.629687 0.113194 0.021875 0.037500
2 0.629297 0.133333 0.011719 0.019444
2 0.580078 0.129167 0.010156 0.011111
2 0.562891 0.138889 0.010156 0.022222
