1 0.383594 0.461111 0.007812 0.030556
1 0.492188 0.485417 0.007812 0.026389
1 0.481641 0.483333 0.007031 0.022222
1 0.564063 0.565278 0.009375 0.011111
7 0.118359 0.711806 0.233594 0.356944
7 0.961328 0.776389 0.069531 0.213889
7 0.680078 0.675000 0.288281 0.333333
7 0.471875 0.627778 0.067187 0.088889
7 0.246875 0.636111 0.139063 0.202778
7 0.320312 0.625000 0.042188 0.122222
7 0.333594 0.611806 0.029687 0.081944
7 0.346875 0.602083 0.035937 0.076389
7 0.369531 0.591667 0.012500 0.041667
7 0.377344 0.586806 0.021875 0.037500
7 0.882422 0.694444 0.163281 0.252778
7 0.541797 0.615972 0.042969 0.079167
7 0.448437 0.608333 0.050000 0.075000
5 0.416016 0.568056 0.013281 0.027778
7 0.397656 0.578472 0.012500 0.015278
6 0.232813 0.674306 0.067187 0.165278
2 0.976953 0.402778 0.038281 0.044444
