7 0.546875 0.529167 0.010937 0.022222
7 0.559375 0.531250 0.018750 0.034722
7 0.598828 0.535417 0.041406 0.068056
7 0.592187 0.543750 0.014063 0.065278
7 0.602734 0.553472 0.025781 0.087500
7 0.622266 0.565972 0.050781 0.112500
3 0.703516 0.504167 0.022656 0.061111
7 0.677734 0.568750 0.107031 0.204167
7 0.838281 0.603472 0.321875 0.415278
7 0.969922 0.817361 0.058594 0.162500
3 0.535547 0.545833 0.027344 0.088889
7 0.522656 0.520139 0.014063 0.023611
7 0.467969 0.531944 0.037500 0.061111
3 0.487891 0.551389 0.027344 0.127778
7 0.501172 0.542361 0.057031 0.081944
7 0.373828 0.577778 0.171094 0.255556
7 0.179297 0.602778 0.203906 0.213889
7 0.065234 0.645833 0.130469 0.288889
7 0.630469 0.416667 0.010937 0.027778
3 0.448437 0.531250 0.017188 0.070833
7 0.591797 0.511806 0.058594 0.109722
