0 0.308203 0.513889 0.039844 0.080556
0 0.417187 0.424306 0.068750 0.040278
0 0.515625 0.498611 0.106250 0.172222
2 0.275000 0.465972 0.017188 0.015278
3 0.285938 0.518750 0.009375 0.040278
3 0.219531 0.518056 0.017188 0.066667
3 0.210547 0.523611 0.022656 0.066667
3 0.192188 0.525694 0.028125 0.070833
3 0.173437 0.523611 0.023438 0.066667
3 0.155859 0.514583 0.024219 0.054167
3 0.239453 0.527083 0.011719 0.054167
3 0.266406 0.534722 0.014063 0.063889
3 0.275391 0.538194 0.011719 0.081944
3 0.248828 0.541667 0.027344 0.122222
3 0.571094 0.537500 0.012500 0.058333
3 0.612500 0.515278 0.012500 0.033333
3 0.626953 0.540972 0.016406 0.073611
3 0.639844 0.543056 0.018750 0.088889
3 0.653125 0.543056 0.017188 0.094444
3 0.692187 0.531250 0.023438 0.076389
3 0.978906 0.581944 0.037500 0.216667
1 0.219531 0.417361 0.017188 0.020833
1 0.373828 0.413889 0.011719 0.030556
1 0.464453 0.398611 0.008594 0.030556
1 0.457813 0.397222 0.009375 0.027778
7 0.394531 0.581944 0.190625 0.308333
7 0.822266 0.586111 0.300781 0.355556
7 0.110937 0.661806 0.221875 0.418056
1 0.602734 0.434722 0.013281 0.025000
2 0.832422 0.305556 0.022656 0.030556
