7 0.083984 0.631250 0.167969 0.181944
4 0.192969 0.611111 0.096875 0.138889
4 0.248047 0.620139 0.028906 0.070833
7 0.267578 0.609028 0.057031 0.076389
7 0.308594 0.604861 0.042188 0.056944
7 0.339062 0.590972 0.035937 0.056944
7 0.369531 0.593056 0.028125 0.036111
7 0.386328 0.586111 0.014844 0.036111
7 0.395313 0.582639 0.015625 0.031944
7 0.467969 0.584028 0.012500 0.026389
7 0.479687 0.586806 0.018750 0.034722
7 0.489844 0.592361 0.021875 0.043056
7 0.500781 0.596528 0.023438 0.045833
7 0.512891 0.604167 0.025781 0.061111
7 0.525000 0.609028 0.029687 0.070833
7 0.555078 0.619444 0.063281 0.083333
7 0.427734 0.587500 0.014844 0.016667
7 0.410938 0.590278 0.012500 0.016667
2 0.296484 0.559722 0.010156 0.016667
2 0.604297 0.515972 0.008594 0.026389
2 0.170313 0.497917 0.012500 0.029167
