7 0.367578 0.657639 0.047656 0.070833
7 0.355469 0.678472 0.039062 0.079167
7 0.258594 0.684722 0.034375 0.077778
7 0.492188 0.624306 0.015625 0.029167
0 0.520312 0.621528 0.035937 0.034722
7 0.156250 0.777083 0.312500 0.437500
7 0.549609 0.676389 0.066406 0.102778
7 0.532031 0.651389 0.039062 0.069444
7 0.308203 0.693056 0.085156 0.122222
1 0.270703 0.359028 0.013281 0.068056
1 0.405078 0.558333 0.007031 0.022222
1 0.353906 0.568750 0.006250 0.020833
1 0.495703 0.553472 0.005469 0.020833
1 0.541406 0.599306 0.004687 0.015278
1 0.540234 0.578472 0.007031 0.020833
1 0.494922 0.576389 0.007031 0.016667
1 0.025000 0.575000 0.010937 0.033333
1 0.285547 0.360417 0.017969 0.068056
1 0.255859 0.363889 0.017969 0.061111
2 0.799609 0.412500 0.014844 0.055556
1 0.827344 0.500000 0.018750 0.036111
1 0.806641 0.497222 0.014844 0.027778
3 0.682031 0.677083 0.023438 0.126389
3 0.755469 0.684028 0.023438 0.106944
3 0.902344 0.691667 0.043750 0.191667
3 0.719141 0.665278 0.011719 0.102778
3 0.730078 0.649306 0.010156 0.048611
3 0.707422 0.666667 0.017969 0.119444
3 0.709766 0.675694 0.017969 0.090278
3 0.607422 0.650694 0.011719 0.062500
3 0.595313 0.648611 0.012500 0.061111
3 0.621875 0.638194 0.009375 0.056944
3 0.629687 0.645833 0.006250 0.044444
3 0.406641 0.640972 0.007031 0.031944
2 0.771484 0.531944 0.013281 0.022222
2 0.813672 0.356944 0.021094 0.011111
2 0.789844 0.377083 0.010937 0.023611
3 0.639453 0.648611 0.014844 0.069444
3 0.175000 0.641667 0.012500 0.027778
2 0.596875 0.498611 0.010937 0.011111
2 0.596875 0.517361 0.009375 0.029167
5 0.451953 0.619444 0.061719 0.130556
2 0.573828 0.581944 0.011719 0.011111
