7 0.441016 0.411111 0.011719 0.033333
7 0.423047 0.410417 0.021094 0.037500
7 0.410156 0.414583 0.018750 0.045833
7 0.393750 0.411111 0.037500 0.063889
7 0.365625 0.417361 0.056250 0.081944
7 0.555469 0.396528 0.023438 0.040278
7 0.595703 0.404861 0.025781 0.045833
7 0.564844 0.404167 0.035937 0.036111
7 0.296484 0.415278 0.108594 0.125000
3 0.261328 0.438889 0.028906 0.119444
7 0.081250 0.522917 0.162500 0.543056
3 0.812109 0.397222 0.014844 0.058333
3 0.758203 0.401389 0.011719 0.055556
7 0.699219 0.398611 0.017188 0.022222
7 0.119141 0.427083 0.061719 0.065278
7 0.510938 0.399306 0.029687 0.045833
7 0.483203 0.409722 0.010156 0.030556
7 0.463281 0.407639 0.034375 0.043056
6 0.194922 0.446528 0.044531 0.043056
3 0.149219 0.427083 0.018750 0.062500
7 0.160156 0.434028 0.034375 0.062500
7 0.536328 0.397222 0.014844 0.019444
