7 0.027344 0.780556 0.054688 0.125000
3 0.817578 0.676389 0.035156 0.127778
3 0.725781 0.670833 0.015625 0.077778
3 0.524609 0.727778 0.028906 0.116667
1 0.214844 0.588889 0.009375 0.038889
1 0.420312 0.606944 0.006250 0.030556
1 0.532422 0.541667 0.007031 0.044444
1 0.224219 0.589583 0.006250 0.031944
1 0.207422 0.593056 0.007031 0.033333
1 0.078516 0.684028 0.014844 0.026389
1 0.537891 0.540278 0.005469 0.044444
1 0.427734 0.606250 0.010156 0.023611
1 0.413281 0.606944 0.006250 0.030556
1 0.189844 0.715278 0.012500 0.025000
3 0.476953 0.700000 0.011719 0.038889
2 0.158594 0.595833 0.054688 0.025000
2 0.188672 0.672917 0.017969 0.015278
2 0.195312 0.661806 0.017188 0.009722
1 0.194531 0.642361 0.007812 0.020833
2 0.194922 0.620833 0.008594 0.013889
2 0.325391 0.663889 0.017969 0.011111
2 0.414062 0.663889 0.015625 0.011111
2 0.297266 0.676389 0.010156 0.008333
2 0.302734 0.683333 0.008594 0.005556
2 0.298047 0.692361 0.008594 0.004167
2 0.462500 0.611111 0.039062 0.016667
2 0.567187 0.575000 0.018750 0.016667
7 0.650000 0.717361 0.162500 0.190278
7 0.075000 0.777778 0.067187 0.088889
7 0.121875 0.765278 0.062500 0.066667
0 0.336328 0.708333 0.047656 0.066667
5 0.530859 0.682639 0.088281 0.145833
7 0.466797 0.734028 0.030469 0.040278
7 0.375000 0.712500 0.017188 0.025000
7 0.388672 0.707639 0.014844 0.023611
7 0.455469 0.725000 0.020313 0.030556
7 0.445312 0.719444 0.023438 0.036111
7 0.434375 0.709028 0.015625 0.043056
7 0.420703 0.704167 0.013281 0.030556
7 0.236328 0.754861 0.038281 0.043056
7 0.260547 0.747222 0.024219 0.044444
7 0.277344 0.739583 0.014063 0.037500
7 0.285156 0.734028 0.012500 0.037500
7 0.294922 0.722917 0.008594 0.037500
7 0.305078 0.715278 0.007031 0.027778
2 0.091016 0.618056 0.022656 0.011111
7 0.399609 0.702083 0.008594 0.018056
0 0.383594 0.690278 0.017188 0.016667
