7 0.362500 0.529167 0.084375 0.111111
7 0.113672 0.531944 0.100781 0.097222
7 0.772656 0.559028 0.118750 0.148611
7 0.547656 0.525000 0.015625 0.033333
7 0.535156 0.522917 0.010937 0.026389
7 0.523438 0.520833 0.012500 0.016667
7 0.409766 0.521528 0.016406 0.031944
7 0.610938 0.522917 0.034375 0.056944
7 0.455859 0.517361 0.010156 0.034722
7 0.218359 0.559722 0.210156 0.241667
7 0.572656 0.533333 0.039062 0.058333
7 0.441016 0.525694 0.033594 0.043056
0 0.471094 0.513194 0.023438 0.037500
7 0.487891 0.519444 0.008594 0.019444
7 0.497266 0.518750 0.011719 0.018056
7 0.507031 0.522917 0.009375 0.018056
7 0.630078 0.541667 0.035156 0.050000
7 0.017969 0.534722 0.035937 0.113889
7 0.893750 0.584722 0.210938 0.225000
2 0.944531 0.339583 0.037500 0.023611
1 0.264453 0.329167 0.011719 0.038889
1 0.580078 0.359722 0.008594 0.036111
1 0.589063 0.363194 0.012500 0.051389
1 0.695312 0.397222 0.010937 0.061111
1 0.241016 0.415972 0.010156 0.031944
1 0.702734 0.475694 0.011719 0.020833
2 0.620703 0.375000 0.013281 0.030556
2 0.691406 0.459722 0.015625 0.044444
1 0.805078 0.429167 0.021094 0.027778
2 0.628125 0.488194 0.007812 0.020833
