2 0.126562 0.079861 0.104688 0.045833
2 0.835938 0.335417 0.023438 0.034722
2 0.294531 0.202778 0.018750 0.025000
2 0.309375 0.263889 0.053125 0.036111
1 0.333594 0.352778 0.026562 0.047222
1 0.164062 0.405556 0.023438 0.036111
1 0.094922 0.397222 0.014844 0.013889
2 0.128125 0.399306 0.018750 0.009722
7 0.115234 0.465278 0.033594 0.027778
7 0.087500 0.458333 0.023438 0.030556
7 0.066016 0.462500 0.019531 0.027778
7 0.054688 0.459722 0.017188 0.030556
7 0.036719 0.458333 0.029687 0.038889
7 0.150391 0.469444 0.033594 0.061111
7 0.185547 0.511806 0.103906 0.131944
7 0.913672 0.532639 0.169531 0.143056
7 0.746875 0.546528 0.246875 0.154167
3 0.737891 0.454167 0.021094 0.047222
3 0.408984 0.486111 0.033594 0.127778
