2 0.605469 0.403472 0.015625 0.029167
2 0.606641 0.433333 0.016406 0.030556
2 0.525781 0.417361 0.015625 0.015278
2 0.416406 0.409028 0.009375 0.006944
7 0.431641 0.457639 0.013281 0.018056
7 0.458594 0.456944 0.009375 0.030556
7 0.468750 0.455556 0.012500 0.038889
7 0.478125 0.459722 0.010937 0.038889
7 0.403516 0.436806 0.008594 0.012500
7 0.394531 0.443056 0.009375 0.013889
7 0.402734 0.450000 0.008594 0.013889
7 0.391797 0.453472 0.013281 0.006944
7 0.384766 0.464583 0.007031 0.023611
7 0.396094 0.465972 0.018750 0.026389
7 0.332422 0.468056 0.011719 0.025000
7 0.348047 0.467361 0.017969 0.029167
7 0.205859 0.474306 0.069531 0.076389
7 0.542969 0.482639 0.050000 0.081944
7 0.581641 0.497222 0.077344 0.111111
7 0.664453 0.522917 0.153906 0.179167
7 0.445312 0.463194 0.020313 0.037500
7 0.414453 0.461806 0.022656 0.037500
7 0.370703 0.463194 0.024219 0.040278
7 0.313672 0.470139 0.032031 0.040278
7 0.494141 0.465972 0.021094 0.040278
7 0.108984 0.594444 0.217969 0.338889
7 0.829688 0.603472 0.339062 0.320833
