3 0.458594 0.589583 0.020313 0.148611
3 0.469141 0.593056 0.039844 0.166667
7 0.349219 0.579167 0.104688 0.138889
7 0.510938 0.529861 0.028125 0.048611
7 0.569141 0.538889 0.036719 0.055556
7 0.415625 0.547222 0.056250 0.088889
7 0.443750 0.545139 0.026562 0.079167
7 0.481250 0.529167 0.014063 0.033333
7 0.491016 0.525694 0.010156 0.020833
7 0.533594 0.518056 0.012500 0.013889
7 0.533203 0.519444 0.011719 0.013889
7 0.534766 0.527778 0.014844 0.022222
7 0.547266 0.525000 0.022656 0.030556
7 0.550781 0.534722 0.029687 0.036111
7 0.523438 0.511806 0.015625 0.020833
2 0.610156 0.427083 0.009375 0.020833
2 0.614453 0.446528 0.008594 0.012500
2 0.606250 0.445833 0.007812 0.013889
2 0.612500 0.520139 0.006250 0.020833
1 0.509375 0.494444 0.004687 0.013889
