1 0.031641 0.319444 0.013281 0.077778
1 0.018750 0.326389 0.012500 0.061111
1 0.032813 0.378472 0.015625 0.020833
1 0.013281 0.377083 0.015625 0.020833
7 0.037109 0.452778 0.024219 0.027778
2 0.596484 0.412500 0.011719 0.030556
2 0.598047 0.438889 0.013281 0.027778
2 0.543750 0.436111 0.012500 0.025000
1 0.622656 0.359028 0.017188 0.059722
1 0.610156 0.361111 0.010937 0.050000
1 0.902734 0.111806 0.032031 0.198611
1 0.962109 0.108333 0.039844 0.200000
2 0.919922 0.290972 0.036719 0.104167
2 0.889453 0.387500 0.027344 0.019444
2 0.890234 0.420139 0.042969 0.023611
2 0.951172 0.427778 0.019531 0.036111
7 0.951953 0.541667 0.092969 0.130556
7 0.366406 0.483333 0.010937 0.019444
7 0.384375 0.482639 0.015625 0.023611
7 0.336719 0.481250 0.017188 0.045833
7 0.330469 0.492361 0.012500 0.051389
7 0.267969 0.487500 0.031250 0.041667
7 0.224219 0.490972 0.060937 0.068056
7 0.302734 0.491667 0.050781 0.069444
7 0.430469 0.527083 0.109375 0.151389
7 0.094531 0.500694 0.185938 0.151389
