7 0.075391 0.602083 0.149219 0.173611
7 0.146875 0.579167 0.025000 0.075000
7 0.174219 0.568056 0.037500 0.063889
7 0.212891 0.553472 0.042969 0.056944
7 0.250000 0.552778 0.037500 0.036111
7 0.269922 0.544444 0.024219 0.038889
7 0.294922 0.543750 0.025781 0.023611
7 0.316797 0.542361 0.022656 0.029167
7 0.331641 0.536111 0.007031 0.019444
7 0.376172 0.531250 0.016406 0.018056
7 0.394531 0.528472 0.009375 0.015278
7 0.412500 0.527778 0.010937 0.013889
7 0.428906 0.527083 0.010937 0.012500
7 0.420312 0.534722 0.010937 0.016667
7 0.528125 0.535417 0.015625 0.026389
7 0.523828 0.529861 0.024219 0.018056
7 0.502734 0.531250 0.013281 0.018056
7 0.486719 0.533333 0.020313 0.025000
7 0.469922 0.527083 0.008594 0.012500
7 0.461719 0.523611 0.007812 0.016667
7 0.453906 0.527083 0.009375 0.009722
7 0.445312 0.524306 0.006250 0.015278
5 0.757812 0.379861 0.467187 0.734722
7 0.357031 0.533333 0.014063 0.016667
