7 0.031250 0.672222 0.062500 0.350000
7 0.983203 0.590278 0.032031 0.097222
5 0.139453 0.461111 0.278906 0.475000
7 0.340625 0.551389 0.154688 0.122222
7 0.414453 0.546528 0.016406 0.068056
7 0.465234 0.539583 0.019531 0.098611
7 0.454297 0.513194 0.013281 0.026389
7 0.434375 0.521528 0.006250 0.020833
7 0.422656 0.517361 0.007812 0.026389
7 0.444531 0.529861 0.017188 0.026389
7 0.521484 0.548611 0.102344 0.186111
7 0.614844 0.546528 0.075000 0.112500
5 0.675781 0.527778 0.085938 0.127778
1 0.328516 0.297917 0.013281 0.048611
1 0.585156 0.361806 0.007812 0.034722
1 0.337891 0.302778 0.007031 0.047222
2 0.745703 0.421528 0.030469 0.006944
2 0.738672 0.432639 0.021094 0.012500
2 0.675000 0.379861 0.026562 0.037500
1 0.751172 0.480556 0.021094 0.022222
3 0.671875 0.568056 0.014063 0.083333
3 0.688281 0.565972 0.017188 0.090278
3 0.717578 0.565278 0.024219 0.083333
3 0.753125 0.545833 0.012500 0.052778
3 0.778516 0.561111 0.014844 0.077778
3 0.805469 0.563889 0.020313 0.086111
3 0.831641 0.538194 0.011719 0.015278
3 0.909766 0.574306 0.014844 0.079167
3 0.894141 0.572222 0.017969 0.083333
3 0.850781 0.580556 0.028125 0.094444
3 0.797266 0.572222 0.014844 0.088889
5 0.308594 0.462500 0.084375 0.075000
