1 0.291406 0.270139 0.028125 0.020833
1 0.220703 0.276389 0.021094 0.016667
1 0.365234 0.300694 0.013281 0.045833
1 0.130469 0.332639 0.007812 0.034722
1 0.207422 0.337500 0.010156 0.011111
1 0.174219 0.339583 0.014063 0.006944
1 0.137500 0.344444 0.017188 0.011111
2 0.114453 0.325694 0.024219 0.054167
3 0.838672 0.390972 0.067969 0.318056
3 0.805078 0.382639 0.055469 0.279167
3 0.669531 0.403472 0.046875 0.176389
3 0.634375 0.366667 0.029687 0.163889
3 0.467187 0.350694 0.018750 0.029167
3 0.446875 0.348611 0.014063 0.036111
3 0.434766 0.356944 0.014844 0.036111
3 0.417578 0.377778 0.019531 0.080556
3 0.382812 0.354861 0.009375 0.034722
7 0.346875 0.368750 0.070312 0.056944
7 0.256641 0.364583 0.119531 0.026389
7 0.179297 0.400694 0.050781 0.073611
7 0.104297 0.436806 0.100781 0.140278
7 0.004687 0.520833 0.009375 0.136111
7 0.280859 0.509722 0.314844 0.291667
