3 0.658594 0.342361 0.018750 0.104167
3 0.762500 0.350000 0.021875 0.113889
3 0.784375 0.347917 0.023438 0.118056
3 0.941016 0.357639 0.082031 0.379167
4 0.942578 0.486806 0.092969 0.256944
1 0.649609 0.187500 0.013281 0.066667
1 0.660937 0.236111 0.015625 0.027778
1 0.189062 0.212500 0.017188 0.058333
1 0.627344 0.199306 0.012500 0.045833
2 0.196094 0.276389 0.021875 0.044444
2 0.198047 0.336806 0.019531 0.043056
7 0.319141 0.343750 0.017969 0.048611
7 0.298047 0.351389 0.028906 0.047222
7 0.358984 0.343750 0.030469 0.034722
7 0.088281 0.378472 0.078125 0.073611
7 0.145313 0.372222 0.065625 0.072222
7 0.201953 0.368056 0.082031 0.080556
7 0.254688 0.345833 0.064062 0.083333
7 0.405078 0.333333 0.017969 0.019444
7 0.433594 0.330556 0.015625 0.019444
7 0.457031 0.328472 0.009375 0.015278
7 0.541797 0.335417 0.017969 0.059722
7 0.560156 0.340972 0.040625 0.068056
7 0.625000 0.333333 0.012500 0.055556
7 0.694531 0.339583 0.067187 0.084722
7 0.739453 0.334028 0.028906 0.051389
7 0.806641 0.343750 0.027344 0.062500
7 0.972656 0.352778 0.051562 0.086111
7 0.572266 0.359722 0.058594 0.077778
7 0.519922 0.329861 0.022656 0.026389
7 0.014063 0.665972 0.028125 0.212500
