1 0.534766 0.427778 0.005469 0.025000
1 0.337891 0.408333 0.008594 0.027778
1 0.330469 0.409028 0.004687 0.026389
1 0.528516 0.427778 0.007031 0.016667
1 0.239844 0.468750 0.015625 0.026389
2 0.292969 0.406250 0.031250 0.012500
2 0.567187 0.432639 0.025000 0.012500
2 0.745703 0.408333 0.013281 0.036111
2 0.753906 0.372222 0.017188 0.030556
2 0.761719 0.413889 0.015625 0.027778
2 0.631250 0.418056 0.017188 0.011111
2 0.639062 0.436806 0.010937 0.012500
2 0.320312 0.441667 0.010937 0.011111
3 0.815234 0.546528 0.021094 0.048611
3 0.881641 0.559028 0.035156 0.137500
3 0.305859 0.515972 0.025781 0.051389
3 0.719531 0.540972 0.010937 0.073611
7 0.780469 0.538889 0.062500 0.055556
7 0.721484 0.536806 0.046094 0.043056
7 0.521094 0.509028 0.014063 0.034722
7 0.511719 0.501389 0.012500 0.027778
7 0.455859 0.504861 0.010156 0.020833
7 0.065625 0.504861 0.129688 0.090278
7 0.168750 0.632639 0.335938 0.320833
3 0.575391 0.538194 0.019531 0.079167
7 0.557813 0.525694 0.068750 0.098611
7 0.408984 0.528472 0.075781 0.123611
7 0.660547 0.551389 0.096094 0.119444
5 0.590625 0.508333 0.031250 0.100000
5 0.639844 0.510417 0.085938 0.134722
5 0.493359 0.497222 0.024219 0.050000
5 0.472656 0.497917 0.020313 0.051389
2 0.249609 0.421528 0.013281 0.012500
7 0.367578 0.501389 0.022656 0.027778
