7 0.349219 0.386111 0.014063 0.044444
7 0.336328 0.385417 0.021094 0.048611
7 0.313672 0.386111 0.041406 0.052778
7 0.248047 0.372917 0.107031 0.070833
7 0.378516 0.389583 0.039844 0.059722
7 0.548828 0.430556 0.027344 0.041667
7 0.483594 0.428472 0.087500 0.134722
2 0.451172 0.290972 0.014844 0.023611
1 0.450781 0.324306 0.010937 0.045833
1 0.532031 0.207639 0.012500 0.045833
2 0.372656 0.159028 0.018750 0.037500
1 0.368750 0.234028 0.025000 0.098611
1 0.385156 0.238194 0.014063 0.048611
1 0.347656 0.229861 0.012500 0.045833
1 0.196875 0.278472 0.010937 0.023611
1 0.801562 0.063194 0.032813 0.101389
1 0.808594 0.275000 0.020313 0.077778
2 0.812500 0.225694 0.010937 0.026389
2 0.805859 0.446528 0.014844 0.029167
2 0.535156 0.172222 0.009375 0.019444
2 0.961719 0.401389 0.025000 0.075000
1 0.937109 0.374306 0.013281 0.040278
2 0.961719 0.505556 0.021875 0.080556
