1 0.317188 0.344444 0.007812 0.038889
1 0.481641 0.302778 0.013281 0.052778
1 0.635547 0.434028 0.019531 0.031944
1 0.137109 0.506250 0.021094 0.029167
3 0.076563 0.595139 0.014063 0.104167
7 0.371484 0.531944 0.016406 0.027778
7 0.338672 0.536806 0.035156 0.051389
7 0.320312 0.546528 0.032813 0.054167
7 0.431250 0.518750 0.017188 0.040278
7 0.457813 0.520139 0.025000 0.045833
7 0.532422 0.520139 0.039844 0.068056
0 0.464453 0.478472 0.044531 0.079167
7 0.237891 0.588194 0.174219 0.215278
7 0.405078 0.530556 0.035156 0.061111
7 0.485938 0.547222 0.079687 0.161111
7 0.833984 0.575694 0.324219 0.365278
6 0.017578 0.629861 0.032031 0.076389
1 0.411328 0.458333 0.007031 0.016667
1 0.440625 0.455556 0.006250 0.022222
2 0.153516 0.451389 0.028906 0.016667
2 0.619141 0.377778 0.028906 0.013889
2 0.500781 0.477083 0.007812 0.015278
1 0.512500 0.480556 0.007812 0.013889
1 0.767188 0.127083 0.026562 0.084722
1 0.828125 0.329861 0.031250 0.054167
