7 0.080078 0.372917 0.100781 0.106944
7 0.228516 0.354861 0.071094 0.087500
7 0.284375 0.340278 0.009375 0.025000
7 0.262500 0.350000 0.012500 0.033333
7 0.271484 0.347222 0.016406 0.033333
7 0.315234 0.334722 0.010156 0.016667
7 0.434375 0.336806 0.010937 0.026389
7 0.535937 0.331250 0.032813 0.037500
7 0.387500 0.333333 0.010937 0.013889
7 0.327344 0.333333 0.009375 0.019444
7 0.012109 0.362500 0.024219 0.052778
7 0.299219 0.348611 0.029687 0.036111
7 0.343750 0.356250 0.048438 0.059722
7 0.406641 0.343750 0.033594 0.045833
7 0.447266 0.340278 0.022656 0.027778
7 0.544141 0.329861 0.022656 0.037500
