2 0.134766 0.415278 0.021094 0.022222
7 0.522656 0.429861 0.007812 0.012500
7 0.563672 0.428472 0.013281 0.020833
7 0.581250 0.433333 0.017188 0.033333
7 0.586328 0.437500 0.014844 0.038889
7 0.601172 0.437500 0.027344 0.050000
7 0.614453 0.443750 0.036719 0.054167
7 0.652344 0.440278 0.056250 0.091667
7 0.694141 0.455556 0.085156 0.091667
7 0.543750 0.448611 0.042188 0.061111
2 0.479687 0.361806 0.035937 0.031944
2 0.489453 0.340278 0.013281 0.008333
2 0.514844 0.358333 0.034375 0.022222
2 0.523828 0.343750 0.014844 0.009722
2 0.437891 0.367361 0.028906 0.023611
2 0.813672 0.240278 0.030469 0.019444
2 0.796484 0.268750 0.042969 0.029167
2 0.805859 0.293750 0.022656 0.029167
