7 0.856641 0.877083 0.283594 0.240278
3 0.709375 0.768056 0.145313 0.458333
7 0.055859 0.657639 0.111719 0.265278
7 0.137891 0.652778 0.105469 0.133333
7 0.187500 0.631250 0.087500 0.120833
7 0.234766 0.638889 0.032031 0.080556
7 0.266406 0.635417 0.021875 0.056944
7 0.280859 0.637500 0.014844 0.047222
7 0.285547 0.627778 0.028906 0.050000
7 0.301563 0.628472 0.023438 0.043056
7 0.321875 0.631250 0.015625 0.029167
7 0.644141 0.760417 0.321094 0.390278
7 0.484375 0.710417 0.096875 0.168056
7 0.429297 0.673611 0.064844 0.100000
7 0.403516 0.661806 0.039844 0.073611
7 0.393359 0.646528 0.027344 0.054167
7 0.382031 0.638889 0.028125 0.044444
7 0.381250 0.636111 0.035937 0.044444
7 0.353125 0.633333 0.026562 0.030556
2 0.877734 0.291667 0.066406 0.075000
