1 0.471484 0.522222 0.007031 0.027778
1 0.265625 0.489583 0.009375 0.037500
1 0.254297 0.491667 0.008594 0.038889
1 0.462109 0.524306 0.007031 0.029167
0 0.420703 0.636806 0.042969 0.079167
5 0.356250 0.653472 0.065625 0.098611
5 0.317969 0.635417 0.081250 0.112500
7 0.235547 0.681944 0.083594 0.111111
7 0.403125 0.709028 0.082812 0.123611
5 0.523047 0.622917 0.096094 0.229167
5 0.765234 0.472917 0.466406 0.940278
3 0.181641 0.676389 0.011719 0.055556
2 0.172266 0.493750 0.038281 0.020833
2 0.223047 0.487500 0.017969 0.044444
