2 0.286328 0.286111 0.033594 0.019444
2 0.922266 0.129861 0.075781 0.059722
2 0.875000 0.250694 0.039062 0.031944
1 0.971875 0.029167 0.054688 0.047222
1 0.264453 0.334028 0.022656 0.034722
1 0.896094 0.293750 0.023438 0.040278
1 0.751172 0.062500 0.024219 0.077778
1 0.770703 0.060417 0.019531 0.079167
1 0.737891 0.071528 0.014844 0.068056
1 0.968359 0.178472 0.061719 0.106944
7 0.485156 0.411111 0.012500 0.027778
7 0.482031 0.420139 0.015625 0.034722
7 0.466797 0.418056 0.028906 0.044444
7 0.464844 0.422917 0.025000 0.034722
7 0.443750 0.429167 0.042188 0.047222
7 0.555078 0.422917 0.052344 0.059722
7 0.605469 0.425000 0.068750 0.100000
7 0.377344 0.441667 0.068750 0.097222
3 0.493750 0.409028 0.010937 0.026389
3 0.501172 0.411111 0.010156 0.027778
3 0.750000 0.430556 0.028125 0.111111
3 0.807422 0.431250 0.022656 0.068056
3 0.819531 0.424306 0.039062 0.112500
3 0.841406 0.429167 0.015625 0.091667
3 0.852734 0.428472 0.021094 0.087500
