1 0.558984 0.286806 0.007031 0.037500
1 0.379688 0.317361 0.009375 0.026389
1 0.327344 0.404861 0.015625 0.015278
1 0.223438 0.381250 0.023438 0.026389
1 0.685937 0.379861 0.018750 0.026389
1 0.633984 0.393056 0.011719 0.022222
2 0.335547 0.377778 0.016406 0.016667
2 0.239453 0.347222 0.027344 0.016667
2 0.707422 0.296528 0.019531 0.029167
2 0.623828 0.361806 0.022656 0.012500
7 0.408203 0.446528 0.010156 0.029167
7 0.397266 0.451389 0.011719 0.038889
7 0.381250 0.456250 0.028125 0.043056
7 0.334766 0.472917 0.088281 0.123611
7 0.311719 0.507639 0.078125 0.120833
7 0.214453 0.519444 0.183594 0.250000
7 0.097266 0.604861 0.192969 0.501389
7 0.611328 0.436806 0.055469 0.037500
7 0.641797 0.516667 0.094531 0.138889
7 0.504687 0.596528 0.257812 0.393056
4 0.710547 0.520139 0.030469 0.104167
1 0.551953 0.290972 0.007031 0.034722
