7 0.008984 0.365278 0.014844 0.041667
7 0.026562 0.363194 0.023438 0.020833
7 0.126953 0.377083 0.047656 0.029167
7 0.195312 0.381250 0.031250 0.031944
7 0.240234 0.379861 0.017969 0.023611
7 0.257031 0.381944 0.021875 0.022222
7 0.288281 0.381944 0.015625 0.016667
7 0.307031 0.384722 0.012500 0.016667
7 0.314063 0.391667 0.010937 0.016667
7 0.323437 0.402083 0.018750 0.023611
7 0.341797 0.403472 0.008594 0.020833
7 0.369531 0.402083 0.012500 0.018056
7 0.395313 0.423611 0.029687 0.033333
7 0.354687 0.413194 0.025000 0.040278
7 0.504687 0.483333 0.070312 0.083333
7 0.415625 0.480556 0.076563 0.102778
7 0.321875 0.446528 0.048438 0.070833
2 0.485938 0.377083 0.031250 0.045833
2 0.317969 0.330556 0.032813 0.044444
2 0.350391 0.329861 0.030469 0.026389
2 0.380078 0.344444 0.025781 0.038889
2 0.367188 0.381250 0.009375 0.012500
2 0.335938 0.376389 0.009375 0.011111
2 0.404297 0.381250 0.011719 0.020833
2 0.296875 0.363889 0.006250 0.013889
7 0.789453 0.597917 0.314844 0.312500
