1 0.009375 0.589583 0.014063 0.015278
2 0.096484 0.616667 0.011719 0.019444
2 0.215234 0.620139 0.008594 0.018056
2 0.130078 0.606250 0.011719 0.018056
2 0.146484 0.631944 0.011719 0.019444
2 0.200391 0.620833 0.007031 0.019444
1 0.293750 0.521528 0.007812 0.023611
1 0.332031 0.518056 0.007812 0.025000
1 0.413281 0.582639 0.009375 0.015278
1 0.419922 0.428472 0.014844 0.037500
1 0.293750 0.536111 0.017188 0.013889
7 0.313672 0.647222 0.017969 0.027778
7 0.260937 0.659722 0.068750 0.044444
7 0.328516 0.652083 0.028906 0.037500
7 0.232813 0.754167 0.165625 0.183333
7 0.053125 0.728472 0.106250 0.123611
7 0.075391 0.850000 0.150781 0.288889
2 0.393750 0.141667 0.132812 0.194444
2 0.533203 0.450000 0.024219 0.086111
2 0.938672 0.547917 0.017969 0.026389
2 0.632812 0.371528 0.092188 0.156944
2 0.532813 0.511806 0.018750 0.034722
2 0.633984 0.509722 0.036719 0.094444
2 0.473047 0.547917 0.028906 0.043056
1 0.588672 0.545833 0.013281 0.038889
1 0.527344 0.547222 0.010937 0.019444
1 0.467578 0.487500 0.013281 0.036111
2 0.496484 0.363889 0.060156 0.155556
7 0.954297 0.618056 0.089844 0.083333
