0 0.080469 0.390278 0.160938 0.536111
0 0.247656 0.435417 0.131250 0.215278
7 0.992578 0.480556 0.013281 0.122222
7 0.955078 0.412500 0.086719 0.044444
7 0.728516 0.460417 0.177344 0.223611
7 0.535156 0.456944 0.167187 0.308333
7 0.169141 0.465972 0.027344 0.070833
7 0.369922 0.454861 0.042969 0.045833
1 0.525781 0.237500 0.010937 0.033333
1 0.655469 0.325694 0.012500 0.026389
1 0.729297 0.322222 0.010156 0.019444
1 0.057422 0.096528 0.017969 0.065278
1 0.042188 0.095139 0.012500 0.068056
1 0.074609 0.099306 0.019531 0.068056
1 0.534375 0.234028 0.009375 0.037500
1 0.511328 0.234722 0.011719 0.030556
2 0.986328 0.310417 0.013281 0.012500
2 0.978516 0.348611 0.013281 0.022222
2 0.615234 0.254167 0.032031 0.016667
