3 0.706641 0.562500 0.058594 0.219444
3 0.648047 0.555556 0.041406 0.158333
4 0.723828 0.607639 0.058594 0.101389
3 0.567969 0.559722 0.015625 0.077778
3 0.546094 0.531250 0.015625 0.043056
7 0.366016 0.538889 0.019531 0.022222
7 0.334375 0.577778 0.053125 0.088889
7 0.271094 0.599306 0.120313 0.137500
7 0.116797 0.647222 0.232031 0.300000
7 0.455078 0.629167 0.219531 0.344444
2 0.252344 0.495139 0.017188 0.015278
2 0.478125 0.449306 0.029687 0.018056
2 0.644922 0.261806 0.032031 0.051389
1 0.256250 0.462500 0.009375 0.027778
1 0.443750 0.438889 0.009375 0.027778
1 0.246875 0.527083 0.014063 0.020833
1 0.437891 0.437500 0.010156 0.030556
1 0.542188 0.406250 0.010937 0.040278
0 0.341797 0.527083 0.022656 0.023611
7 0.206250 0.584722 0.029687 0.027778
