2 0.067187 0.261806 0.020313 0.029167
2 0.048828 0.318750 0.078906 0.076389
2 0.002734 0.311806 0.005469 0.043056
2 0.571484 0.432639 0.011719 0.018056
2 0.558203 0.434028 0.013281 0.015278
2 0.538672 0.438889 0.011719 0.011111
7 0.541016 0.459722 0.005469 0.011111
7 0.532422 0.463889 0.013281 0.019444
7 0.522266 0.463889 0.010156 0.033333
7 0.478906 0.469444 0.021875 0.033333
7 0.573438 0.465972 0.023438 0.034722
5 0.109766 0.463194 0.203906 0.081944
7 0.505859 0.467361 0.032031 0.045833
7 0.554688 0.475000 0.031250 0.044444
7 0.618750 0.472222 0.039062 0.055556
7 0.740625 0.502083 0.159375 0.187500
7 0.437500 0.491667 0.073438 0.091667
7 0.325781 0.488889 0.095312 0.111111
