3 0.087500 0.642361 0.064062 0.345833
7 0.355469 0.537500 0.032813 0.055556
7 0.396094 0.520139 0.012500 0.018056
7 0.464844 0.531250 0.010937 0.015278
7 0.471094 0.547222 0.012500 0.041667
7 0.480469 0.549306 0.012500 0.040278
7 0.505859 0.561806 0.041406 0.070833
7 0.521484 0.570833 0.044531 0.075000
7 0.542578 0.587500 0.063281 0.097222
7 0.587109 0.611806 0.083594 0.143056
7 0.711328 0.643750 0.230469 0.279167
7 0.375391 0.516667 0.014844 0.025000
2 0.633594 0.386111 0.021875 0.022222
7 0.626563 0.435417 0.031250 0.073611
7 0.322266 0.556944 0.071094 0.072222
7 0.423047 0.594444 0.105469 0.152778
0 0.236328 0.507639 0.085156 0.148611
3 0.142969 0.485417 0.015625 0.026389
7 0.859766 0.765972 0.277344 0.412500
7 0.097656 0.556944 0.195312 0.533333
