7 0.347656 0.594444 0.010937 0.016667
7 0.341016 0.593750 0.010156 0.023611
7 0.330859 0.597222 0.016406 0.033333
7 0.323047 0.600000 0.022656 0.044444
7 0.303906 0.602778 0.037500 0.058333
7 0.282422 0.603472 0.035156 0.076389
7 0.241797 0.613194 0.077344 0.109722
7 0.126172 0.622222 0.164844 0.216667
7 0.394141 0.590278 0.028906 0.036111
7 0.411328 0.597222 0.032031 0.050000
7 0.428906 0.605556 0.035937 0.063889
7 0.438672 0.618056 0.028906 0.055556
7 0.476172 0.615278 0.066406 0.108333
8 0.392969 0.595139 0.017188 0.037500
4 0.393750 0.613194 0.010937 0.031944
7 0.560156 0.624306 0.153125 0.198611
7 0.062500 0.674306 0.125000 0.309722
2 0.665234 0.417361 0.025781 0.029167
7 0.889844 0.671528 0.217188 0.423611
7 0.367578 0.590278 0.013281 0.013889
