2 0.466406 0.539583 0.017188 0.043056
2 0.502734 0.540278 0.027344 0.025000
2 0.805078 0.553472 0.024219 0.020833
2 0.984375 0.540972 0.010937 0.040278
2 0.247266 0.570139 0.011719 0.012500
2 0.207813 0.578472 0.009375 0.015278
2 0.153906 0.578472 0.015625 0.015278
2 0.128906 0.579861 0.007812 0.018056
2 0.563672 0.568056 0.011719 0.013889
2 0.541016 0.569444 0.007031 0.019444
7 0.115625 0.609722 0.057813 0.047222
7 0.283984 0.593750 0.024219 0.031944
7 0.578125 0.600694 0.045312 0.059722
7 0.539844 0.594444 0.028125 0.033333
7 0.482031 0.595139 0.017188 0.020833
7 0.930078 0.710417 0.136719 0.306944
7 0.801953 0.589583 0.049219 0.043056
7 0.473438 0.588194 0.015625 0.020833
