1 0.519531 0.139583 0.026562 0.087500
1 0.264062 0.363889 0.017188 0.055556
1 0.089063 0.372222 0.020313 0.069444
1 0.282031 0.367361 0.017188 0.059722
1 0.498437 0.148611 0.020313 0.083333
1 0.733984 0.322917 0.025781 0.079167
1 0.778125 0.320833 0.045312 0.063889
1 0.626172 0.434028 0.011719 0.034722
1 0.615625 0.475000 0.018750 0.030556
2 0.093750 0.483333 0.018750 0.063889
2 0.118359 0.490278 0.013281 0.061111
2 0.591797 0.472917 0.028906 0.045833
2 0.776172 0.107639 0.092969 0.170833
2 0.780859 0.219444 0.071094 0.113889
2 0.201563 0.356250 0.073438 0.040278
1 0.071094 0.452778 0.021875 0.061111
1 0.250781 0.522222 0.014063 0.027778
7 0.272266 0.607639 0.221094 0.143056
7 0.368359 0.566667 0.032031 0.050000
7 0.501563 0.554861 0.037500 0.054167
7 0.562109 0.564583 0.111719 0.093056
7 0.610547 0.612500 0.180469 0.183333
7 0.453516 0.536111 0.016406 0.030556
