1 0.184375 0.845139 0.006250 0.029167
1 0.191016 0.846528 0.005469 0.026389
2 0.144531 0.933333 0.017188 0.033333
2 0.167578 0.889583 0.022656 0.023611
7 0.354297 0.947917 0.007031 0.006944
7 0.356250 0.955556 0.009375 0.008333
7 0.348047 0.963194 0.011719 0.015278
7 0.356641 0.971528 0.011719 0.018056
7 0.342969 0.970833 0.015625 0.013889
7 0.337891 0.979167 0.016406 0.008333
7 0.222266 0.975694 0.035156 0.037500
7 0.271094 0.983333 0.098437 0.030556
7 0.338281 0.989583 0.032813 0.018056
0 0.380469 0.954861 0.037500 0.087500
0 0.465234 0.929167 0.164844 0.136111
0 0.686719 0.947222 0.184375 0.102778
7 0.010937 0.968056 0.021875 0.061111
