7 0.907031 0.830556 0.184375 0.333333
5 0.842578 0.684028 0.225781 0.226389
5 0.468359 0.684722 0.102344 0.169444
7 0.362109 0.656944 0.038281 0.055556
7 0.416406 0.661806 0.028125 0.065278
7 0.401172 0.654861 0.017969 0.026389
7 0.387500 0.654861 0.009375 0.031944
7 0.130078 0.645833 0.063281 0.058333
5 0.348047 0.620833 0.058594 0.055556
5 0.204687 0.625694 0.042188 0.059722
7 0.178516 0.647222 0.028906 0.036111
7 0.535937 0.667361 0.043750 0.065278
3 0.641016 0.669444 0.016406 0.069444
3 0.581250 0.654167 0.010937 0.055556
3 0.563281 0.652083 0.010937 0.051389
3 0.612891 0.665972 0.014844 0.081944
3 0.625000 0.663194 0.010937 0.068056
2 0.621875 0.540972 0.014063 0.012500
2 0.530469 0.606250 0.012500 0.009722
1 0.445703 0.557639 0.005469 0.026389
1 0.342578 0.571528 0.003906 0.023611
7 0.052344 0.650694 0.035937 0.048611
