7 0.116406 0.689583 0.232813 0.529167
7 0.213281 0.541667 0.175000 0.191667
7 0.323437 0.540972 0.054688 0.079167
7 0.462500 0.506944 0.018750 0.033333
7 0.485547 0.531250 0.038281 0.081944
7 0.800391 0.496528 0.035156 0.068056
7 0.580078 0.564583 0.186719 0.309722
7 0.401172 0.539583 0.108594 0.165278
7 0.673828 0.555556 0.010156 0.094444
1 0.053516 0.251389 0.022656 0.072222
1 0.029687 0.250694 0.023438 0.076389
1 0.520312 0.343750 0.009375 0.029167
1 0.541016 0.343056 0.008594 0.033333
1 0.747266 0.217361 0.017969 0.056944
1 0.791406 0.375000 0.039062 0.044444
1 0.178125 0.425000 0.006250 0.030556
1 0.534766 0.345139 0.007031 0.031944
1 0.190234 0.420139 0.005469 0.029167
7 0.478906 0.479167 0.012500 0.019444
7 0.448047 0.519444 0.021094 0.075000
2 0.560156 0.356944 0.020313 0.027778
2 0.757422 0.339583 0.016406 0.026389
2 0.782031 0.223611 0.034375 0.022222
2 0.771875 0.160417 0.028125 0.054167
2 0.743359 0.166667 0.028906 0.047222
2 0.756641 0.088889 0.057031 0.094444
2 0.748828 0.032639 0.024219 0.062500
1 0.491797 0.443056 0.003906 0.016667
1 0.487500 0.441667 0.003125 0.013889
3 0.728906 0.514583 0.020313 0.104167
3 0.751172 0.511806 0.024219 0.106944
3 0.705469 0.502778 0.012500 0.066667
3 0.696094 0.500000 0.006250 0.055556
