2 0.458984 0.157639 0.011719 0.026389
2 0.378906 0.152083 0.009375 0.018056
7 0.042578 0.163194 0.046094 0.020833
7 0.169922 0.160417 0.028906 0.020833
7 0.126953 0.156250 0.027344 0.023611
7 0.219531 0.165278 0.017188 0.016667
7 0.226562 0.159028 0.010937 0.029167
7 0.339453 0.172222 0.011719 0.016667
7 0.355078 0.179167 0.008594 0.022222
7 0.378906 0.179861 0.014063 0.023611
7 0.250391 0.152778 0.010156 0.016667
7 0.197656 0.150000 0.010937 0.019444
7 0.202734 0.156250 0.013281 0.023611
7 0.280078 0.163889 0.011719 0.019444
7 0.298438 0.164583 0.014063 0.020833
7 0.324219 0.172917 0.018750 0.023611
7 0.345703 0.182639 0.019531 0.031944
7 0.390625 0.187500 0.020313 0.027778
5 0.271484 0.145139 0.024219 0.029167
5 0.315234 0.158333 0.021094 0.030556
5 0.670703 0.218750 0.132031 0.156944
