2 0.316797 0.275694 0.032031 0.059722
2 0.382812 0.338889 0.018750 0.033333
2 0.381641 0.296528 0.030469 0.020833
2 0.317969 0.213889 0.046875 0.030556
2 0.443750 0.386806 0.014063 0.023611
1 0.303125 0.334028 0.020313 0.045833
1 0.332813 0.336111 0.020313 0.052778
1 0.377344 0.386806 0.010937 0.029167
1 0.395313 0.385417 0.014063 0.026389
1 0.041016 0.116667 0.021094 0.083333
1 0.326172 0.155556 0.017969 0.066667
1 0.533203 0.171528 0.016406 0.059722
1 0.856641 0.186806 0.017969 0.070833
1 0.516016 0.173611 0.011719 0.055556
1 0.837891 0.187500 0.011719 0.069444
1 0.450000 0.345833 0.007812 0.022222
1 0.521875 0.365278 0.006250 0.019444
1 0.491406 0.382639 0.004687 0.012500
1 0.594141 0.363889 0.003906 0.019444
1 0.610156 0.393750 0.003125 0.012500
7 0.073828 0.492361 0.117969 0.118056
7 0.071875 0.526389 0.071875 0.105556
7 0.148438 0.477083 0.040625 0.062500
7 0.189062 0.483333 0.071875 0.066667
7 0.184375 0.452083 0.035937 0.015278
7 0.226953 0.503472 0.080469 0.079167
7 0.303516 0.493056 0.083594 0.097222
7 0.432812 0.462500 0.021875 0.038889
7 0.409766 0.462500 0.027344 0.041667
7 0.381641 0.468056 0.032031 0.044444
7 0.357422 0.474306 0.039844 0.054167
7 0.583984 0.456250 0.017969 0.034722
7 0.598047 0.447222 0.010156 0.016667
7 0.609766 0.445139 0.014844 0.018056
7 0.601172 0.484722 0.038281 0.072222
7 0.522266 0.451389 0.008594 0.013889
7 0.528125 0.449306 0.007812 0.015278
7 0.533594 0.447222 0.006250 0.013889
7 0.541406 0.445139 0.012500 0.015278
7 0.533984 0.461806 0.010156 0.029167
7 0.571094 0.448611 0.007812 0.011111
7 0.564063 0.447222 0.006250 0.013889
7 0.555859 0.444444 0.007031 0.008333
7 0.549609 0.444444 0.005469 0.011111
7 0.478516 0.471528 0.077344 0.162500
5 0.681250 0.447917 0.134375 0.234722
5 0.855469 0.541667 0.287500 0.555556
7 0.013281 0.465278 0.026562 0.019444
7 0.035937 0.572917 0.071875 0.212500
7 0.546094 0.470833 0.034375 0.036111
