0 0.326562 0.584722 0.126562 0.072222
7 0.299609 0.597222 0.058594 0.038889
8 0.244922 0.604167 0.013281 0.052778
6 0.246875 0.613194 0.028125 0.031944
7 0.230859 0.600000 0.028906 0.044444
7 0.177344 0.576389 0.023438 0.016667
7 0.204297 0.600000 0.064844 0.044444
7 0.166016 0.604167 0.078906 0.041667
7 0.110937 0.595833 0.043750 0.038889
7 0.066797 0.587500 0.052344 0.038889
1 0.442188 0.436111 0.014063 0.052778
7 0.562891 0.621528 0.050781 0.079167
7 0.639844 0.672917 0.153125 0.198611
7 0.729688 0.579167 0.068750 0.058333
7 0.795312 0.563889 0.065625 0.027778
3 0.842969 0.570833 0.034375 0.055556
7 0.850781 0.756944 0.293750 0.483333
7 0.451562 0.743056 0.256250 0.400000
2 0.950781 0.519444 0.031250 0.047222
