2 0.625391 0.245139 0.061719 0.051389
2 0.546875 0.179861 0.054688 0.037500
2 0.515234 0.256250 0.116406 0.095833
2 0.322266 0.246528 0.122656 0.109722
2 0.177734 0.486806 0.033594 0.065278
2 0.128906 0.486806 0.042188 0.065278
2 0.294531 0.523611 0.017188 0.044444
2 0.383203 0.506944 0.039844 0.011111
2 0.569531 0.532639 0.007812 0.020833
2 0.555078 0.538889 0.013281 0.013889
7 0.566797 0.563889 0.010156 0.019444
7 0.554688 0.564583 0.010937 0.023611
7 0.511328 0.567361 0.016406 0.020833
7 0.525000 0.564583 0.006250 0.023611
7 0.497656 0.561806 0.009375 0.023611
7 0.466406 0.565972 0.023438 0.037500
7 0.434375 0.560417 0.040625 0.068056
7 0.357031 0.560417 0.023438 0.054167
7 0.378516 0.570833 0.046094 0.047222
7 0.155859 0.546528 0.053906 0.020833
7 0.017188 0.610417 0.034375 0.156944
