1 0.465234 0.459722 0.007031 0.016667
7 0.491797 0.497917 0.010156 0.012500
7 0.483594 0.500000 0.007812 0.016667
7 0.476562 0.506250 0.007812 0.012500
7 0.469141 0.515278 0.013281 0.027778
7 0.455078 0.495833 0.019531 0.013889
7 0.454297 0.519444 0.014844 0.025000
7 0.441406 0.521528 0.020313 0.048611
7 0.426172 0.522917 0.027344 0.056944
7 0.401562 0.533333 0.054688 0.075000
7 0.383203 0.547917 0.058594 0.076389
7 0.350000 0.563194 0.065625 0.095833
7 0.296094 0.581944 0.109375 0.133333
7 0.153125 0.619444 0.265625 0.247222
7 0.023828 0.792361 0.047656 0.240278
7 0.507031 0.500694 0.010937 0.012500
7 0.513281 0.501389 0.012500 0.013889
7 0.517969 0.508333 0.009375 0.013889
7 0.582422 0.531944 0.074219 0.094444
7 0.650000 0.593750 0.114062 0.168056
7 0.812109 0.677083 0.328906 0.348611
2 0.721484 0.356944 0.022656 0.027778
