7 0.443359 0.311806 0.017969 0.029167
7 0.463281 0.314583 0.026562 0.043056
7 0.485156 0.329167 0.031250 0.077778
7 0.500391 0.336806 0.038281 0.087500
7 0.549219 0.330556 0.089063 0.136111
7 0.390625 0.306944 0.015625 0.025000
7 0.376953 0.307639 0.016406 0.037500
7 0.326172 0.313194 0.046094 0.070833
7 0.362500 0.310417 0.028125 0.037500
7 0.273047 0.320833 0.071094 0.088889
5 0.419922 0.293750 0.030469 0.065278
7 0.583984 0.361111 0.138281 0.200000
2 0.622266 0.095833 0.046094 0.069444
7 0.091797 0.338889 0.182031 0.186111
2 0.978516 0.116667 0.036719 0.086111
