7 0.896094 0.595139 0.206250 0.445833
7 0.473047 0.544444 0.125781 0.188889
7 0.358203 0.486111 0.046094 0.083333
7 0.383594 0.483333 0.012500 0.038889
7 0.425781 0.484722 0.020313 0.050000
7 0.415625 0.489583 0.014063 0.056944
7 0.409375 0.486806 0.012500 0.045833
5 0.382812 0.461806 0.014063 0.023611
7 0.397266 0.488194 0.014844 0.034722
2 0.224609 0.330556 0.082031 0.083333
2 0.815625 0.297222 0.040625 0.152778
2 0.544922 0.446528 0.028906 0.029167
2 0.338281 0.422917 0.031250 0.023611
2 0.337109 0.399306 0.011719 0.012500
2 0.360938 0.427778 0.007812 0.033333
