1 0.419531 0.695833 0.006250 0.019444
2 0.580859 0.656944 0.016406 0.019444
7 0.457813 0.722917 0.007812 0.012500
7 0.447266 0.722222 0.013281 0.019444
7 0.435547 0.727778 0.016406 0.022222
7 0.402344 0.742361 0.021875 0.026389
7 0.381250 0.740972 0.025000 0.031944
7 0.366016 0.747917 0.021094 0.031944
7 0.332031 0.736806 0.051562 0.065278
7 0.298828 0.756944 0.035156 0.044444
7 0.257422 0.759028 0.069531 0.068056
7 0.094141 0.762500 0.132031 0.138889
7 0.033203 0.762500 0.066406 0.155556
7 0.478125 0.729861 0.026562 0.029167
7 0.539453 0.727778 0.010156 0.016667
7 0.511719 0.723611 0.014063 0.013889
7 0.550000 0.736111 0.014063 0.025000
7 0.570703 0.750694 0.013281 0.026389
7 0.580859 0.752778 0.016406 0.030556
7 0.596875 0.760417 0.025000 0.048611
7 0.614062 0.765278 0.026562 0.052778
7 0.640234 0.775694 0.049219 0.073611
7 0.737891 0.806944 0.069531 0.127778
5 0.870313 0.627778 0.254688 0.558333
3 0.695312 0.754861 0.012500 0.062500
