2 0.497266 0.395833 0.014844 0.041667
2 0.594531 0.290278 0.018750 0.061111
7 0.055859 0.474306 0.019531 0.020833
7 0.044141 0.481250 0.027344 0.020833
7 0.389453 0.463889 0.011719 0.019444
7 0.382031 0.464583 0.010937 0.020833
7 0.453125 0.457639 0.010937 0.026389
7 0.462109 0.459028 0.011719 0.029167
7 0.471094 0.462500 0.017188 0.036111
7 0.483594 0.456944 0.018750 0.047222
7 0.488281 0.469444 0.021875 0.044444
7 0.513281 0.468750 0.048438 0.084722
7 0.726172 0.431944 0.028906 0.030556
7 0.596484 0.445833 0.030469 0.058333
7 0.617969 0.452083 0.034375 0.070833
7 0.641406 0.450694 0.040625 0.081944
7 0.346875 0.469444 0.025000 0.030556
7 0.326172 0.473611 0.027344 0.047222
7 0.288281 0.470833 0.060937 0.108333
5 0.361719 0.448611 0.020313 0.025000
5 0.148828 0.463194 0.100781 0.143056
7 0.368750 0.464583 0.018750 0.034722
7 0.404687 0.465972 0.023438 0.031944
7 0.439453 0.462500 0.019531 0.030556
7 0.535547 0.481250 0.061719 0.076389
7 0.683203 0.449306 0.077344 0.084722
5 0.446094 0.447222 0.021875 0.041667
7 0.217188 0.490972 0.103125 0.123611
7 0.092188 0.511806 0.118750 0.115278
7 0.024219 0.484028 0.029687 0.034722
7 0.017188 0.499306 0.034375 0.056944
7 0.964844 0.456250 0.068750 0.112500
5 0.410547 0.452083 0.024219 0.043056
