2 0.405078 0.350694 0.022656 0.020833
2 0.386328 0.347222 0.021094 0.030556
7 0.357031 0.372917 0.018750 0.023611
7 0.340625 0.371528 0.012500 0.026389
7 0.326562 0.379167 0.026562 0.033333
7 0.309375 0.378472 0.007812 0.020833
7 0.290625 0.370833 0.025000 0.016667
7 0.256250 0.372222 0.025000 0.019444
7 0.161328 0.404167 0.030469 0.050000
7 0.189062 0.405556 0.048438 0.061111
7 0.216797 0.408333 0.046094 0.058333
7 0.107813 0.418056 0.103125 0.105556
7 0.400000 0.370139 0.014063 0.018056
7 0.420312 0.373611 0.012500 0.025000
7 0.442578 0.390278 0.036719 0.077778
7 0.524219 0.392361 0.034375 0.059722
7 0.383984 0.385417 0.035156 0.059722
7 0.480469 0.461111 0.140625 0.225000
7 0.272266 0.463889 0.130469 0.169444
7 0.862891 0.488194 0.272656 0.354167
