7 0.100391 0.427083 0.013281 0.015278
7 0.091016 0.420139 0.011719 0.015278
7 0.079687 0.423611 0.010937 0.013889
7 0.071875 0.423611 0.010937 0.013889
7 0.061328 0.422222 0.013281 0.016667
7 0.098047 0.439583 0.017969 0.023611
7 0.093359 0.449306 0.019531 0.023611
7 0.075391 0.444444 0.021094 0.019444
7 0.069141 0.463889 0.036719 0.044444
7 0.039453 0.435417 0.019531 0.023611
7 0.011719 0.436111 0.023438 0.030556
7 0.457813 0.481250 0.123438 0.095833
7 0.829297 0.484028 0.074219 0.065278
7 0.531641 0.486806 0.127344 0.084722
7 0.032031 0.478472 0.064062 0.081944
3 0.264453 0.504167 0.038281 0.161111
3 0.931250 0.481944 0.034375 0.166667
2 0.323437 0.172222 0.031250 0.061111
2 0.862109 0.322917 0.028906 0.059722
2 0.304688 0.443750 0.043750 0.076389
1 0.282813 0.232639 0.026562 0.084722
1 0.418750 0.354861 0.017188 0.054167
1 0.332031 0.387500 0.014063 0.022222
1 0.484375 0.327083 0.017188 0.068056
1 0.322266 0.243056 0.028906 0.058333
2 0.971484 0.418056 0.010156 0.030556
