7 0.042578 0.466667 0.083594 0.158333
7 0.123438 0.479861 0.095312 0.118056
7 0.182031 0.489583 0.064062 0.079167
7 0.216797 0.494444 0.022656 0.030556
7 0.260156 0.502083 0.034375 0.029167
7 0.308984 0.502083 0.039844 0.037500
7 0.362500 0.505556 0.023438 0.025000
7 0.410156 0.506944 0.015625 0.022222
7 0.420312 0.509028 0.014063 0.023611
7 0.450781 0.508333 0.010937 0.016667
7 0.468359 0.513889 0.010156 0.016667
7 0.553516 0.503472 0.053906 0.087500
7 0.618359 0.527778 0.075781 0.105556
7 0.658984 0.545833 0.075781 0.108333
7 0.514062 0.509028 0.057813 0.090278
7 0.765234 0.552778 0.191406 0.211111
3 0.559766 0.516667 0.014844 0.075000
7 0.544531 0.529861 0.020313 0.043056
2 0.210547 0.419444 0.025781 0.019444
2 0.385156 0.460417 0.009375 0.012500
2 0.403125 0.461111 0.010937 0.019444
2 0.624219 0.388194 0.020313 0.031944
2 0.959766 0.159722 0.038281 0.069444
2 0.976953 0.431250 0.016406 0.045833
