1 0.371484 0.336806 0.008594 0.012500
1 0.359766 0.341667 0.010156 0.016667
1 0.446875 0.341667 0.007812 0.022222
2 0.743750 0.214583 0.018750 0.059722
7 0.402734 0.384028 0.008594 0.012500
7 0.398828 0.388194 0.005469 0.009722
7 0.393359 0.388889 0.007031 0.011111
7 0.385547 0.386111 0.011719 0.016667
7 0.380078 0.389583 0.007031 0.015278
7 0.373047 0.391667 0.011719 0.016667
7 0.366406 0.393750 0.010937 0.018056
7 0.360156 0.397917 0.018750 0.023611
7 0.343359 0.400000 0.016406 0.030556
7 0.331641 0.400000 0.019531 0.030556
7 0.323828 0.404861 0.017969 0.029167
7 0.309766 0.404861 0.022656 0.034722
7 0.291797 0.406944 0.025781 0.038889
7 0.285156 0.413889 0.017188 0.027778
7 0.258984 0.409722 0.042969 0.050000
7 0.246484 0.418056 0.025781 0.044444
7 0.216016 0.415972 0.049219 0.065278
7 0.160547 0.420833 0.091406 0.077778
7 0.012109 0.440278 0.024219 0.136111
7 0.450781 0.386111 0.006250 0.019444
7 0.455859 0.388889 0.010156 0.013889
7 0.458594 0.396528 0.012500 0.018056
7 0.427344 0.391667 0.042188 0.066667
7 0.494922 0.396528 0.067969 0.101389
7 0.534766 0.396528 0.022656 0.054167
7 0.552344 0.399306 0.029687 0.065278
7 0.585938 0.399306 0.057813 0.079167
7 0.674609 0.384722 0.125781 0.158333
7 0.725781 0.409028 0.143750 0.145833
7 0.892969 0.388194 0.210938 0.240278
