1 0.592969 0.508333 0.006250 0.022222
1 0.444531 0.518750 0.006250 0.020833
1 0.417187 0.522222 0.006250 0.019444
1 0.587109 0.508333 0.007031 0.022222
3 0.631250 0.602778 0.012500 0.050000
3 0.641016 0.598611 0.011719 0.050000
3 0.440625 0.595139 0.007812 0.029167
3 0.455859 0.595139 0.007031 0.029167
3 0.447656 0.595139 0.006250 0.031944
1 0.355078 0.565972 0.010156 0.018056
1 0.403906 0.543750 0.007812 0.018056
2 0.025000 0.436806 0.039062 0.084722
2 0.086328 0.486806 0.017969 0.095833
2 0.194141 0.461806 0.022656 0.040278
2 0.193359 0.502778 0.016406 0.036111
2 0.323828 0.552083 0.013281 0.026389
2 0.896875 0.479861 0.025000 0.045833
7 0.153125 0.655556 0.187500 0.169444
5 0.521875 0.576389 0.020313 0.044444
7 0.671875 0.609028 0.070312 0.095833
7 0.507812 0.585417 0.018750 0.048611
7 0.483203 0.597917 0.046094 0.081944
7 0.583594 0.608333 0.075000 0.102778
7 0.824219 0.715972 0.348438 0.437500
3 0.304297 0.609722 0.010156 0.044444
3 0.316406 0.614583 0.007812 0.023611
