2 0.027734 0.086111 0.052344 0.025000
2 0.529687 0.127778 0.064062 0.038889
2 0.662109 0.215278 0.021094 0.019444
2 0.642969 0.243056 0.014063 0.019444
2 0.647656 0.267361 0.015625 0.018056
2 0.644531 0.286806 0.015625 0.015278
2 0.481250 0.310417 0.015625 0.023611
2 0.411719 0.292361 0.021875 0.012500
1 0.192969 0.054861 0.015625 0.068056
1 0.436719 0.096528 0.014063 0.065278
1 0.240234 0.296528 0.008594 0.020833
3 0.605078 0.379861 0.013281 0.065278
3 0.510547 0.386111 0.019531 0.088889
7 0.747266 0.463194 0.208594 0.187500
7 0.474219 0.384722 0.053125 0.100000
5 0.301563 0.315278 0.062500 0.125000
7 0.262500 0.353472 0.018750 0.043056
7 0.231250 0.364583 0.043750 0.056944
7 0.209766 0.369444 0.032031 0.066667
7 0.160938 0.375000 0.093750 0.105556
7 0.398828 0.347222 0.017969 0.025000
2 0.016797 0.220139 0.016406 0.034722
3 0.092188 0.338889 0.015625 0.044444
7 0.355469 0.340972 0.010937 0.015278
7 0.338672 0.340972 0.013281 0.018056
7 0.375391 0.344444 0.013281 0.011111
7 0.441016 0.356944 0.017969 0.025000
5 0.434375 0.338194 0.020313 0.026389
2 0.431250 0.288194 0.009375 0.018056
2 0.414844 0.311806 0.007812 0.015278
