1 0.564844 0.090972 0.014063 0.065278
1 0.740234 0.290972 0.021094 0.037500
1 0.579297 0.322222 0.007031 0.019444
1 0.472266 0.325000 0.007031 0.019444
1 0.053125 0.343056 0.021875 0.030556
1 0.079687 0.342361 0.017188 0.031944
2 0.066797 0.295833 0.028906 0.025000
2 0.738281 0.211111 0.026562 0.019444
2 0.721484 0.232639 0.032031 0.023611
2 0.593359 0.327778 0.016406 0.013889
2 0.633594 0.279861 0.010937 0.029167
2 0.441406 0.332639 0.023438 0.009722
2 0.644922 0.130556 0.069531 0.036111
3 0.753906 0.384722 0.012500 0.080556
3 0.767578 0.384722 0.024219 0.100000
3 0.809766 0.403472 0.027344 0.123611
3 0.741406 0.403472 0.025000 0.129167
4 0.783984 0.396528 0.024219 0.048611
7 0.490625 0.392361 0.012500 0.018056
7 0.580469 0.381250 0.015625 0.018056
7 0.582422 0.390278 0.011719 0.022222
7 0.590625 0.395833 0.014063 0.025000
7 0.597656 0.390278 0.014063 0.036111
7 0.379297 0.404167 0.033594 0.052778
7 0.285938 0.424306 0.060937 0.062500
7 0.202734 0.438889 0.094531 0.086111
7 0.341016 0.413889 0.066406 0.072222
7 0.448437 0.411806 0.117188 0.090278
7 0.529297 0.395139 0.027344 0.034722
7 0.612500 0.396528 0.037500 0.054167
7 0.516797 0.388889 0.010156 0.016667
7 0.553125 0.384028 0.012500 0.020833
1 0.550391 0.094444 0.014844 0.055556
6 0.931641 0.524306 0.133594 0.379167
3 0.565234 0.387500 0.011719 0.033333
