2 0.317188 0.440278 0.048438 0.019444
2 0.389453 0.441667 0.027344 0.016667
7 0.321484 0.489583 0.013281 0.009722
7 0.289453 0.499306 0.022656 0.015278
7 0.376172 0.511111 0.024219 0.022222
7 0.428125 0.510417 0.015625 0.012500
7 0.610938 0.513889 0.014063 0.025000
7 0.053516 0.511111 0.105469 0.091667
7 0.214844 0.505556 0.084375 0.066667
7 0.148828 0.516667 0.038281 0.033333
7 0.566406 0.515278 0.012500 0.019444
7 0.546484 0.514583 0.028906 0.045833
7 0.592187 0.521528 0.031250 0.040278
7 0.505469 0.525000 0.051562 0.075000
7 0.707422 0.552083 0.157031 0.198611
