7 0.215234 0.256250 0.035156 0.056944
7 0.300000 0.253472 0.037500 0.043056
7 0.433203 0.247222 0.013281 0.030556
7 0.413672 0.256250 0.028906 0.045833
7 0.498437 0.243056 0.017188 0.022222
7 0.452734 0.246528 0.035156 0.081944
7 0.502344 0.291667 0.064062 0.091667
7 0.117188 0.240972 0.098437 0.123611
7 0.600781 0.247222 0.021875 0.022222
7 0.639062 0.254167 0.035937 0.027778
7 0.676172 0.253472 0.033594 0.043056
7 0.714844 0.261111 0.039062 0.038889
7 0.749219 0.262500 0.032813 0.036111
7 0.800391 0.268056 0.067969 0.061111
7 0.865625 0.278472 0.079687 0.084722
7 0.946484 0.273611 0.100781 0.119444
0 0.084375 0.226389 0.168750 0.450000
7 0.251563 0.258333 0.056250 0.061111
7 0.394141 0.246528 0.013281 0.018056
7 0.374609 0.247222 0.010156 0.016667
7 0.363281 0.245833 0.014063 0.013889
7 0.339844 0.246528 0.021875 0.018056
7 0.541797 0.250000 0.027344 0.019444
7 0.561719 0.250000 0.014063 0.019444
7 0.583594 0.248611 0.017188 0.022222
