2 0.784766 0.383333 0.050781 0.050000
2 0.785156 0.438194 0.065625 0.051389
2 0.663672 0.452083 0.013281 0.026389
2 0.659766 0.477083 0.013281 0.015278
2 0.530078 0.490278 0.013281 0.022222
2 0.487500 0.452778 0.021875 0.036111
2 0.346094 0.422222 0.032813 0.038889
2 0.300000 0.410417 0.037500 0.054167
7 0.296875 0.504861 0.014063 0.020833
7 0.233203 0.507639 0.022656 0.023611
7 0.191016 0.509028 0.019531 0.023611
7 0.323047 0.521528 0.047656 0.062500
7 0.447266 0.515972 0.017969 0.048611
7 0.650781 0.511111 0.014063 0.019444
7 0.662500 0.509722 0.012500 0.011111
7 0.677734 0.513194 0.008594 0.018056
7 0.686328 0.507639 0.008594 0.012500
7 0.698438 0.509028 0.014063 0.020833
7 0.712891 0.508333 0.008594 0.016667
7 0.727344 0.513194 0.014063 0.012500
7 0.745703 0.509028 0.014844 0.015278
7 0.758984 0.507639 0.011719 0.018056
7 0.773828 0.511806 0.013281 0.020833
7 0.785937 0.513194 0.006250 0.018056
7 0.802344 0.505556 0.018750 0.022222
7 0.817969 0.505556 0.015625 0.019444
7 0.833984 0.506944 0.011719 0.019444
7 0.845313 0.504167 0.017188 0.019444
7 0.865234 0.506250 0.014844 0.020833
7 0.878125 0.506944 0.012500 0.013889
7 0.902344 0.511806 0.020313 0.023611
7 0.939844 0.510417 0.026562 0.023611
7 0.973437 0.513889 0.028125 0.025000
7 0.473828 0.513194 0.042969 0.070833
7 0.158984 0.504861 0.044531 0.034722
7 0.392188 0.526389 0.106250 0.147222
