1 0.219922 0.395139 0.007031 0.023611
1 0.390625 0.405556 0.007812 0.027778
1 0.229297 0.393750 0.011719 0.034722
1 0.608203 0.480556 0.024219 0.041667
1 0.521094 0.495833 0.012500 0.025000
2 0.158203 0.414583 0.014844 0.020833
2 0.106641 0.423611 0.019531 0.013889
2 0.109766 0.450694 0.013281 0.009722
2 0.424219 0.409722 0.039062 0.016667
2 0.466016 0.422222 0.021094 0.025000
2 0.461719 0.487500 0.012500 0.022222
2 0.509375 0.457639 0.018750 0.015278
2 0.509766 0.490972 0.010156 0.020833
2 0.696484 0.461806 0.027344 0.018056
2 0.696875 0.441667 0.015625 0.019444
2 0.424219 0.460417 0.037500 0.020833
2 0.460547 0.509722 0.005469 0.016667
7 0.383984 0.543056 0.011719 0.022222
7 0.378516 0.551389 0.008594 0.025000
7 0.362891 0.550694 0.027344 0.048611
7 0.332422 0.536806 0.022656 0.018056
7 0.300781 0.541667 0.021875 0.013889
7 0.307812 0.562500 0.029687 0.044444
7 0.441797 0.554167 0.016406 0.041667
7 0.405469 0.563194 0.043750 0.068056
7 0.339062 0.567361 0.046875 0.062500
7 0.169922 0.622222 0.250781 0.305556
7 0.582812 0.588889 0.121875 0.155556
7 0.835156 0.646528 0.318750 0.290278
7 0.464844 0.560417 0.045312 0.062500
