2 0.523047 0.325000 0.027344 0.013889
2 0.820703 0.155556 0.028906 0.041667
3 0.597266 0.415972 0.011719 0.045833
3 0.297656 0.410417 0.006250 0.020833
1 0.367578 0.340972 0.005469 0.023611
1 0.361719 0.338889 0.004687 0.019444
1 0.372656 0.340278 0.004687 0.022222
1 0.482031 0.325000 0.004687 0.016667
1 0.487109 0.324306 0.007031 0.023611
1 0.492578 0.326389 0.007031 0.022222
7 0.014844 0.501389 0.029687 0.102778
7 0.078906 0.478472 0.120313 0.112500
7 0.169531 0.454167 0.101562 0.108333
7 0.237500 0.456250 0.059375 0.070833
7 0.303906 0.454167 0.046875 0.052778
7 0.326172 0.445833 0.035156 0.055556
7 0.831250 0.537500 0.335938 0.288889
7 0.653516 0.483333 0.147656 0.166667
7 0.548828 0.451389 0.063281 0.075000
7 0.516406 0.444444 0.021875 0.047222
7 0.512109 0.436806 0.030469 0.054167
7 0.492578 0.436806 0.011719 0.054167
7 0.963281 0.408333 0.067187 0.130556
7 0.937500 0.375694 0.121875 0.087500
7 0.887891 0.359028 0.042969 0.034722
7 0.458203 0.431944 0.067969 0.050000
7 0.365625 0.437500 0.023438 0.033333
7 0.384375 0.445833 0.012500 0.022222
7 0.394531 0.443056 0.012500 0.022222
7 0.405078 0.445139 0.011719 0.015278
7 0.414844 0.443750 0.007812 0.015278
7 0.441016 0.415278 0.005469 0.013889
2 0.086719 0.302083 0.006250 0.029167
