2 0.458594 0.503472 0.014063 0.031944
2 0.426563 0.534722 0.017188 0.022222
2 0.421094 0.516667 0.007812 0.013889
2 0.367578 0.517361 0.010156 0.018056
2 0.302734 0.531944 0.017969 0.013889
2 0.898047 0.521528 0.022656 0.031944
2 0.898047 0.554861 0.022656 0.031944
7 0.253906 0.556250 0.018750 0.034722
7 0.271094 0.561111 0.021875 0.044444
7 0.282813 0.565972 0.026562 0.054167
7 0.361328 0.579167 0.038281 0.052778
7 0.466797 0.568750 0.049219 0.068056
7 0.946094 0.627778 0.059375 0.061111
7 0.896875 0.627778 0.043750 0.063889
7 0.846484 0.612500 0.078906 0.122222
7 0.977734 0.638194 0.044531 0.070833
7 0.312891 0.595833 0.069531 0.100000
7 0.548438 0.633333 0.175000 0.216667
