7 0.029687 0.732639 0.059375 0.404167
7 0.844922 0.665278 0.307031 0.661111
7 0.158984 0.570139 0.271094 0.212500
7 0.151562 0.477778 0.153125 0.080556
7 0.242188 0.459028 0.079687 0.062500
7 0.325000 0.510417 0.115625 0.154167
7 0.405469 0.501389 0.067187 0.105556
7 0.440625 0.487500 0.029687 0.066667
7 0.474609 0.469444 0.047656 0.055556
7 0.492188 0.458333 0.026562 0.052778
7 0.510547 0.456250 0.019531 0.045833
7 0.521094 0.455556 0.010937 0.025000
7 0.702344 0.572222 0.112500 0.247222
7 0.656641 0.508333 0.052344 0.136111
7 0.627344 0.495139 0.034375 0.104167
7 0.617188 0.463889 0.034375 0.072222
7 0.604297 0.449306 0.021094 0.054167
7 0.593750 0.438194 0.009375 0.029167
7 0.554297 0.436806 0.010156 0.020833
7 0.540234 0.442361 0.021094 0.034722
7 0.570703 0.436111 0.013281 0.022222
7 0.581641 0.438889 0.008594 0.013889
