0 0.477344 0.484722 0.020313 0.038889
0 0.455469 0.484028 0.026562 0.054167
7 0.459766 0.509722 0.028906 0.038889
7 0.428516 0.510417 0.038281 0.056944
7 0.408203 0.513889 0.019531 0.033333
7 0.387891 0.516667 0.030469 0.044444
7 0.361719 0.517361 0.043750 0.070833
0 0.187500 0.500694 0.184375 0.156944
7 0.294922 0.525000 0.130469 0.100000
7 0.249219 0.601389 0.195312 0.213889
7 0.100391 0.658333 0.200781 0.438889
7 0.509375 0.640278 0.346875 0.441667
7 0.590625 0.528472 0.118750 0.101389
3 0.718359 0.515278 0.019531 0.055556
3 0.740234 0.549306 0.019531 0.118056
3 0.765625 0.522222 0.012500 0.061111
3 0.787109 0.543056 0.017969 0.130556
3 0.803906 0.539583 0.034375 0.156944
3 0.817187 0.534722 0.020313 0.119444
3 0.928516 0.565278 0.035156 0.169444
3 0.659766 0.529861 0.013281 0.065278
3 0.647656 0.520139 0.010937 0.065278
8 0.735938 0.515278 0.015625 0.055556
4 0.735547 0.536111 0.027344 0.038889
1 0.012891 0.279861 0.016406 0.059722
1 0.739844 0.319444 0.020313 0.077778
1 0.783203 0.385417 0.038281 0.054167
1 0.512109 0.338194 0.010156 0.031944
1 0.289062 0.358333 0.010937 0.038889
1 0.500391 0.340278 0.008594 0.030556
1 0.234766 0.351389 0.011719 0.044444
1 0.492188 0.343056 0.010937 0.036111
2 0.208203 0.375694 0.041406 0.023611
2 0.748828 0.183333 0.024219 0.038889
2 0.565234 0.356250 0.025781 0.034722
2 0.620703 0.414583 0.013281 0.015278
1 0.623437 0.454861 0.014063 0.026389
7 0.975781 0.533333 0.040625 0.077778
