7 0.423438 0.616667 0.009375 0.011111
7 0.434375 0.616667 0.007812 0.013889
7 0.449609 0.622917 0.016406 0.012500
7 0.455859 0.629167 0.021094 0.013889
7 0.451953 0.647222 0.021094 0.033333
7 0.436328 0.645139 0.021094 0.037500
7 0.419141 0.654167 0.039844 0.050000
7 0.545312 0.636806 0.020313 0.026389
7 0.626563 0.660417 0.067187 0.104167
1 0.429297 0.144444 0.024219 0.155556
1 0.698438 0.306944 0.015625 0.094444
1 0.456250 0.145833 0.021875 0.138889
1 0.403906 0.147222 0.025000 0.136111
1 0.680859 0.306944 0.016406 0.094444
1 0.146875 0.542361 0.015625 0.018056
1 0.123047 0.543750 0.016406 0.020833
1 0.909766 0.514583 0.013281 0.020833
1 0.883594 0.514583 0.009375 0.018056
2 0.344922 0.552083 0.019531 0.034722
2 0.646875 0.604861 0.012500 0.020833
1 0.714063 0.312500 0.014063 0.091667
