2 0.416016 0.350694 0.010156 0.015278
2 0.484766 0.336806 0.011719 0.015278
2 0.428906 0.402083 0.020313 0.045833
7 0.875391 0.453472 0.210156 0.229167
7 0.739844 0.456250 0.114062 0.143056
7 0.662891 0.447222 0.080469 0.113889
7 0.613281 0.447222 0.060937 0.094444
7 0.583594 0.440278 0.032813 0.066667
7 0.567578 0.438194 0.027344 0.068056
7 0.551562 0.440278 0.010937 0.044444
7 0.538672 0.436111 0.010156 0.041667
7 0.512891 0.434722 0.016406 0.019444
7 0.216016 0.561111 0.061719 0.111111
7 0.289844 0.520139 0.085938 0.101389
7 0.335938 0.497222 0.021875 0.061111
7 0.352344 0.486806 0.037500 0.062500
5 0.369922 0.458333 0.035156 0.058333
7 0.400781 0.464583 0.020313 0.031944
7 0.427734 0.456944 0.013281 0.025000
7 0.444922 0.445833 0.013281 0.013889
7 0.416406 0.456250 0.012500 0.026389
