1 0.617578 0.406250 0.014844 0.051389
1 0.043359 0.095833 0.028906 0.097222
1 0.173437 0.340972 0.010937 0.043056
1 0.161328 0.357639 0.010156 0.034722
1 0.150781 0.450000 0.012500 0.036111
1 0.132812 0.441667 0.009375 0.008333
1 0.562109 0.370139 0.008594 0.031944
1 0.608203 0.370833 0.008594 0.022222
1 0.605859 0.408333 0.010156 0.052778
1 0.663672 0.436111 0.011719 0.041667
1 0.675000 0.471528 0.007812 0.012500
2 0.632031 0.398611 0.018750 0.016667
2 0.576562 0.367361 0.014063 0.020833
2 0.006250 0.080556 0.012500 0.066667
7 0.282031 0.526389 0.062500 0.127778
7 0.215625 0.561806 0.129688 0.206944
7 0.105078 0.626389 0.210156 0.441667
7 0.474219 0.586111 0.392188 0.547222
