7 0.037891 0.604861 0.072656 0.054167
7 0.133984 0.580556 0.050781 0.058333
7 0.170703 0.582639 0.022656 0.031944
7 0.199609 0.572917 0.032031 0.040278
7 0.221875 0.571528 0.014063 0.026389
7 0.237891 0.571528 0.021094 0.026389
7 0.257422 0.565278 0.022656 0.025000
7 0.294141 0.557639 0.017969 0.020833
7 0.335547 0.556250 0.014844 0.012500
7 0.692187 0.599306 0.126562 0.073611
3 0.735547 0.595833 0.019531 0.091667
7 0.798438 0.573611 0.096875 0.066667
3 0.876172 0.579861 0.030469 0.145833
3 0.902734 0.585417 0.024219 0.159722
2 0.738672 0.438194 0.024219 0.048611
2 0.843359 0.434722 0.046094 0.077778
2 0.712891 0.498611 0.027344 0.019444
2 0.711328 0.475694 0.022656 0.015278
2 0.379688 0.522917 0.021875 0.015278
2 0.427344 0.499306 0.010937 0.009722
7 0.386719 0.577778 0.034375 0.044444
7 0.405469 0.568056 0.021875 0.038889
7 0.435156 0.582639 0.034375 0.045833
7 0.453516 0.550000 0.021094 0.030556
7 0.497656 0.606250 0.065625 0.087500
7 0.485156 0.564583 0.025000 0.023611
7 0.484766 0.547222 0.016406 0.011111
7 0.481641 0.531944 0.008594 0.013889
7 0.461719 0.535417 0.018750 0.015278
7 0.460156 0.547917 0.015625 0.023611
7 0.501953 0.538889 0.014844 0.016667
7 0.505469 0.544444 0.014063 0.022222
7 0.504297 0.547917 0.011719 0.029167
7 0.523047 0.554167 0.014844 0.022222
7 0.410938 0.537500 0.009375 0.013889
7 0.675391 0.560417 0.046094 0.031944
7 0.674609 0.568056 0.035156 0.027778
2 0.800391 0.496528 0.014844 0.048611
2 0.801562 0.370139 0.081250 0.109722
2 0.826953 0.562500 0.013281 0.016667
2 0.832422 0.587500 0.011719 0.025000
