2 0.619141 0.452778 0.036719 0.088889
2 0.367969 0.502083 0.014063 0.015278
7 0.556250 0.599306 0.121875 0.179167
7 0.490234 0.576389 0.014844 0.027778
7 0.411328 0.581250 0.013281 0.037500
7 0.345313 0.577778 0.028125 0.030556
7 0.466406 0.580556 0.029687 0.025000
2 0.374219 0.529167 0.010937 0.019444
2 0.337500 0.534722 0.015625 0.019444
1 0.520703 0.484722 0.007031 0.025000
1 0.481641 0.495833 0.007031 0.022222
0 0.408203 0.534722 0.008594 0.022222
0 0.043359 0.523611 0.086719 0.244444
0 0.212109 0.512500 0.247656 0.269444
7 0.386328 0.586111 0.036719 0.052778
1 0.475781 0.498611 0.004687 0.022222
