2 0.294922 0.325694 0.075781 0.081944
2 0.418750 0.411111 0.028125 0.013889
2 0.401172 0.439583 0.035156 0.034722
2 0.397656 0.450000 0.015625 0.025000
2 0.456250 0.445833 0.009375 0.019444
2 0.548047 0.433333 0.016406 0.022222
2 0.565625 0.429861 0.009375 0.023611
7 0.422266 0.477778 0.030469 0.036111
7 0.429297 0.491667 0.024219 0.041667
7 0.442188 0.494444 0.018750 0.061111
7 0.455078 0.498611 0.028906 0.075000
7 0.610938 0.493750 0.065625 0.093056
7 0.568359 0.505556 0.053906 0.102778
7 0.689453 0.527778 0.163281 0.155556
7 0.815625 0.506250 0.120313 0.162500
7 0.880469 0.577778 0.239063 0.319444
7 0.512500 0.551389 0.139063 0.205556
