1 0.023438 0.109028 0.015625 0.065278
1 0.125391 0.029167 0.010156 0.030556
1 0.274219 0.045139 0.007812 0.040278
1 0.362891 0.106250 0.013281 0.059722
1 0.447266 0.050694 0.039844 0.020833
1 0.579297 0.054167 0.027344 0.022222
1 0.844141 0.107639 0.011719 0.059722
1 0.747656 0.143056 0.007812 0.069444
1 0.517969 0.249306 0.006250 0.023611
1 0.530859 0.247222 0.007031 0.033333
2 0.157031 0.056944 0.051562 0.111111
2 0.038281 0.100000 0.017188 0.044444
2 0.036328 0.136806 0.022656 0.026389
2 0.419141 0.218750 0.013281 0.037500
1 0.012891 0.165278 0.025781 0.047222
1 0.747266 0.204167 0.016406 0.033333
1 0.839063 0.209722 0.014063 0.033333
7 0.384375 0.298611 0.017188 0.030556
7 0.371094 0.296528 0.012500 0.029167
2 0.357031 0.182639 0.046875 0.081944
2 0.358203 0.250000 0.033594 0.066667
2 0.206250 0.025694 0.034375 0.048611
7 0.353906 0.288889 0.045312 0.033333
7 0.321484 0.290278 0.013281 0.036111
7 0.248047 0.293056 0.027344 0.041667
7 0.217188 0.286806 0.034375 0.062500
7 0.119531 0.278472 0.042188 0.051389
7 0.535156 0.303472 0.017188 0.020833
7 0.450391 0.333333 0.133594 0.205556
7 0.714063 0.345139 0.193750 0.215278
7 0.273828 0.284722 0.032031 0.052778
7 0.301953 0.284028 0.035156 0.056944
7 0.587891 0.324306 0.072656 0.093056
7 0.069922 0.355556 0.138281 0.233333
0 0.850391 0.300000 0.119531 0.125000
3 0.926953 0.322917 0.011719 0.048611
3 0.911328 0.318750 0.014844 0.048611
3 0.961328 0.324306 0.011719 0.051389
