7 0.465625 0.253472 0.010937 0.023611
7 0.489063 0.256944 0.039062 0.069444
7 0.394531 0.256944 0.010937 0.025000
7 0.431641 0.290278 0.082031 0.116667
7 0.512500 0.274306 0.062500 0.079167
7 0.562109 0.247917 0.028906 0.026389
7 0.583203 0.247917 0.014844 0.026389
7 0.604297 0.245139 0.019531 0.031944
7 0.617578 0.248611 0.019531 0.033333
7 0.664453 0.247917 0.042969 0.045833
7 0.694141 0.250000 0.021094 0.041667
7 0.726562 0.252083 0.046875 0.048611
7 0.782813 0.256944 0.071875 0.058333
7 0.834766 0.265278 0.041406 0.055556
7 0.885547 0.258333 0.066406 0.063889
7 0.958203 0.275000 0.082031 0.072222
7 0.314453 0.259028 0.032031 0.043056
7 0.285938 0.261806 0.026562 0.037500
7 0.198047 0.260417 0.011719 0.023611
7 0.173828 0.262500 0.011719 0.022222
7 0.164844 0.264583 0.018750 0.023611
7 0.017969 0.276389 0.034375 0.038889
7 0.081641 0.282639 0.108594 0.101389
7 0.225781 0.272917 0.068750 0.068056
7 0.360156 0.254167 0.064062 0.105556
2 0.507422 0.177778 0.011719 0.019444
2 0.485156 0.211806 0.014063 0.020833
2 0.438281 0.218750 0.009375 0.009722
2 0.452734 0.230556 0.010156 0.013889
