2 0.906641 0.395139 0.022656 0.020833
2 0.910937 0.374306 0.023438 0.020833
2 0.889844 0.356250 0.025000 0.056944
2 0.587500 0.326389 0.015625 0.025000
2 0.519922 0.405556 0.021094 0.030556
2 0.213672 0.395139 0.008594 0.018056
2 0.208594 0.409722 0.021875 0.022222
2 0.147656 0.278472 0.018750 0.037500
2 0.087109 0.276389 0.016406 0.036111
2 0.666406 0.415278 0.014063 0.019444
1 0.459375 0.301389 0.021875 0.044444
1 0.567578 0.318750 0.011719 0.048611
1 0.556641 0.316667 0.008594 0.044444
1 0.498828 0.307639 0.013281 0.048611
1 0.341406 0.288889 0.023438 0.058333
1 0.246875 0.281250 0.015625 0.065278
1 0.182812 0.275694 0.020313 0.062500
1 0.117578 0.272917 0.021094 0.070833
1 0.485547 0.413889 0.005469 0.016667
1 0.459766 0.413194 0.005469 0.015278
1 0.429688 0.413194 0.010937 0.023611
7 0.868750 0.485417 0.115625 0.062500
7 0.537109 0.463194 0.016406 0.043056
7 0.556641 0.468750 0.035156 0.054167
7 0.582422 0.485417 0.050781 0.062500
7 0.658984 0.516667 0.111719 0.125000
7 0.917578 0.619444 0.161719 0.380556
7 0.499609 0.447222 0.027344 0.013889
7 0.496875 0.455556 0.032813 0.013889
7 0.435937 0.458333 0.014063 0.019444
7 0.411328 0.454861 0.019531 0.018056
7 0.420703 0.465278 0.021094 0.025000
7 0.392578 0.463889 0.024219 0.033333
7 0.484375 0.562500 0.143750 0.216667
7 0.356641 0.470833 0.032031 0.041667
