7 0.409375 0.594444 0.298438 0.561111
7 0.957031 0.518056 0.079687 0.247222
7 0.762891 0.545833 0.105469 0.105556
7 0.560156 0.516667 0.029687 0.069444
7 0.605469 0.520139 0.056250 0.062500
7 0.656250 0.521528 0.045312 0.065278
3 0.108594 0.445139 0.026562 0.112500
3 0.084375 0.434028 0.031250 0.109722
3 0.057422 0.439583 0.028906 0.101389
3 0.032031 0.431944 0.018750 0.075000
3 0.014453 0.415972 0.027344 0.109722
3 0.582812 0.507639 0.010937 0.043056
3 0.707031 0.528472 0.006250 0.037500
3 0.820703 0.545833 0.008594 0.038889
3 0.830859 0.547917 0.007031 0.034722
3 0.848828 0.549306 0.010156 0.048611
3 0.860156 0.551389 0.012500 0.052778
3 0.871484 0.554167 0.011719 0.055556
3 0.881250 0.561111 0.009375 0.063889
3 0.888281 0.558333 0.012500 0.055556
3 0.903906 0.558333 0.009375 0.055556
3 0.915625 0.563889 0.009375 0.050000
5 0.917578 0.489583 0.014844 0.031944
5 0.916797 0.509722 0.074219 0.063889
2 0.970703 0.336806 0.024219 0.031944
2 0.970703 0.368750 0.024219 0.031944
3 0.220703 0.450000 0.013281 0.077778
3 0.243750 0.477083 0.014063 0.087500
3 0.264453 0.476389 0.022656 0.083333
2 0.785937 0.415972 0.006250 0.026389
2 0.778906 0.418056 0.006250 0.030556
2 0.794531 0.418056 0.007812 0.030556
