2 0.430469 0.236111 0.010937 0.027778
2 0.630859 0.225000 0.021094 0.044444
1 0.567969 0.215278 0.004687 0.016667
7 0.505469 0.300000 0.009375 0.011111
7 0.496094 0.296528 0.009375 0.012500
7 0.483984 0.300694 0.014844 0.026389
7 0.477734 0.304861 0.016406 0.029167
7 0.459766 0.302778 0.024219 0.050000
7 0.450391 0.311806 0.028906 0.043056
7 0.432812 0.315972 0.042188 0.059722
7 0.392188 0.326389 0.064062 0.080556
4 0.523438 0.312500 0.012500 0.019444
8 0.523828 0.294444 0.013281 0.025000
5 0.548047 0.278472 0.025781 0.045833
7 0.555469 0.300694 0.020313 0.029167
7 0.573047 0.304861 0.017969 0.037500
7 0.591797 0.303472 0.033594 0.059722
7 0.605469 0.314583 0.042188 0.070833
7 0.647656 0.317361 0.070312 0.106944
7 0.707031 0.343056 0.121875 0.150000
4 0.807813 0.305556 0.023438 0.044444
5 0.910937 0.354861 0.178125 0.437500
7 0.118359 0.407639 0.236719 0.265278
