3 0.070312 0.500000 0.026562 0.083333
3 0.057031 0.522222 0.040625 0.113889
3 0.143750 0.518056 0.032813 0.127778
3 0.132031 0.518056 0.035937 0.136111
3 0.176953 0.511806 0.022656 0.084722
3 0.170313 0.511806 0.020313 0.076389
3 0.225000 0.506944 0.018750 0.080556
3 0.241016 0.492361 0.014844 0.045833
3 0.209375 0.539583 0.035937 0.148611
8 0.256641 0.522222 0.036719 0.111111
4 0.260156 0.550000 0.073438 0.077778
3 0.279297 0.509722 0.017969 0.088889
3 0.328906 0.530556 0.031250 0.127778
3 0.298438 0.528472 0.048438 0.140278
3 0.370703 0.511111 0.033594 0.116667
3 0.426563 0.523611 0.029687 0.141667
3 0.451172 0.521528 0.033594 0.134722
3 0.457422 0.514583 0.032031 0.137500
5 0.402734 0.472917 0.032031 0.059722
3 0.563281 0.476389 0.010937 0.025000
3 0.583203 0.501389 0.025781 0.127778
3 0.664453 0.479167 0.011719 0.061111
3 0.669141 0.473611 0.011719 0.063889
3 0.678516 0.480556 0.017969 0.080556
1 0.291797 0.296528 0.013281 0.043056
2 0.308203 0.379167 0.014844 0.044444
1 0.372656 0.298611 0.014063 0.047222
1 0.428125 0.272222 0.015625 0.075000
1 0.425781 0.375694 0.010937 0.045833
1 0.189844 0.370139 0.012500 0.031944
1 0.194531 0.429861 0.017188 0.018056
1 0.141797 0.429861 0.024219 0.023611
1 0.025000 0.410417 0.015625 0.026389
1 0.009375 0.417361 0.018750 0.031944
