1 0.652734 0.318056 0.019531 0.033333
2 0.658594 0.234722 0.040625 0.019444
2 0.617969 0.239583 0.014063 0.020833
2 0.626563 0.157639 0.035937 0.054167
2 0.629297 0.077778 0.035156 0.038889
2 0.633203 0.011806 0.038281 0.020833
1 0.461328 0.047222 0.021094 0.066667
1 0.487500 0.047222 0.014063 0.083333
1 0.016406 0.151389 0.014063 0.061111
1 0.029687 0.315972 0.014063 0.029167
2 0.011328 0.265972 0.013281 0.023611
1 0.008984 0.315972 0.017969 0.043056
7 0.261719 0.412500 0.015625 0.038889
7 0.291797 0.420833 0.052344 0.072222
2 0.252344 0.356250 0.009375 0.009722
2 0.344531 0.331944 0.004687 0.022222
3 0.678125 0.425000 0.023438 0.119444
3 0.772656 0.422222 0.023438 0.113889
3 0.790625 0.416667 0.021875 0.102778
3 0.841016 0.447222 0.028906 0.066667
3 0.939063 0.427083 0.021875 0.118056
3 0.981641 0.438194 0.032031 0.145833
3 0.092188 0.413194 0.025000 0.026389
7 0.323828 0.409028 0.010156 0.015278
7 0.339453 0.409028 0.010156 0.015278
7 0.360938 0.409722 0.015625 0.025000
7 0.389062 0.387500 0.007812 0.019444
3 0.460547 0.413889 0.011719 0.055556
3 0.476953 0.413194 0.010156 0.059722
3 0.488281 0.409028 0.009375 0.054167
