2 0.329297 0.438194 0.016406 0.031944
2 0.308984 0.471528 0.016406 0.015278
2 0.492578 0.459028 0.014844 0.015278
7 0.439063 0.490972 0.010937 0.015278
7 0.444922 0.486806 0.011719 0.012500
7 0.453906 0.490972 0.010937 0.015278
7 0.460156 0.491667 0.012500 0.016667
7 0.468750 0.495833 0.010937 0.025000
7 0.475000 0.495833 0.017188 0.025000
3 0.482422 0.490278 0.005469 0.038889
3 0.488672 0.489583 0.007031 0.031944
7 0.078516 0.521528 0.027344 0.031944
7 0.048438 0.522222 0.032813 0.038889
7 0.276953 0.510417 0.025781 0.029167
3 0.095703 0.523611 0.027344 0.108333
3 0.266016 0.509722 0.010156 0.038889
8 0.309766 0.500694 0.010156 0.023611
6 0.309766 0.509722 0.010156 0.019444
3 0.333594 0.494444 0.007812 0.027778
3 0.322656 0.496528 0.007812 0.031944
3 0.496484 0.491667 0.005469 0.036111
3 0.520703 0.489583 0.005469 0.026389
3 0.528906 0.491667 0.007812 0.036111
2 0.114453 0.405556 0.044531 0.083333
2 0.044922 0.464583 0.010156 0.029167
2 0.053125 0.450000 0.012500 0.019444
7 0.374609 0.495833 0.019531 0.025000
3 0.371875 0.495139 0.007812 0.029167
3 0.339844 0.497917 0.006250 0.029167
3 0.348828 0.497917 0.005469 0.029167
7 0.420312 0.488889 0.009375 0.019444
7 0.403125 0.484722 0.010937 0.011111
7 0.391797 0.488194 0.011719 0.015278
7 0.017969 0.540972 0.035937 0.090278
2 0.640234 0.334722 0.007031 0.055556
2 0.627344 0.415972 0.021875 0.009722
2 0.549609 0.440972 0.008594 0.020833
7 0.814453 0.500694 0.030469 0.043056
7 0.428125 0.490972 0.007812 0.023611
