7 0.507812 0.341667 0.018750 0.027778
7 0.466406 0.343056 0.020313 0.047222
7 0.363672 0.353472 0.050781 0.084722
7 0.485547 0.348611 0.030469 0.047222
7 0.409766 0.368750 0.077344 0.098611
7 0.563281 0.347222 0.018750 0.030556
7 0.595313 0.359028 0.026562 0.048611
7 0.621094 0.367361 0.057813 0.084722
7 0.534375 0.363889 0.057813 0.094444
1 0.664453 0.381944 0.078906 0.105556
7 0.037891 0.361806 0.075781 0.081944
2 0.291797 0.195139 0.022656 0.020833
1 0.275000 0.254861 0.012500 0.023611
1 0.287891 0.256944 0.013281 0.036111
1 0.523047 0.284722 0.005469 0.019444
1 0.555859 0.284722 0.008594 0.019444
1 0.665234 0.012500 0.011719 0.022222
4 0.719141 0.384722 0.024219 0.069444
1 0.804688 0.236111 0.028125 0.038889
1 0.790625 0.234722 0.015625 0.041667
