7 0.260547 0.472917 0.294531 0.401389
7 0.892578 0.534028 0.211719 0.254167
7 0.910547 0.392361 0.175781 0.148611
7 0.574609 0.386806 0.102344 0.065278
7 0.450000 0.386806 0.081250 0.137500
7 0.488672 0.386806 0.033594 0.087500
7 0.505859 0.377778 0.021094 0.052778
7 0.702734 0.406250 0.121094 0.162500
7 0.639453 0.384028 0.038281 0.056944
7 0.752344 0.390972 0.039062 0.076389
7 0.550000 0.356250 0.050000 0.034722
7 0.532813 0.332639 0.037500 0.029167
5 0.182812 0.264583 0.365625 0.529167
2 0.865625 0.277778 0.029687 0.016667
2 0.879687 0.254167 0.025000 0.013889
2 0.933594 0.220139 0.021875 0.023611
2 0.936719 0.255556 0.034375 0.030556
1 0.692187 0.200000 0.010937 0.033333
1 0.879687 0.320139 0.025000 0.029167
1 0.808203 0.222222 0.010156 0.038889
3 0.822656 0.390278 0.025000 0.077778
3 0.789844 0.366667 0.014063 0.044444
7 0.629297 0.593056 0.291406 0.361111
1 0.971875 0.220139 0.012500 0.023611
7 0.585156 0.337500 0.031250 0.033333
