2 0.953125 0.240972 0.071875 0.034722
2 0.735547 0.406250 0.036719 0.023611
2 0.889453 0.503472 0.042969 0.112500
2 0.367578 0.477083 0.017969 0.037500
2 0.251172 0.494444 0.016406 0.030556
2 0.154688 0.517361 0.015625 0.031944
2 0.080469 0.551389 0.012500 0.019444
2 0.963672 0.420139 0.035156 0.084722
2 0.954688 0.308333 0.037500 0.097222
2 0.736328 0.448611 0.014844 0.050000
7 0.025391 0.597222 0.049219 0.063889
7 0.078516 0.585417 0.063281 0.062500
7 0.103125 0.591667 0.054688 0.050000
7 0.231641 0.544444 0.024219 0.022222
7 0.163281 0.571528 0.060937 0.054167
7 0.280859 0.601389 0.132031 0.080556
7 0.606641 0.585417 0.185156 0.109722
2 0.989844 0.329861 0.014063 0.070833
2 0.992578 0.175694 0.011719 0.081944
