2 0.030469 0.036111 0.026562 0.033333
2 0.031641 0.080556 0.024219 0.030556
2 0.134766 0.225694 0.013281 0.023611
2 0.267969 0.181250 0.017188 0.012500
2 0.861328 0.170139 0.035156 0.020833
2 0.731641 0.143056 0.021094 0.016667
1 0.015625 0.157639 0.028125 0.054167
1 0.268750 0.225000 0.009375 0.025000
1 0.770703 0.195833 0.017969 0.022222
1 0.644141 0.037500 0.013281 0.058333
1 0.251953 0.222917 0.010156 0.020833
3 0.169141 0.272917 0.010156 0.029167
3 0.233203 0.287500 0.010156 0.050000
3 0.251953 0.286111 0.011719 0.055556
3 0.562500 0.295833 0.010937 0.063889
3 0.551953 0.293056 0.017969 0.080556
7 0.091406 0.259028 0.021875 0.031944
7 0.112891 0.270833 0.033594 0.050000
7 0.125781 0.282639 0.029687 0.051389
7 0.655469 0.257639 0.046875 0.029167
7 0.571875 0.299306 0.023438 0.059722
7 0.611719 0.336806 0.101562 0.143056
7 0.012500 0.261111 0.023438 0.033333
7 0.981641 0.324306 0.035156 0.079167
7 0.143750 0.293056 0.051562 0.069444
7 0.431250 0.300000 0.110937 0.075000
7 0.806641 0.452083 0.383594 0.568056
3 0.300000 0.291667 0.017188 0.050000
1 0.034766 0.156250 0.019531 0.051389
7 0.063672 0.256944 0.011719 0.013889
