1 0.468359 0.467361 0.008594 0.018056
1 0.537500 0.470139 0.007812 0.020833
2 0.663672 0.496528 0.016406 0.023611
2 0.661328 0.513889 0.013281 0.013889
7 0.442188 0.531250 0.014063 0.020833
7 0.428906 0.536111 0.028125 0.052778
7 0.392188 0.527083 0.064062 0.093056
7 0.389844 0.547222 0.028125 0.075000
7 0.361719 0.543056 0.045312 0.105556
7 0.332031 0.552778 0.071875 0.122222
7 0.252344 0.552083 0.128125 0.201389
7 0.457422 0.541667 0.030469 0.047222
7 0.533203 0.538889 0.016406 0.036111
2 0.513672 0.493750 0.021094 0.012500
7 0.670312 0.571528 0.065625 0.079167
3 0.741797 0.545139 0.011719 0.023611
7 0.707422 0.589583 0.069531 0.093056
7 0.122656 0.563194 0.243750 0.356944
7 0.784375 0.600694 0.139063 0.143056
7 0.498047 0.556944 0.064844 0.100000
7 0.574609 0.583333 0.096094 0.150000
