1 0.208203 0.261111 0.011719 0.055556
1 0.533203 0.188889 0.011719 0.063889
1 0.171484 0.439583 0.017969 0.023611
1 0.848437 0.359722 0.031250 0.047222
1 0.878906 0.347222 0.020313 0.047222
1 0.220312 0.266667 0.010937 0.044444
1 0.199609 0.264583 0.007031 0.048611
1 0.593359 0.429167 0.017969 0.027778
1 0.544922 0.190278 0.011719 0.052778
1 0.518750 0.193056 0.017188 0.055556
2 0.171094 0.390278 0.031250 0.019444
2 0.863281 0.295139 0.025000 0.031944
2 0.895312 0.254167 0.026562 0.027778
2 0.873437 0.197222 0.035937 0.038889
2 0.874609 0.082639 0.042969 0.106944
3 0.184375 0.514583 0.020313 0.104167
3 0.117969 0.509722 0.018750 0.091667
3 0.130859 0.522222 0.013281 0.072222
3 0.099219 0.515278 0.015625 0.086111
3 0.052734 0.519444 0.022656 0.086111
3 0.026172 0.515972 0.022656 0.087500
3 0.683594 0.520833 0.025000 0.113889
7 0.452734 0.509028 0.038281 0.054167
7 0.767969 0.495139 0.134375 0.093056
7 0.684766 0.508333 0.116406 0.083333
7 0.865234 0.490972 0.086719 0.095833
3 0.932422 0.510417 0.042969 0.181944
7 0.385937 0.543056 0.118750 0.197222
7 0.044141 0.707639 0.088281 0.290278
