1 0.691016 0.281250 0.014844 0.056944
1 0.774609 0.379861 0.019531 0.062500
1 0.894141 0.346528 0.008594 0.051389
1 0.640234 0.253472 0.017969 0.059722
1 0.556641 0.248611 0.016406 0.061111
1 0.326562 0.374306 0.014063 0.043056
1 0.389062 0.154167 0.018750 0.075000
1 0.144922 0.325694 0.017969 0.073611
1 0.343359 0.377778 0.013281 0.038889
2 0.155859 0.400000 0.017969 0.036111
2 0.156250 0.431944 0.009375 0.030556
2 0.156641 0.453472 0.008594 0.009722
2 0.156641 0.468056 0.008594 0.022222
2 0.028516 0.361111 0.014844 0.011111
2 0.335547 0.425694 0.019531 0.026389
2 0.335547 0.450000 0.010156 0.013889
2 0.335938 0.460417 0.010937 0.015278
2 0.335547 0.472917 0.011719 0.015278
2 0.585156 0.252778 0.015625 0.025000
2 0.574219 0.433333 0.025000 0.036111
2 0.768359 0.441667 0.014844 0.033333
2 0.882812 0.422222 0.045312 0.030556
2 0.004687 0.368750 0.009375 0.023611
7 0.685156 0.497917 0.023438 0.031944
7 0.444531 0.597222 0.256250 0.341667
7 0.849609 0.611806 0.297656 0.323611
7 0.561719 0.479167 0.020313 0.013889
1 0.245703 0.241667 0.011719 0.047222
2 0.299609 0.156250 0.019531 0.043056
2 0.327344 0.150000 0.018750 0.036111
1 0.881641 0.345833 0.010156 0.058333
