1 0.363672 0.236111 0.016406 0.088889
1 0.527734 0.431250 0.011719 0.051389
1 0.669922 0.338194 0.011719 0.062500
1 0.963281 0.387500 0.015625 0.058333
1 0.947266 0.379167 0.011719 0.055556
1 0.684766 0.339583 0.011719 0.070833
1 0.250781 0.361806 0.014063 0.059722
1 0.260937 0.370139 0.010937 0.056944
1 0.452734 0.439583 0.011719 0.048611
2 0.452734 0.486111 0.014844 0.022222
2 0.586328 0.525694 0.039844 0.034722
2 0.650781 0.559028 0.010937 0.020833
2 0.677734 0.590972 0.007031 0.018056
7 0.732422 0.609028 0.010156 0.023611
5 0.764062 0.599306 0.018750 0.043056
5 0.745703 0.597222 0.021094 0.044444
7 0.720313 0.609028 0.017188 0.026389
7 0.772266 0.618056 0.021094 0.022222
5 0.483594 0.595833 0.026562 0.036111
7 0.205469 0.688194 0.410938 0.620833
7 0.356641 0.600000 0.019531 0.027778
1 0.376563 0.235417 0.015625 0.062500
