2 0.695312 0.203472 0.023438 0.048611
3 0.483203 0.451389 0.019531 0.052778
7 0.131250 0.651389 0.262500 0.397222
5 0.308203 0.518750 0.147656 0.195833
7 0.398828 0.504167 0.047656 0.083333
7 0.418359 0.467361 0.028906 0.037500
7 0.438281 0.461806 0.007812 0.034722
7 0.448047 0.456250 0.019531 0.034722
7 0.460938 0.450694 0.007812 0.018056
7 0.464844 0.442361 0.018750 0.029167
7 0.577734 0.492361 0.082031 0.115278
7 0.533984 0.452778 0.027344 0.041667
0 0.534766 0.426389 0.033594 0.058333
7 0.516406 0.444444 0.007812 0.030556
7 0.494922 0.440972 0.019531 0.034722
2 0.711719 0.259722 0.026562 0.063889
2 0.688672 0.259722 0.019531 0.036111
