7 0.404687 0.343056 0.014063 0.019444
7 0.359766 0.340972 0.016406 0.020833
7 0.343359 0.343750 0.011719 0.015278
7 0.334375 0.347917 0.009375 0.018056
7 0.323047 0.350694 0.019531 0.026389
7 0.307422 0.337500 0.019531 0.016667
7 0.298438 0.352083 0.025000 0.026389
7 0.269531 0.349306 0.017188 0.023611
7 0.253516 0.354861 0.028906 0.031944
5 0.198828 0.350000 0.063281 0.055556
7 0.082422 0.372917 0.057031 0.045833
7 0.016797 0.362500 0.033594 0.061111
7 0.455469 0.342361 0.012500 0.009722
7 0.442969 0.342361 0.014063 0.020833
7 0.555469 0.369444 0.095312 0.147222
7 0.687891 0.344444 0.066406 0.080556
7 0.923438 0.356250 0.151562 0.123611
2 0.325000 0.311111 0.012500 0.013889
2 0.296484 0.317361 0.014844 0.018056
2 0.680859 0.298611 0.013281 0.022222
2 0.553906 0.200694 0.053125 0.068056
2 0.560156 0.156250 0.023438 0.026389
