2 0.071875 0.343750 0.007812 0.015278
2 0.055859 0.337500 0.014844 0.011111
2 0.051172 0.319444 0.013281 0.008333
2 0.054297 0.287500 0.011719 0.013889
2 0.058594 0.306944 0.004687 0.016667
2 0.516016 0.278472 0.014844 0.031944
2 0.515234 0.304167 0.017969 0.011111
2 0.750000 0.268750 0.039062 0.059722
2 0.453125 0.336806 0.010937 0.026389
2 0.375391 0.372222 0.017969 0.016667
2 0.212891 0.352778 0.008594 0.013889
1 0.050000 0.359028 0.010937 0.018056
1 0.062500 0.360417 0.012500 0.015278
1 0.166797 0.327083 0.007031 0.023611
1 0.276953 0.334722 0.005469 0.025000
1 0.375391 0.333333 0.005469 0.022222
1 0.639844 0.291667 0.010937 0.050000
1 0.655469 0.354861 0.009375 0.034722
1 0.626172 0.292361 0.011719 0.048611
1 0.369922 0.331944 0.003906 0.025000
1 0.207813 0.377778 0.003125 0.013889
1 0.214062 0.380556 0.006250 0.013889
2 0.399609 0.334722 0.011719 0.022222
1 0.453516 0.387500 0.007031 0.019444
2 0.522656 0.327778 0.012500 0.022222
3 0.896094 0.484028 0.046875 0.173611
3 0.771094 0.465278 0.028125 0.125000
3 0.743750 0.463194 0.015625 0.095833
3 0.689063 0.462500 0.023438 0.111111
7 0.969922 0.504861 0.057031 0.112500
7 0.467578 0.463194 0.089844 0.126389
7 0.342578 0.468056 0.102344 0.155556
7 0.195703 0.466667 0.114844 0.125000
7 0.099609 0.402083 0.033594 0.031944
7 0.146094 0.429167 0.050000 0.088889
7 0.248828 0.426389 0.046094 0.066667
7 0.280859 0.408333 0.021094 0.027778
7 0.406250 0.428472 0.032813 0.048611
7 0.428906 0.422917 0.018750 0.029167
5 0.026953 0.400000 0.035156 0.036111
1 0.644531 0.352778 0.012500 0.030556
