2 0.041016 0.391667 0.039844 0.022222
2 0.786719 0.438889 0.034375 0.013889
2 0.773828 0.414583 0.007031 0.020833
2 0.767578 0.464583 0.042969 0.023611
2 0.860547 0.468750 0.032031 0.090278
2 0.644141 0.454167 0.013281 0.038889
2 0.642578 0.515972 0.014844 0.045833
2 0.258203 0.474306 0.014844 0.009722
2 0.267578 0.492361 0.021094 0.009722
1 0.015234 0.459028 0.027344 0.040278
1 0.043359 0.466667 0.013281 0.027778
1 0.245312 0.532639 0.007812 0.020833
1 0.257422 0.534028 0.008594 0.023611
1 0.656250 0.558333 0.014063 0.022222
1 0.793359 0.516667 0.022656 0.036111
1 0.773828 0.514583 0.007031 0.034722
1 0.283203 0.356944 0.010156 0.055556
1 0.568750 0.431250 0.009375 0.034722
1 0.557422 0.432639 0.007031 0.034722
7 0.050000 0.602083 0.098437 0.079167
7 0.180859 0.625694 0.155469 0.098611
7 0.439063 0.728472 0.276562 0.379167
7 0.908984 0.759028 0.180469 0.348611
8 0.684375 0.638889 0.029687 0.086111
4 0.679688 0.661111 0.043750 0.044444
3 0.714063 0.642361 0.017188 0.073611
3 0.700781 0.647222 0.012500 0.055556
3 0.648047 0.639583 0.011719 0.068056
3 0.662109 0.613194 0.011719 0.040278
3 0.585938 0.618750 0.009375 0.040278
7 0.526953 0.622222 0.077344 0.044444
7 0.435156 0.600694 0.023438 0.037500
1 0.756641 0.347222 0.019531 0.066667
