7 0.029297 0.697917 0.057031 0.065278
7 0.814844 0.598611 0.368750 0.502778
7 0.317578 0.694444 0.144531 0.213889
7 0.561328 0.636111 0.138281 0.175000
7 0.088281 0.674306 0.064062 0.040278
7 0.141406 0.670139 0.032813 0.029167
7 0.188281 0.650000 0.060937 0.050000
7 0.223047 0.650000 0.016406 0.016667
7 0.381641 0.641667 0.030469 0.052778
7 0.485156 0.627083 0.057813 0.093056
7 0.446484 0.620833 0.039844 0.069444
7 0.424609 0.615972 0.022656 0.045833
7 0.625781 0.590278 0.054688 0.077778
7 0.660937 0.567361 0.042188 0.040278
7 0.247266 0.637500 0.025781 0.036111
2 0.069531 0.565278 0.028125 0.041667
2 0.332031 0.496528 0.021875 0.051389
2 0.660937 0.507639 0.031250 0.034722
2 0.596484 0.533333 0.017969 0.022222
1 0.692187 0.429861 0.006250 0.029167
1 0.678516 0.445833 0.007031 0.030556
2 0.903125 0.393750 0.014063 0.023611
7 0.400000 0.622917 0.015625 0.026389
2 0.051172 0.656944 0.027344 0.016667
