7 0.183203 0.781944 0.363281 0.425000
1 0.103516 0.576389 0.028906 0.022222
7 0.940625 0.778472 0.117188 0.243056
3 0.933203 0.693750 0.025781 0.045833
3 0.882812 0.726389 0.040625 0.169444
1 0.351953 0.548611 0.011719 0.055556
2 0.350781 0.589583 0.015625 0.023611
2 0.194141 0.436806 0.047656 0.023611
1 0.231250 0.425694 0.014063 0.056944
1 0.116016 0.516667 0.013281 0.058333
2 0.117578 0.555556 0.028906 0.013889
2 0.122266 0.581250 0.013281 0.015278
3 0.056250 0.657639 0.018750 0.081944
3 0.076563 0.649306 0.017188 0.051389
1 0.326172 0.634028 0.003906 0.018056
1 0.314453 0.630556 0.005469 0.019444
7 0.362891 0.675694 0.049219 0.068056
7 0.384766 0.672917 0.017969 0.043056
7 0.394531 0.672917 0.012500 0.026389
7 0.428125 0.688194 0.048438 0.073611
7 0.479687 0.698611 0.106250 0.116667
7 0.549219 0.698611 0.050000 0.077778
7 0.598047 0.714583 0.121094 0.115278
7 0.580859 0.645833 0.067969 0.033333
5 0.433203 0.629861 0.060156 0.059722
2 0.521484 0.588889 0.017969 0.025000
2 0.629687 0.490278 0.057813 0.022222
1 0.691406 0.511806 0.010937 0.056944
2 0.686328 0.561806 0.027344 0.015278
2 0.697656 0.550000 0.018750 0.013889
1 0.704688 0.617361 0.020313 0.031944
3 0.678516 0.717361 0.014844 0.101389
3 0.696875 0.695139 0.012500 0.070833
3 0.733984 0.704861 0.019531 0.084722
3 0.750781 0.706944 0.015625 0.080556
1 0.476172 0.628472 0.007031 0.015278
1 0.485156 0.431250 0.012500 0.048611
1 0.562891 0.459722 0.016406 0.047222
2 0.421484 0.463889 0.049219 0.027778
2 0.487891 0.618056 0.013281 0.011111
5 0.642969 0.677083 0.068750 0.120833
