7 0.026953 0.443750 0.053906 0.145833
7 0.024609 0.597917 0.049219 0.295833
7 0.023828 0.399306 0.046094 0.056944
7 0.197266 0.434722 0.132031 0.172222
7 0.257812 0.407639 0.015625 0.056944
7 0.360547 0.415278 0.028906 0.036111
7 0.398438 0.415972 0.021875 0.037500
7 0.448828 0.425000 0.014844 0.022222
7 0.426953 0.421528 0.019531 0.023611
7 0.462500 0.425000 0.020313 0.030556
7 0.594141 0.472917 0.161719 0.193056
5 0.896094 0.438889 0.198437 0.161111
1 0.073047 0.318056 0.016406 0.025000
1 0.187109 0.200000 0.010156 0.047222
2 0.085547 0.248611 0.022656 0.008333
2 0.170703 0.281250 0.017969 0.006944
2 0.176563 0.315972 0.007812 0.015278
1 0.487500 0.254167 0.004687 0.022222
1 0.617188 0.290972 0.004687 0.018056
1 0.618750 0.372917 0.012500 0.018056
2 0.801953 0.287500 0.027344 0.016667
2 0.854688 0.306250 0.021875 0.084722
2 0.809766 0.240972 0.013281 0.012500
2 0.811328 0.187500 0.010156 0.022222
2 0.804688 0.147222 0.039062 0.050000
2 0.717578 0.385417 0.021094 0.040278
1 0.195312 0.196528 0.007812 0.045833
