3 0.257812 0.257639 0.009375 0.048611
1 0.557422 0.282639 0.010156 0.043056
1 0.269141 0.259722 0.011719 0.047222
1 0.248828 0.259722 0.010156 0.044444
1 0.546484 0.284028 0.007031 0.034722
1 0.566797 0.286111 0.007031 0.036111
1 0.008594 0.405556 0.015625 0.038889
1 0.669531 0.415278 0.017188 0.019444
2 0.667578 0.365278 0.021094 0.016667
2 0.007812 0.300000 0.015625 0.022222
2 0.008203 0.270139 0.016406 0.023611
7 0.034375 0.559722 0.067187 0.169444
7 0.162500 0.499306 0.139063 0.073611
7 0.255859 0.490278 0.028906 0.038889
7 0.353906 0.482639 0.009375 0.015278
7 0.366016 0.482639 0.016406 0.029167
7 0.378906 0.483333 0.021875 0.030556
7 0.391406 0.497917 0.035937 0.045833
7 0.424219 0.485417 0.021875 0.023611
7 0.728125 0.497222 0.142187 0.100000
7 0.973437 0.493056 0.050000 0.122222
7 0.866797 0.585417 0.257031 0.245833
7 0.553906 0.595139 0.273438 0.415278
7 0.320703 0.509722 0.133594 0.086111
7 0.441406 0.484028 0.012500 0.023611
