2 0.089844 0.134722 0.028125 0.038889
2 0.293750 0.295833 0.012500 0.055556
2 0.643359 0.327778 0.014844 0.036111
5 0.356250 0.431250 0.020313 0.151389
3 0.061328 0.495139 0.028906 0.179167
3 0.039062 0.518056 0.035937 0.216667
7 0.238281 0.516667 0.181250 0.238889
7 0.532031 0.455556 0.018750 0.058333
7 0.541406 0.466667 0.028125 0.063889
7 0.564844 0.476389 0.039062 0.100000
7 0.632031 0.487500 0.132812 0.177778
5 0.441797 0.390278 0.155469 0.380556
4 0.846094 0.556944 0.062500 0.158333
4 0.807813 0.529167 0.053125 0.127778
8 0.850391 0.477083 0.046094 0.179167
8 0.805859 0.477778 0.044531 0.152778
3 0.321875 0.452083 0.015625 0.090278
