7 0.268750 0.531944 0.026562 0.027778
7 0.373437 0.534028 0.028125 0.029167
7 0.478125 0.544444 0.015625 0.016667
7 0.618359 0.565278 0.013281 0.030556
7 0.628516 0.562500 0.017969 0.027778
7 0.643750 0.556944 0.012500 0.016667
7 0.657031 0.556944 0.012500 0.016667
7 0.699219 0.554167 0.012500 0.022222
7 0.709766 0.557639 0.011719 0.018056
7 0.513281 0.566667 0.048438 0.075000
7 0.650391 0.564583 0.016406 0.023611
7 0.671875 0.557639 0.015625 0.018056
7 0.578516 0.613889 0.102344 0.136111
7 0.158594 0.637500 0.317188 0.319444
