2 0.282031 0.504167 0.014063 0.030556
2 0.512891 0.577778 0.013281 0.025000
2 0.499609 0.478472 0.016406 0.031944
2 0.525781 0.480556 0.018750 0.030556
2 0.771094 0.513194 0.015625 0.029167
2 0.723828 0.581944 0.010156 0.013889
7 0.030859 0.436111 0.022656 0.058333
7 0.549609 0.575694 0.008594 0.012500
7 0.541797 0.586111 0.008594 0.030556
7 0.532813 0.588194 0.017188 0.034722
7 0.521875 0.590278 0.012500 0.030556
7 0.501563 0.592361 0.021875 0.037500
7 0.473047 0.596528 0.022656 0.043056
7 0.454297 0.599306 0.017969 0.054167
7 0.439063 0.600000 0.023438 0.052778
7 0.389062 0.612500 0.090625 0.119444
7 0.614844 0.590972 0.010937 0.018056
7 0.623828 0.594444 0.011719 0.022222
7 0.635938 0.594444 0.021875 0.036111
7 0.645312 0.600694 0.021875 0.045833
7 0.674219 0.600000 0.037500 0.055556
7 0.836328 0.664583 0.210156 0.204167
7 0.960156 0.754167 0.075000 0.288889
7 0.092969 0.738194 0.006250 0.001389
7 0.042969 0.630556 0.085938 0.202778
2 0.327734 0.623611 0.052344 0.088889
8 0.136328 0.595833 0.038281 0.152778
8 0.186328 0.576389 0.017969 0.033333
6 0.126953 0.668750 0.085156 0.156944
6 0.171875 0.611111 0.039062 0.055556
6 0.191016 0.600000 0.028906 0.058333
3 0.063281 0.547222 0.010937 0.027778
3 0.081641 0.559028 0.008594 0.051389
3 0.332422 0.567361 0.007031 0.023611
3 0.322656 0.564583 0.006250 0.020833
3 0.266406 0.561806 0.009375 0.040278
3 0.276172 0.595833 0.014844 0.083333
6 0.275391 0.606944 0.033594 0.033333
6 0.567187 0.598611 0.009375 0.022222
8 0.567969 0.581944 0.007812 0.019444
3 0.594922 0.582639 0.005469 0.043056
3 0.718359 0.602083 0.008594 0.026389
3 0.707812 0.597222 0.004687 0.022222
3 0.471484 0.570139 0.005469 0.012500
3 0.486328 0.589583 0.005469 0.020833
8 0.577344 0.576389 0.009375 0.016667
3 0.605859 0.576389 0.003906 0.013889
8 0.269141 0.568056 0.013281 0.058333
