2 0.361719 0.540972 0.009375 0.020833
2 0.458203 0.470139 0.010156 0.018056
7 0.311719 0.551389 0.017188 0.019444
7 0.338672 0.551389 0.013281 0.019444
7 0.352344 0.549306 0.012500 0.023611
7 0.373047 0.542361 0.013281 0.018056
7 0.342969 0.568056 0.009375 0.013889
7 0.350781 0.569444 0.010937 0.025000
7 0.357812 0.572917 0.012500 0.031944
7 0.370703 0.574306 0.013281 0.048611
7 0.380078 0.576389 0.016406 0.050000
7 0.390625 0.578472 0.021875 0.056944
7 0.260156 0.579861 0.018750 0.034722
7 0.257422 0.586111 0.013281 0.022222
7 0.238672 0.582639 0.028906 0.048611
7 0.223828 0.572917 0.010156 0.012500
7 0.202344 0.586806 0.043750 0.056944
7 0.153906 0.570833 0.071875 0.141667
7 0.239063 0.581944 0.031250 0.047222
7 0.283594 0.572222 0.007812 0.019444
7 0.294922 0.570833 0.019531 0.038889
7 0.335547 0.572222 0.014844 0.036111
7 0.111328 0.611111 0.086719 0.108333
7 0.554688 0.570833 0.071875 0.066667
7 0.315625 0.576389 0.035937 0.050000
7 0.412891 0.584722 0.046094 0.069444
7 0.035156 0.638889 0.070312 0.119444
5 0.276562 0.558333 0.010937 0.055556
5 0.256250 0.561806 0.029687 0.065278
7 0.287500 0.546528 0.015625 0.015278
7 0.687500 0.570833 0.121875 0.119444
7 0.030078 0.562500 0.060156 0.052778
