5 0.112500 0.344444 0.225000 0.608333
5 0.225391 0.355556 0.122656 0.300000
5 0.299219 0.392361 0.028125 0.154167
7 0.875781 0.645833 0.245312 0.566667
7 0.378906 0.427083 0.032813 0.043056
5 0.335938 0.390972 0.026562 0.056944
7 0.676172 0.596528 0.261719 0.281944
7 0.541797 0.522222 0.119531 0.152778
7 0.490234 0.497222 0.078906 0.113889
7 0.455859 0.481944 0.066406 0.100000
7 0.430859 0.457639 0.058594 0.076389
7 0.364063 0.419444 0.018750 0.041667
7 0.355078 0.418750 0.014844 0.026389
2 0.690234 0.268750 0.025781 0.073611
1 0.386719 0.342361 0.007812 0.018056
