0 0.067578 0.567361 0.135156 0.231944
5 0.254688 0.490972 0.121875 0.268056
7 0.388281 0.490972 0.037500 0.054167
7 0.486719 0.478472 0.039062 0.062500
7 0.160938 0.567361 0.060937 0.098611
5 0.324609 0.484028 0.036719 0.095833
5 0.344922 0.470833 0.024219 0.077778
7 0.464062 0.470833 0.017188 0.044444
7 0.453516 0.470139 0.011719 0.040278
7 0.450781 0.472222 0.015625 0.041667
7 0.441016 0.468056 0.013281 0.038889
7 0.422266 0.472222 0.024219 0.038889
7 0.360938 0.483333 0.007812 0.025000
5 0.362500 0.459028 0.017188 0.023611
2 0.472656 0.417361 0.009375 0.026389
1 0.352344 0.420139 0.004687 0.018056
1 0.402734 0.414583 0.002344 0.012500
7 0.406250 0.411806 0.004687 0.012500
3 0.509375 0.458333 0.010937 0.061111
3 0.590234 0.442361 0.014844 0.062500
0 0.385937 0.451389 0.031250 0.033333
2 0.753516 0.173611 0.052344 0.030556
2 0.770312 0.103472 0.037500 0.023611
3 0.846484 0.438889 0.030469 0.122222
