7 0.080078 0.672222 0.160156 0.272222
7 0.930469 0.638194 0.132812 0.254167
7 0.452344 0.625000 0.089063 0.122222
7 0.376563 0.606944 0.043750 0.075000
7 0.215625 0.624306 0.123438 0.170833
7 0.300391 0.611111 0.057031 0.072222
7 0.333984 0.596528 0.022656 0.054167
7 0.797656 0.625694 0.204687 0.209722
7 0.672266 0.624306 0.100781 0.115278
7 0.615625 0.615972 0.073438 0.098611
7 0.569922 0.597222 0.067969 0.086111
7 0.415625 0.593750 0.015625 0.037500
8 0.552344 0.588889 0.029687 0.058333
1 0.184375 0.481944 0.006250 0.036111
1 0.260937 0.452083 0.009375 0.034722
1 0.446875 0.479861 0.006250 0.029167
1 0.248047 0.450694 0.010156 0.031944
1 0.453516 0.477083 0.008594 0.020833
1 0.617578 0.529167 0.019531 0.027778
1 0.520703 0.546528 0.010156 0.020833
2 0.079687 0.488889 0.023438 0.011111
1 0.060156 0.536111 0.023438 0.027778
2 0.603125 0.443750 0.025000 0.031944
2 0.701562 0.470139 0.014063 0.020833
2 0.605859 0.495833 0.019531 0.019444
2 0.518750 0.515972 0.010937 0.009722
2 0.514062 0.522222 0.012500 0.013889
2 0.070703 0.461111 0.013281 0.022222
2 0.190234 0.522222 0.017969 0.027778
0 0.462500 0.552083 0.040625 0.037500
7 0.401562 0.575694 0.012500 0.018056
1 0.352734 0.523611 0.007031 0.016667
1 0.414062 0.520139 0.006250 0.023611
4 0.556641 0.629861 0.025781 0.076389
