1 0.037500 0.140972 0.023438 0.073611
1 0.042188 0.221528 0.017188 0.059722
1 0.065234 0.340972 0.008594 0.048611
1 0.086328 0.340972 0.011719 0.048611
1 0.108203 0.337500 0.022656 0.055556
1 0.752734 0.233333 0.028906 0.088889
1 0.782422 0.247222 0.033594 0.066667
1 0.017578 0.218750 0.011719 0.059722
1 0.076563 0.336806 0.009375 0.048611
1 0.535547 0.165278 0.014844 0.072222
1 0.146875 0.338889 0.028125 0.052778
1 0.010156 0.220139 0.007812 0.062500
1 0.073828 0.415972 0.007031 0.026389
2 0.067969 0.395139 0.018750 0.026389
2 0.061719 0.445139 0.032813 0.015278
2 0.069531 0.463889 0.017188 0.016667
2 0.766406 0.038889 0.051562 0.030556
2 0.836719 0.056944 0.057813 0.083333
0 0.912891 0.446528 0.169531 0.170833
5 0.191406 0.439583 0.106250 0.073611
3 0.646484 0.517361 0.011719 0.068056
3 0.635938 0.502778 0.010937 0.041667
3 0.696484 0.516667 0.017969 0.075000
3 0.705859 0.515972 0.028906 0.218056
3 0.882812 0.494444 0.034375 0.136111
3 0.961719 0.502778 0.045312 0.191667
3 0.671094 0.509722 0.018750 0.105556
3 0.682031 0.513889 0.012500 0.080556
3 0.853906 0.522917 0.057813 0.279167
7 0.051562 0.534722 0.103125 0.111111
7 0.050781 0.697917 0.101562 0.243056
7 0.145313 0.595833 0.190625 0.291667
7 0.423438 0.536806 0.459375 0.543056
2 0.591406 0.095833 0.037500 0.088889
