1 0.164453 0.039583 0.030469 0.076389
1 0.133203 0.038194 0.024219 0.076389
1 0.535156 0.184028 0.025000 0.143056
1 0.012891 0.285417 0.022656 0.115278
1 0.389062 0.385417 0.004687 0.020833
7 0.035937 0.498611 0.071875 0.102778
7 0.126562 0.469444 0.051562 0.066667
7 0.167578 0.490972 0.089844 0.109722
7 0.260547 0.488194 0.132031 0.148611
7 0.323047 0.441667 0.021094 0.038889
7 0.392578 0.430556 0.011719 0.019444
7 0.385547 0.438889 0.010156 0.027778
7 0.378906 0.434722 0.012500 0.047222
7 0.783203 0.387500 0.035156 0.022222
7 0.989453 0.366667 0.019531 0.022222
7 0.969531 0.355556 0.034375 0.025000
7 0.921094 0.368056 0.023438 0.025000
7 0.940625 0.358333 0.023438 0.019444
7 0.948438 0.368750 0.032813 0.023611
7 0.415234 0.444444 0.030469 0.044444
7 0.352344 0.434028 0.037500 0.081944
7 0.425781 0.458333 0.053125 0.083333
7 0.411328 0.415972 0.014844 0.012500
