7 0.159766 0.531944 0.025781 0.050000
7 0.143750 0.537500 0.025000 0.047222
7 0.121484 0.543056 0.050781 0.055556
7 0.233984 0.543056 0.133594 0.180556
7 0.436328 0.559722 0.064844 0.127778
7 0.316406 0.689583 0.325000 0.440278
7 0.694922 0.633333 0.333594 0.327778
1 0.032422 0.468056 0.017969 0.022222
1 0.096875 0.242361 0.015625 0.056944
1 0.117188 0.250000 0.015625 0.055556
1 0.315625 0.356250 0.010937 0.034722
1 0.328516 0.358333 0.010156 0.033333
1 0.546094 0.436806 0.026562 0.040278
2 0.396094 0.459722 0.012500 0.013889
2 0.523438 0.407639 0.035937 0.020833
2 0.567187 0.367361 0.020313 0.051389
3 0.030078 0.548611 0.014844 0.052778
