2 0.488672 0.364583 0.014844 0.031944
2 0.430859 0.321528 0.019531 0.015278
2 0.428516 0.343056 0.030469 0.025000
2 0.348828 0.352778 0.010156 0.027778
7 0.467969 0.311806 0.042188 0.037500
7 0.386719 0.315278 0.034375 0.019444
7 0.314063 0.316667 0.031250 0.022222
7 0.092188 0.311111 0.042188 0.027778
7 0.451172 0.412500 0.021094 0.027778
7 0.405078 0.414583 0.011719 0.018056
7 0.423828 0.419444 0.014844 0.019444
7 0.470703 0.425694 0.030469 0.031944
7 0.379297 0.416667 0.027344 0.038889
7 0.951562 0.695833 0.093750 0.313889
7 0.320703 0.415278 0.016406 0.027778
