7 0.063672 0.525694 0.088281 0.115278
3 0.016797 0.515278 0.033594 0.225000
3 0.040234 0.514583 0.047656 0.243056
7 0.503906 0.484722 0.014063 0.033333
7 0.489063 0.485417 0.017188 0.020833
7 0.474219 0.484028 0.015625 0.023611
7 0.456641 0.488889 0.019531 0.055556
7 0.441797 0.491667 0.030469 0.047222
7 0.525391 0.489583 0.013281 0.023611
7 0.539844 0.484722 0.015625 0.033333
7 0.549609 0.486111 0.013281 0.030556
7 0.562109 0.486111 0.022656 0.044444
7 0.515234 0.486806 0.010156 0.018056
7 0.413672 0.495139 0.052344 0.076389
2 0.708594 0.370139 0.026562 0.020833
2 0.707422 0.415972 0.017969 0.037500
7 0.678516 0.600694 0.277344 0.365278
7 0.397656 0.412500 0.007812 0.019444
