2 0.272266 0.217361 0.013281 0.026389
2 0.450781 0.377778 0.025000 0.030556
2 0.239453 0.234722 0.033594 0.025000
1 0.323437 0.396528 0.004687 0.018056
1 0.380078 0.413889 0.005469 0.016667
1 0.397266 0.420139 0.007031 0.020833
1 0.510938 0.391667 0.006250 0.019444
3 0.054297 0.446528 0.007031 0.048611
3 0.065234 0.456250 0.011719 0.034722
2 0.233984 0.396528 0.013281 0.026389
7 0.460547 0.438889 0.010156 0.016667
7 0.451172 0.438889 0.008594 0.016667
7 0.440234 0.438889 0.008594 0.016667
7 0.432422 0.440278 0.011719 0.019444
7 0.418750 0.437500 0.010937 0.016667
7 0.408203 0.438194 0.007031 0.018056
7 0.401172 0.437500 0.010156 0.016667
7 0.373437 0.443056 0.014063 0.019444
7 0.360547 0.440278 0.011719 0.019444
7 0.348438 0.439583 0.017188 0.020833
0 0.319531 0.433333 0.039062 0.055556
0 0.282031 0.440278 0.031250 0.036111
7 0.250000 0.450000 0.012500 0.022222
7 0.235547 0.448611 0.016406 0.027778
7 0.214844 0.447222 0.025000 0.036111
7 0.191016 0.449306 0.024219 0.031944
7 0.167969 0.451389 0.029687 0.036111
7 0.134766 0.454167 0.050781 0.038889
7 0.026172 0.462500 0.052344 0.047222
7 0.475781 0.447222 0.020313 0.027778
7 0.524219 0.438889 0.010937 0.027778
7 0.528125 0.445833 0.014063 0.030556
7 0.541406 0.432639 0.014063 0.020833
7 0.544922 0.456944 0.021094 0.047222
7 0.585547 0.457639 0.017969 0.031944
7 0.737109 0.507639 0.069531 0.101389
7 0.499219 0.465972 0.046875 0.079167
7 0.567578 0.464583 0.042969 0.076389
7 0.653906 0.513194 0.129688 0.176389
7 0.796484 0.463889 0.044531 0.050000
0 0.926562 0.438194 0.146875 0.159722
7 0.891797 0.685417 0.216406 0.565278
