7 0.321875 0.504861 0.014063 0.015278
7 0.338672 0.513194 0.011719 0.012500
7 0.303125 0.495833 0.018750 0.022222
7 0.297266 0.511806 0.016406 0.015278
7 0.269531 0.513194 0.029687 0.023611
7 0.193750 0.527083 0.032813 0.037500
7 0.379297 0.506250 0.008594 0.018056
7 0.392578 0.504861 0.021094 0.034722
7 0.359766 0.518056 0.033594 0.050000
8 0.420312 0.503472 0.014063 0.037500
6 0.420703 0.518750 0.011719 0.026389
5 0.748047 0.574306 0.500781 0.354167
7 0.476172 0.477083 0.013281 0.015278
7 0.493750 0.473611 0.021875 0.022222
