7 0.477734 0.550000 0.007031 0.016667
7 0.471875 0.555556 0.014063 0.011111
7 0.465234 0.561111 0.017969 0.019444
7 0.458203 0.572917 0.013281 0.031944
7 0.492969 0.550000 0.007812 0.016667
7 0.551172 0.581944 0.038281 0.050000
7 0.569531 0.595139 0.042188 0.059722
7 0.603125 0.608333 0.064062 0.086111
5 0.701562 0.631944 0.173437 0.202778
7 0.525781 0.577083 0.012500 0.031944
7 0.383984 0.580556 0.069531 0.100000
7 0.276172 0.603472 0.125781 0.195833
7 0.120703 0.684722 0.241406 0.280556
7 0.868750 0.756250 0.259375 0.398611
7 0.437891 0.573611 0.027344 0.044444
7 0.502344 0.576389 0.032813 0.047222
