2 0.637109 0.433333 0.016406 0.038889
2 0.637109 0.396528 0.016406 0.031944
2 0.639453 0.363194 0.017969 0.023611
1 0.446094 0.316667 0.010937 0.041667
1 0.526563 0.388194 0.010937 0.029167
1 0.414844 0.370833 0.010937 0.025000
2 0.460156 0.331944 0.010937 0.019444
2 0.384766 0.336806 0.013281 0.009722
2 0.403125 0.336806 0.020313 0.015278
7 0.046875 0.494444 0.093750 0.194444
7 0.212109 0.470139 0.252344 0.301389
7 0.476172 0.516667 0.100781 0.169444
7 0.361328 0.505556 0.071094 0.113889
7 0.406641 0.507639 0.046094 0.084722
7 0.934766 0.615278 0.124219 0.366667
