7 0.093359 0.525694 0.185156 0.373611
7 0.923438 0.772222 0.151562 0.419444
7 0.219922 0.485417 0.180469 0.240278
7 0.316016 0.466667 0.058594 0.144444
7 0.343750 0.470139 0.032813 0.104167
7 0.360156 0.465278 0.025000 0.088889
7 0.373437 0.467361 0.020313 0.084722
7 0.382422 0.463194 0.024219 0.079167
7 0.401953 0.465278 0.016406 0.052778
7 0.412891 0.465278 0.013281 0.052778
7 0.422656 0.464583 0.015625 0.043056
7 0.432812 0.452778 0.014063 0.030556
7 0.774609 0.547917 0.296094 0.343056
7 0.619922 0.513194 0.103906 0.176389
7 0.570312 0.490972 0.053125 0.118056
7 0.542969 0.475694 0.039062 0.093056
7 0.522266 0.476389 0.027344 0.069444
7 0.509375 0.472917 0.017188 0.045833
7 0.498828 0.470139 0.013281 0.037500
7 0.492578 0.465972 0.011719 0.034722
7 0.485156 0.464583 0.009375 0.026389
7 0.477344 0.453472 0.012500 0.012500
7 0.457031 0.463194 0.025000 0.043056
