7 0 308 9 344
7 0 294 22 315
7 84 297 103 327
7 101 295 112 323
7 112 299 126 319
7 123 299 139 319
7 6 294 92 358
5 139 250 233 359
7 1176 234 1279 411
3 1128 249 1279 569
3 139 296 171 419
3 197 313 239 428
3 271 299 307 417
3 306 308 351 418
3 392 305 429 410
3 383 324 409 403
3 338 301 371 409
3 258 301 274 389
3 231 294 262 401
3 727 309 771 400
3 633 290 656 369
2 433 28 466 97
2 518 58 539 120
2 538 133 582 150
2 509 150 530 164
2 511 160 564 185
2 249 227 295 265
2 1116 223 1150 275
2 349 0 404 30
1 479 234 519 267
1 492 169 516 220
