1 453 116 469 146
1 818 89 838 122
1 636 136 651 158
1 637 155 655 179
1 477 115 493 152
1 122 50 147 98
2 595 173 625 221
2 583 1 640 43
2 619 68 667 92
2 595 95 628 140
2 107 128 162 176
2 119 179 167 214
3 532 251 553 299
3 555 257 571 293
3 571 256 586 287
8 571 256 589 310
4 571 283 589 308
3 642 254 664 290
3 742 256 763 290
3 990 290 1103 413
1 844 191 874 220
7 775 245 862 283
7 668 254 778 302
7 200 236 321 345
7 0 194 248 473
7 197 181 592 569
7 317 251 361 272
8 778 191 958 569
4 772 354 967 638
2 868 47 887 110
2 682 62 707 106
1 318 205 334 236
