1 273 73 299 114
1 613 46 632 95
1 606 51 620 91
2 13 31 92 65
2 25 55 81 100
1 0 116 27 163
1 243 167 265 191
1 564 246 573 260
1 569 245 580 261
1 785 199 803 233
1 820 260 832 269
1 1036 183 1095 232
2 1005 83 1026 114
2 1026 31 1066 63
2 1038 73 1112 95
2 985 111 1066 143
2 1010 143 1048 167
1 519 249 534 264
2 494 257 511 272
2 291 124 313 139
3 397 279 410 319
3 407 288 418 324
3 421 276 445 363
3 418 243 485 446
3 280 254 304 296
3 242 257 277 335
3 256 266 276 295
3 39 244 87 321
3 172 247 216 360
3 309 267 337 331
3 360 273 384 305
3 777 295 808 355
3 1040 295 1081 425
3 1023 319 1054 432
2 1225 247 1239 265
7 466 285 513 338
1 422 263 839 578
1 804 243 825 263
