2 690 170 721 200
2 690 203 716 218
2 1105 154 1118 169
2 1105 172 1117 186
2 1100 187 1123 201
1 736 181 742 201
1 797 187 804 203
2 750 193 770 212
2 782 193 796 204
1 864 184 871 197
1 853 186 865 198
3 951 224 963 252
3 939 224 948 252
3 931 221 939 251
3 914 220 928 249
7 661 229 675 240
7 642 227 661 244
7 629 227 644 249
7 601 224 635 255
7 552 223 598 264
7 754 230 771 247
7 785 230 796 247
7 797 230 810 252
7 805 233 819 253
7 816 224 855 253
2 1264 144 1280 180
7 515 212 530 227
5 445 223 484 239
7 482 223 501 238
