5 444 241 486 280
5 429 247 467 287
7 387 254 433 278
7 380 268 456 328
7 600 254 684 325
7 648 248 802 380
7 727 221 1075 421
3 223 258 278 382
3 502 258 518 302
7 282 267 433 364
7 551 254 578 275
1 331 161 343 187
1 322 159 333 192
1 502 167 513 194
1 491 170 505 193
1 133 258 161 281
2 88 233 123 243
3 165 288 189 320
7 0 238 243 453
3 1090 187 1147 320
7 943 193 1279 446
3 754 236 772 251
2 109 238 143 251
2 110 217 125 226
2 253 247 278 256
2 661 203 690 211
2 636 206 652 211
7 672 215 679 232
7 632 230 644 242
