8 292 307 322 395
4 289 336 322 403
3 227 313 244 353
3 59 301 77 341
3 239 306 267 371
3 509 328 521 359
3 546 325 558 368
3 567 331 578 368
3 555 328 570 371
3 579 330 591 366
3 609 332 626 378
3 623 334 636 385
3 597 332 613 386
3 588 332 602 385
3 956 318 972 330
3 1080 324 1140 466
3 532 328 551 381
3 440 322 455 335
7 367 321 382 335
7 381 320 403 339
7 410 311 421 320
7 414 314 426 322
7 416 318 431 327
7 419 323 434 335
7 354 326 372 343
7 27 309 248 452
7 358 331 512 456
7 660 319 1073 554
3 5 304 32 394
