2 689 60 718 102
2 683 110 720 160
2 683 163 713 204
2 613 38 680 103
2 425 155 449 179
2 455 158 473 181
2 456 184 470 204
2 399 212 410 224
1 159 180 168 192
1 187 185 193 194
1 232 188 241 200
1 296 189 302 200
1 321 193 325 202
1 241 212 246 219
1 264 216 268 222
1 303 215 307 222
1 96 198 103 208
7 332 235 340 245
7 316 235 329 244
7 288 232 296 239
7 277 232 286 242
7 252 224 278 244
7 293 229 310 246
7 236 223 252 241
7 175 220 189 238
7 140 219 181 245
7 184 213 238 254
7 84 216 117 234
5 0 105 83 334
7 1026 255 1172 301
