7 652 317 664 331
7 659 317 673 331
7 669 319 683 334
7 676 317 692 338
7 678 306 737 364
7 732 313 777 361
7 748 326 795 373
7 765 327 830 385
7 797 326 893 403
7 853 317 1034 439
7 956 341 1278 509
7 1243 456 1278 612
7 625 315 655 340
7 611 317 624 333
7 594 313 615 334
7 589 319 611 338
7 568 313 589 340
7 545 305 571 326
7 548 317 576 341
7 484 305 548 362
7 346 305 402 364
7 353 329 374 366
7 465 317 482 350
7 379 315 479 378
7 125 289 363 426
7 0 324 115 420
2 816 259 844 291
2 661 264 692 277
1 645 266 656 282
1 540 250 551 271
1 533 252 542 270
