1 428 258 444 287
1 874 226 887 261
1 1011 334 1036 354
1 199 346 217 364
1 862 228 874 261
1 1171 172 1198 214
2 217 319 234 349
2 217 353 234 366
2 212 295 244 312
2 989 317 1021 329
2 990 304 1009 315
2 1007 293 1031 307
2 985 287 1000 300
2 1245 317 1267 337
3 1103 371 1134 435
3 1073 369 1098 435
3 1127 374 1151 435
3 354 383 374 428
3 339 388 359 427
3 287 383 305 425
2 916 331 928 346
2 697 336 720 356
7 622 386 639 407
7 644 386 661 401
7 597 386 626 415
7 644 388 678 459
7 550 388 602 428
7 648 341 815 516
7 395 385 521 471
1 589 346 597 362
2 541 368 552 374
2 536 360 549 368
1 544 347 550 360
5 849 363 897 437
