1 401 82 422 132
1 691 254 698 267
1 596 237 606 250
1 603 239 611 253
1 756 237 763 247
1 748 238 759 247
1 1103 175 1135 202
2 411 204 447 247
7 761 281 771 291
7 757 286 766 296
7 738 285 747 296
7 746 286 757 296
7 766 286 782 296
7 776 289 788 298
7 786 284 803 301
7 798 281 817 306
7 812 281 833 313
7 821 278 839 314
7 831 272 890 323
7 890 284 990 356
7 711 291 716 305
7 696 290 708 301
7 686 294 698 308
7 675 291 688 306
7 641 295 652 309
7 626 293 636 309
7 586 290 605 308
7 601 291 626 311
7 652 296 665 306
7 540 289 585 321
3 967 264 985 301
3 995 259 1015 321
3 1018 273 1028 313
3 2 305 27 395
