7 507 297 526 328
7 477 291 519 348
7 404 282 496 359
7 0 286 60 425
7 36 184 413 445
7 618 301 646 325
7 549 280 627 351
7 533 297 557 329
8 523 294 538 317
4 521 309 545 335
2 595 279 612 295
1 573 212 584 235
1 404 178 415 207
1 417 179 427 206
1 701 252 712 263
2 763 229 791 240
2 788 232 814 262
2 854 189 876 211
7 1095 267 1171 300
3 1075 265 1100 315
3 1055 262 1087 311
3 1014 274 1033 305
3 998 278 1013 313
3 975 276 992 320
3 956 274 974 315
3 932 272 953 328
3 915 288 930 316
3 899 277 907 288
3 898 281 920 311
3 888 274 905 312
3 841 277 857 308
3 779 281 798 307
3 758 288 771 305
3 714 282 744 308
3 742 281 755 347
7 647 301 661 320
