1 315 323 327 341
1 179 338 198 353
1 463 311 474 330
1 622 296 634 317
1 318 341 332 359
1 361 353 373 365
1 390 360 400 374
1 408 368 421 380
1 361 330 373 350
1 408 339 418 360
1 722 287 737 317
1 824 274 841 304
1 895 326 919 344
1 339 341 349 359
1 421 329 430 347
2 370 287 385 305
2 405 314 412 338
2 372 323 385 333
2 327 287 340 317
2 872 283 905 311
2 859 299 874 311
2 1250 143 1278 245
2 447 308 460 320
7 510 365 523 374
7 505 371 516 383
7 522 375 532 389
7 532 380 547 395
7 537 360 550 372
7 517 377 532 390
7 507 380 528 398
7 426 374 471 399
0 842 330 955 363
7 823 354 880 401
7 841 368 922 444
7 883 356 1053 471
7 236 380 329 434
7 146 365 207 392
3 86 368 111 416
7 0 369 98 479
7 135 383 257 452
7 472 374 511 405
7 544 372 589 407
7 604 314 844 539
7 1011 295 1278 560
