7 1046 457 1066 471
7 1009 460 1021 474
7 927 449 966 486
7 900 449 928 486
7 699 451 782 508
7 646 454 708 472
7 610 459 709 517
7 1179 454 1217 475
7 463 459 614 538
7 842 448 911 492
7 983 456 1010 478
7 1021 456 1047 478
7 1065 446 1097 475
7 1135 440 1180 479
7 1216 441 1268 482
0 1102 449 1121 470
1 37 381 66 413
1 318 388 345 415
1 948 198 973 252
1 1218 393 1226 407
1 1117 403 1125 415
1 994 398 1005 411
1 1001 397 1011 411
1 1210 394 1218 408
2 408 356 430 370
2 440 350 457 360
2 939 296 994 367
