2 384 139 432 152
2 416 212 426 235
2 1167 238 1196 262
2 771 152 781 165
1 356 111 374 149
1 480 112 499 147
1 320 183 329 203
1 349 229 356 247
1 336 229 346 247
1 126 187 143 224
1 152 188 162 223
1 197 228 207 250
1 129 234 142 245
1 153 234 164 247
1 756 140 766 169
1 783 188 794 220
1 798 187 812 222
0 0 233 102 310
7 99 272 147 301
7 127 267 212 298
7 209 269 235 286
7 237 267 277 286
7 305 270 339 279
7 344 270 361 283
7 354 265 400 294
7 411 269 441 290
7 446 265 485 289
7 482 187 717 417
7 824 243 1151 409
5 707 237 839 338
