2 702 76 737 127
2 679 327 691 339
1 677 83 701 138
1 982 230 1005 285
1 1065 290 1093 319
1 979 301 996 329
3 434 361 442 381
3 422 361 429 380
3 404 364 411 385
3 371 362 380 386
3 360 360 367 384
3 350 363 360 385
3 337 358 348 388
3 310 358 321 391
3 273 352 290 401
3 235 354 251 404
3 209 351 231 406
3 186 353 205 406
3 170 359 187 402
3 384 358 393 383
3 728 362 735 392
3 735 365 740 391
3 792 356 807 397
3 805 356 819 401
3 824 353 847 403
3 1029 339 1066 436
7 510 363 524 378
7 481 367 494 378
7 471 367 482 381
7 444 366 474 382
0 471 352 508 378
7 586 362 605 378
7 520 359 576 405
7 510 357 527 364
1 364 2 399 41
