7 52 502 74 521
7 48 502 214 561
7 192 496 340 551
7 896 476 920 494
7 918 461 948 501
7 871 478 888 498
7 833 473 872 500
7 802 472 836 505
7 754 475 811 507
7 1036 468 1059 497
7 1062 462 1099 487
7 1125 456 1141 481
7 1134 460 1168 489
7 698 463 742 501
1 427 249 449 296
1 745 254 765 298
1 47 383 67 407
1 1200 329 1219 361
1 724 259 746 298
1 446 251 465 297
1 510 442 521 455
2 304 430 329 439
2 308 439 326 451
2 308 451 328 468
2 435 447 450 460
2 1082 330 1137 346
2 1069 350 1092 368
2 1127 436 1146 449
7 634 466 673 490
7 940 465 1063 557
