7 567 247 580 260
7 586 250 602 274
7 570 255 596 279
7 601 248 621 265
7 609 253 628 275
7 616 255 646 280
7 636 262 678 309
7 665 270 736 328
7 552 248 570 265
7 552 248 567 272
7 533 252 558 274
7 531 255 552 287
7 509 257 543 295
7 493 265 533 306
7 455 274 513 321
7 0 268 66 316
7 0 284 278 500
7 0 327 39 563
7 918 279 1107 338
7 1188 370 1277 591
2 170 166 206 184
2 189 194 226 211
2 398 214 434 247
2 1152 135 1208 154
2 1144 147 1171 164
2 1119 169 1137 187
2 724 213 747 241
2 300 182 314 199
2 310 199 331 225
2 74 115 153 204
2 893 213 925 228
2 891 241 908 257
1 347 96 363 140
1 769 93 785 133
1 329 98 344 140
1 363 103 373 144
1 749 96 766 139
1 1161 194 1206 235
3 742 263 763 311
3 783 257 800 302
1 566 221 580 234
