1 496 194 506 218
1 680 210 688 228
1 263 262 281 279
1 487 195 499 219
1 671 212 681 227
2 262 225 291 235
2 277 234 304 247
2 568 262 576 272
2 736 272 747 288
2 383 248 403 257
1 376 277 393 286
1 883 269 893 285
2 631 290 655 301
7 581 301 592 315
7 587 301 600 316
7 593 294 617 315
7 561 296 578 306
7 557 304 580 320
7 667 303 676 316
7 671 300 687 316
7 686 301 699 320
7 692 301 704 323
7 701 299 716 323
7 711 301 734 325
7 718 301 741 326
7 736 304 767 328
7 752 305 787 338
7 769 304 813 341
7 823 310 890 356
7 869 311 952 366
7 514 291 560 341
7 456 300 470 315
7 442 299 460 331
7 369 293 447 353
7 457 296 534 361
7 595 301 655 346
7 645 299 668 324
7 1 304 403 598
7 915 2 1278 601
