1 504 230 515 246
1 594 233 601 245
1 513 231 522 247
1 598 233 609 245
2 549 259 557 271
1 596 260 604 271
2 825 170 850 212
2 826 210 845 232
2 1095 68 1149 152
2 1093 205 1122 267
7 540 294 552 310
7 479 296 498 317
7 444 287 484 350
2 327 259 345 280
7 342 274 468 381
2 683 259 700 266
1 693 259 709 272
7 655 283 667 300
7 663 279 691 317
3 781 274 799 316
7 90 254 379 436
2 11 203 52 263
7 0 218 129 538
7 491 283 547 332
7 554 275 674 373
7 673 275 743 330
7 796 238 1017 390
7 1203 249 1264 320
7 1092 244 1154 289
2 1143 216 1156 248
