7 626 299 643 324
7 666 298 685 306
7 643 299 658 308
7 635 307 682 350
7 735 304 756 324
7 768 308 787 333
7 776 311 814 337
7 855 303 900 331
7 565 300 585 319
7 559 277 582 299
7 553 300 567 315
7 518 292 553 326
7 484 300 519 330
7 449 300 491 337
5 457 283 488 302
7 367 294 409 316
7 379 300 449 343
7 247 296 311 350
7 280 296 383 355
7 654 307 761 387
7 0 275 234 386
7 0 273 78 321
7 1038 320 1207 359
7 799 311 862 350
7 910 346 1279 564
3 224 287 255 385
2 173 178 189 230
2 854 248 900 271
2 799 270 811 277
2 765 258 792 268
2 569 258 577 275
1 593 264 599 276
1 746 253 753 267
1 740 252 746 264
1 819 284 829 294
1 326 256 341 265
0 575 275 629 335
