7 1 237 149 571
7 142 408 272 500
7 246 410 345 483
7 320 403 396 467
7 395 402 462 455
7 455 409 481 446
7 468 409 495 441
7 495 415 509 437
7 498 408 517 437
7 514 410 534 435
7 540 407 563 426
7 562 412 577 425
7 572 411 584 424
7 586 413 598 422
7 572 408 585 423
7 598 412 607 419
7 605 406 614 415
5 846 294 1200 520
7 788 385 859 475
7 763 398 810 454
7 711 392 780 451
7 701 408 721 433
7 691 400 722 433
7 681 401 702 431
7 624 401 660 434
7 655 400 684 427
1 655 349 663 363
1 542 355 549 369
1 650 349 657 362
1 537 355 542 370
2 229 301 264 336
2 229 335 265 353
1 638 381 643 390
