7 339 199 754 554
7 0 295 61 316
3 77 284 106 316
3 265 292 274 341
3 243 285 256 321
3 195 287 204 305
3 201 291 213 318
3 178 293 185 301
3 164 289 172 299
4 194 308 252 343
2 259 180 288 238
2 198 203 215 213
2 234 207 257 215
2 206 182 226 202
2 388 194 409 208
2 856 150 877 166
2 917 182 939 191
2 940 160 957 167
2 821 174 879 214
1 786 244 804 257
1 221 237 246 255
1 724 179 734 202
1 736 177 747 199
1 874 157 886 180
1 529 187 537 202
3 718 260 757 334
3 804 268 811 305
3 756 273 769 311
3 806 274 823 329
3 746 277 756 309
1 902 214 921 223
1 925 213 937 222
2 920 193 935 201
7 271 227 402 379
