2 328 138 494 238
2 956 310 988 325
2 292 291 322 317
2 305 262 318 279
2 229 213 250 222
2 227 221 255 273
2 200 293 238 304
2 223 305 259 319
2 293 253 308 276
2 779 350 795 359
2 953 276 999 306
2 1003 257 1112 303
2 762 349 785 357
1 737 236 749 270
1 781 328 793 350
1 604 372 610 386
1 203 235 234 261
1 202 344 226 364
1 788 373 801 384
1 622 393 630 406
1 223 341 240 362
1 980 336 1009 360
1 434 200 457 249
1 456 215 473 252
1 726 243 734 273
1 748 240 757 272
2 862 296 886 325
7 631 397 645 409
7 643 398 656 409
7 669 400 692 421
7 678 386 768 454
7 884 396 953 436
7 978 399 1047 439
7 602 403 617 412
7 922 407 982 442
