7 604 345 616 359
7 548 341 570 363
7 522 335 553 362
7 503 336 530 364
7 446 323 508 364
7 689 309 697 318
7 693 315 700 321
7 683 315 691 322
7 677 323 685 328
7 678 326 684 333
7 686 328 693 335
7 697 322 704 326
7 697 327 706 334
7 815 338 829 350
7 828 335 845 359
7 839 335 873 361
7 877 313 934 364
7 911 313 999 367
7 554 334 924 625
7 81 280 175 329
7 45 291 111 337
7 0 293 75 349
3 373 308 392 357
3 253 305 282 370
3 181 296 209 360
3 428 329 445 362
1 0 168 14 234
1 38 253 64 273
1 33 184 60 233
1 1055 182 1077 239
2 1 231 49 254
2 0 108 51 141
2 1021 120 1099 142
2 306 290 325 311
