1 518 137 524 153
1 525 137 533 153
1 652 147 657 160
1 644 146 651 160
2 465 139 495 146
2 671 151 698 159
7 546 199 566 215
7 537 201 550 213
7 525 199 543 216
7 512 199 532 219
7 486 198 514 219
7 585 198 594 215
7 673 203 684 221
7 679 202 705 227
7 706 208 735 234
7 640 183 676 229
7 584 199 649 249
7 446 193 468 228
7 412 193 454 229
7 378 187 420 233
7 306 189 386 238
7 216 185 314 246
7 94 189 228 259
7 727 203 782 243
7 768 200 822 250
7 794 200 885 266
7 835 208 941 277
7 900 209 1013 297
7 0 165 101 276
7 985 142 1277 340
