7 1163 437 1277 609
7 884 370 1101 520
7 834 384 934 479
7 789 371 883 456
7 767 395 807 441
7 746 383 792 430
7 728 378 773 421
7 720 381 736 406
7 706 376 724 395
7 697 375 718 391
7 619 385 635 398
7 596 376 616 397
7 587 381 608 397
7 576 379 604 400
7 541 390 585 422
7 507 393 549 442
7 463 394 524 449
7 390 397 483 473
7 307 388 394 427
7 170 396 405 534
7 106 388 254 469
7 0 389 124 511
7 556 383 584 399
7 1156 355 1278 442
7 1090 359 1277 442
7 1175 315 1276 357
7 1085 340 1188 397
7 245 388 290 404
