1 691 185 705 219
1 1038 179 1059 217
1 1078 243 1099 265
1 575 278 591 293
1 564 302 576 314
1 555 164 569 201
1 480 253 505 278
1 1163 183 1194 220
2 1115 183 1169 198
2 588 235 612 246
2 624 213 639 232
2 1069 200 1094 213
2 1057 219 1082 228
2 444 220 484 240
3 1157 272 1182 327
3 1036 278 1065 347
3 968 289 982 326
3 956 289 970 327
7 781 316 798 329
7 771 313 786 337
7 753 315 773 343
7 847 306 859 328
7 857 298 881 334
7 722 315 758 344
7 805 315 819 323
7 829 309 848 328
7 872 297 934 338
7 1231 293 1277 326
2 446 174 461 192
2 414 182 446 193
2 238 197 277 237
