2 142 162 209 178
2 653 207 676 215
2 259 240 277 248
2 776 122 806 133
2 751 147 793 158
2 796 159 817 178
1 258 152 272 182
1 561 154 570 178
1 277 152 289 185
1 278 197 296 222
1 573 155 585 179
1 10 254 26 274
1 260 258 273 272
1 791 207 812 227
1 776 207 791 230
1 568 235 576 250
1 611 235 616 247
1 672 242 685 252
3 1104 202 1206 487
3 1211 187 1278 504
3 817 247 857 339
3 677 272 703 351
3 716 268 739 335
3 766 286 783 341
3 381 280 396 318
3 415 285 432 320
3 336 284 353 326
3 326 283 336 321
3 234 294 254 336
3 49 296 79 366
3 1 294 22 371
3 626 270 640 299
3 696 278 714 346
3 736 269 751 333
3 749 263 761 330
3 762 253 782 283
3 786 258 811 333
3 811 262 831 315
7 13 320 39 356
7 49 291 170 346
7 376 286 417 323
7 426 283 451 316
7 450 255 541 341
7 532 280 558 321
7 550 286 568 315
7 565 281 585 311
7 588 273 610 296
7 611 274 621 291
7 638 275 658 298
7 642 264 661 279
7 849 250 943 299
7 925 250 986 300
7 953 267 990 306
