2 601 47 630 85
2 455 59 479 69
2 247 57 271 66
2 314 69 335 77
2 837 5 869 30
2 428 71 446 81
2 370 74 385 83
5 407 83 433 105
0 0 36 144 162
7 392 95 412 111
7 376 98 403 134
7 316 89 389 156
7 310 95 325 111
7 284 96 313 120
0 445 80 470 116
7 485 102 517 140
7 503 102 551 144
7 517 110 550 150
7 535 104 576 153
7 554 107 618 162
7 567 113 626 171
7 600 96 728 181
7 695 102 985 255
7 913 149 1278 382
7 61 69 324 261
7 426 98 462 135
3 415 95 427 116
3 750 113 800 237
3 487 101 503 140
3 1137 89 1149 114
3 1201 83 1219 113
3 1216 83 1237 110
3 1234 80 1253 111
3 1251 110 1277 150
3 1209 109 1260 151
3 1140 94 1154 120
1 841 33 862 65
7 432 53 442 68
7 292 48 300 66
7 336 68 346 80
