2 753 211 774 229
5 603 228 615 241
7 615 234 628 244
7 587 240 600 248
7 624 240 637 249
7 623 247 639 259
7 640 262 664 283
7 559 262 576 282
7 557 264 568 283
7 548 263 563 288
7 537 263 554 287
7 523 262 549 292
7 521 267 541 292
7 505 268 532 292
7 498 269 528 296
7 495 274 516 302
7 476 270 504 308
7 444 270 494 315
7 430 279 469 323
7 381 279 445 328
7 332 282 402 338
7 248 278 358 359
7 29 265 265 400
7 559 268 591 291
7 603 267 637 292
7 687 255 728 320
7 706 254 772 336
7 738 245 895 358
7 962 114 1278 277
