2 630 328 642 338
2 629 338 642 354
2 535 338 544 351
2 562 348 574 362
2 588 351 598 362
2 543 341 552 360
7 484 357 494 380
7 480 360 491 380
7 469 360 483 381
7 463 357 472 385
7 444 356 465 388
7 428 357 451 393
7 395 350 438 402
7 370 348 411 405
7 350 348 383 417
7 234 299 370 429
7 204 331 300 454
7 0 161 225 516
7 581 362 595 380
7 587 365 619 399
7 601 362 645 407
7 641 358 731 385
7 630 374 720 398
7 630 377 742 431
7 669 376 774 449
7 715 376 797 456
7 752 371 915 524
7 826 370 1277 648
7 497 363 599 450
