3 273 223 298 283
3 219 223 239 272
3 206 234 229 293
3 187 216 214 285
3 168 216 192 282
3 153 206 175 278
3 125 207 150 239
3 1115 295 1144 347
3 1098 292 1119 341
3 1076 288 1102 336
3 1049 287 1071 334
3 1027 288 1051 332
8 1221 293 1279 405
4 1205 346 1279 425
3 1198 304 1225 349
7 644 265 671 299
7 874 263 918 359
7 619 255 648 300
7 560 239 624 312
7 681 258 752 320
7 315 231 464 327
7 457 253 590 339
7 722 250 903 407
5 678 228 735 263
1 634 160 646 184
1 663 214 673 233
1 958 175 970 199
2 371 167 390 185
7 0 120 241 563
