1 670 51 692 107
1 456 12 481 62
1 430 6 452 57
1 480 24 495 69
1 621 263 630 280
1 879 250 887 270
1 864 253 872 267
1 855 255 863 268
1 839 252 847 267
2 1165 112 1205 217
2 1184 18 1278 61
2 781 262 804 286
2 756 258 811 306
7 733 293 771 310
7 706 294 737 313
7 687 293 704 309
7 177 286 299 356
7 408 286 486 331
7 661 301 706 326
7 1029 277 1040 286
7 1065 275 1085 283
7 990 277 1018 288
7 978 278 1001 291
7 965 281 983 293
7 1100 283 1130 295
7 1145 283 1155 296
7 1165 291 1185 303
7 1195 290 1210 305
7 1215 291 1230 308
7 1239 291 1255 301
0 999 288 1147 326
1 446 0 506 12
7 1251 278 1278 301
7 926 279 945 292
7 805 296 845 317
