1 516 294 527 332
1 737 239 753 285
1 758 262 770 291
1 1088 283 1107 317
1 1175 324 1193 360
1 1184 397 1198 411
2 1113 309 1162 321
2 513 358 538 376
2 415 232 458 272
2 424 273 458 309
2 439 313 457 360
2 265 180 313 228
1 191 194 221 243
1 426 162 455 227
7 553 434 568 447
7 589 431 603 446
7 489 429 522 457
7 469 436 494 468
7 438 431 471 475
7 449 418 487 437
7 394 428 440 484
7 284 419 407 506
7 94 407 287 538
7 0 409 136 607
7 701 432 726 451
7 655 427 677 454
7 676 438 708 466
7 732 434 759 455
7 590 432 678 509
7 791 437 836 471
7 920 442 944 471
7 937 448 1006 484
7 1003 445 1090 492
7 833 432 926 493
7 778 437 800 455
7 760 432 783 452
