7 0 218 33 269
7 1204 134 1279 266
3 1199 174 1229 286
3 1149 156 1200 303
7 1115 195 1151 225
7 1053 196 1126 220
7 1005 190 1056 219
7 989 193 1018 216
7 954 195 991 218
7 846 204 866 213
7 827 197 851 212
7 805 195 816 209
7 535 192 575 242
7 573 210 583 231
7 582 205 603 225
7 605 207 628 225
7 344 203 420 243
7 31 212 90 247
7 84 219 108 241
7 105 214 137 239
7 135 214 168 240
7 167 216 206 239
7 223 214 243 235
7 304 213 337 231
7 279 214 309 236
7 253 217 282 237
7 420 194 563 285
7 624 204 648 223
7 657 208 672 222
2 690 169 705 184
2 638 187 660 202
1 660 196 669 204
1 683 193 693 199
