2 281 279 365 301
2 466 326 501 336
2 490 359 506 386
2 480 431 506 456
2 980 373 1010 411
2 16 325 44 361
2 0 328 16 358
2 450 470 465 496
1 47 315 77 373
1 238 252 272 321
1 500 386 521 426
1 482 391 501 425
1 480 361 495 388
1 789 32 877 207
1 900 229 991 321
1 873 0 981 178
7 273 541 306 566
7 239 544 275 570
5 145 539 223 585
7 167 541 229 590
7 58 556 159 611
5 401 527 440 540
5 329 524 370 552
7 527 500 565 536
7 542 497 627 535
7 716 490 774 499
7 786 486 831 511
7 829 481 860 511
7 947 472 975 491
7 739 494 801 527
7 581 501 753 557
