1 839 226 857 264
1 478 306 490 341
1 1135 242 1154 282
1 451 355 469 373
1 472 356 485 372
2 1144 296 1182 313
2 916 239 1010 259
1 657 371 661 382
1 705 369 714 387
2 725 374 740 383
2 626 373 648 383
7 674 410 694 430
7 634 409 658 430
7 609 412 639 440
7 525 396 603 461
7 31 413 207 486
7 637 414 939 663
3 192 409 237 497
3 235 386 258 465
3 337 383 361 450
3 358 391 382 456
3 411 399 429 463
3 391 395 409 450
3 424 394 440 448
3 407 392 420 423
3 438 392 458 441
3 449 394 468 428
3 500 396 522 461
3 895 409 903 440
3 907 407 925 444
3 930 404 939 435
3 934 404 956 452
3 952 401 966 445
3 965 409 980 437
3 1042 404 1057 441
3 1067 396 1079 445
3 1079 409 1097 479
3 1094 413 1106 472
3 1110 409 1128 471
3 1208 400 1261 481
2 0 3 29 57
2 1 0 74 29
2 39 37 56 72
8 1150 421 1214 506
4 1155 457 1217 526
3 1171 399 1190 427
