2 719 273 754 283
2 460 263 497 273
2 778 266 792 286
2 1264 128 1279 168
2 539 259 549 281
2 699 270 705 288
7 594 334 606 352
7 791 327 833 379
7 712 335 727 350
7 723 337 735 359
7 727 339 744 361
7 734 340 769 362
7 686 335 713 344
7 647 339 681 366
7 651 332 673 342
7 682 339 722 369
7 523 340 542 362
7 499 342 528 366
7 423 335 462 376
7 371 339 440 381
3 455 335 472 376
4 75 363 114 405
4 319 351 340 381
4 294 354 330 385
0 539 313 601 361
5 646 330 681 366
4 930 353 952 383
3 952 321 976 392
3 979 321 1001 379
3 1028 315 1068 404
3 1119 298 1148 414
3 1231 300 1279 434
3 1165 328 1210 416
3 1159 332 1185 414
3 925 314 947 347
7 0 278 112 586
2 402 285 422 294
2 463 317 481 325
2 530 261 539 278
2 692 270 698 286
2 612 303 618 313
2 671 306 678 317
2 777 302 792 307
2 785 315 802 328
7 810 323 912 391
