7 534 297 551 310
7 522 297 538 311
7 551 295 570 310
7 554 298 572 311
7 564 300 589 319
7 586 300 604 313
7 567 310 586 322
7 593 306 612 321
7 596 313 612 326
7 615 313 639 328
7 625 318 643 331
7 625 329 651 357
7 644 320 667 334
7 651 325 677 341
7 657 329 685 350
7 509 300 528 312
7 502 302 523 321
7 513 318 533 334
7 522 320 544 347
7 492 321 522 344
7 434 315 454 329
7 421 312 441 331
7 392 315 425 333
7 452 317 476 331
7 468 329 497 354
7 334 334 378 357
7 111 336 170 367
7 69 339 110 360
7 57 355 149 402
7 0 352 113 404
7 999 314 1067 354
7 916 306 1012 358
5 719 288 940 356
7 281 346 373 385
7 388 327 430 359
7 436 330 484 369
7 513 319 641 430
7 806 323 949 404
1 266 272 279 298
1 275 272 289 298
1 263 320 275 336
1 848 294 861 312
1 430 249 442 269
1 447 244 460 269
1 643 222 654 246
1 660 220 670 251
1 649 248 668 265
1 651 222 667 249
1 439 246 452 270
2 909 230 928 254
2 904 255 928 271
2 901 268 937 287
2 903 280 938 308
2 260 242 296 276
2 11 216 37 251
