1 465 350 473 360
1 480 59 551 103
2 413 34 480 99
2 723 272 756 311
2 126 265 157 294
2 126 290 156 312
2 247 295 267 329
7 491 366 509 380
7 519 370 527 380
7 523 371 541 382
7 477 368 499 381
7 466 367 481 383
7 455 367 471 387
7 436 365 459 387
7 409 364 445 392
7 381 359 418 396
7 383 365 412 397
7 370 364 401 399
7 350 361 385 401
7 324 359 366 405
7 273 356 339 410
7 191 350 287 418
7 504 368 522 381
4 533 377 546 392
8 532 373 548 386
7 82 353 111 374
6 71 359 148 414
4 677 378 776 449
3 659 371 683 433
2 620 357 640 376
