3 404 291 412 315
3 394 288 404 316
3 385 288 396 314
3 373 288 385 324
3 359 287 368 315
3 343 280 356 321
3 311 287 324 322
3 285 287 299 323
3 334 283 345 322
3 319 282 331 322
3 266 280 278 323
3 243 286 256 321
3 237 280 250 321
3 226 280 237 319
3 213 279 226 322
3 204 278 218 321
3 191 280 210 344
3 170 280 185 324
3 151 279 180 357
3 124 273 141 324
3 110 281 125 325
3 128 280 151 362
3 298 280 311 320
3 55 277 69 341
3 65 280 85 343
3 81 283 104 348
3 35 264 63 357
2 183 200 203 208
2 168 213 189 217
2 957 118 990 129
2 949 168 995 191
2 632 228 647 254
2 776 232 792 242
2 767 242 787 250
2 765 252 774 263
2 769 171 783 192
1 937 167 951 190
1 910 171 922 193
1 196 208 204 224
1 274 144 290 174
1 686 186 696 207
1 677 184 684 207
0 961 118 1278 230
7 742 187 1278 488
7 1 231 46 386
7 648 262 764 370
7 687 276 807 400
7 397 249 662 462
