1 749 145 763 193
1 469 348 481 362
1 406 339 420 353
1 448 348 457 362
1 389 334 404 348
2 530 325 544 332
2 600 334 616 341
2 698 255 745 268
2 726 207 779 221
2 782 310 798 329
2 780 290 796 306
2 401 325 413 345
2 520 359 536 366
7 557 366 593 373
7 525 366 550 373
7 602 357 618 373
7 719 362 740 394
7 730 359 794 408
7 772 364 847 416
7 814 376 910 429
7 495 355 515 373
7 413 355 455 373
5 303 350 343 387
5 181 331 301 401
7 182 374 216 397
7 132 374 181 402
7 121 373 153 399
7 79 380 128 411
7 1 378 88 425
2 513 418 527 432
7 196 401 331 481
7 885 387 1015 453
1 0 0 30 28
