2 204 232 217 257
2 514 290 523 301
2 420 277 429 289
2 447 284 453 292
2 706 289 712 299
2 909 229 936 254
2 917 271 932 284
1 572 274 580 286
3 1098 313 1141 377
3 1000 323 1020 339
7 584 317 600 326
7 573 316 593 326
7 567 318 582 329
7 548 314 579 330
7 541 317 569 332
7 525 314 561 332
7 519 317 556 334
7 482 311 537 336
7 433 308 528 341
7 440 315 517 350
7 378 303 479 350
7 385 317 460 356
7 354 316 443 363
7 258 308 419 375
7 152 311 379 386
7 72 316 246 406
7 632 318 638 327
7 654 319 662 330
7 660 317 677 333
7 671 323 680 335
7 679 323 687 338
7 685 322 696 340
7 692 325 706 344
7 702 319 718 347
7 707 320 727 350
7 718 320 744 354
7 732 320 767 359
7 749 319 786 366
7 768 318 828 374
7 800 320 886 387
7 837 332 951 406
7 912 339 1123 448
7 1077 317 1278 528
7 0 309 84 423
7 596 317 633 348
7 602 314 612 320
2 669 303 674 309
7 646 320 652 327
