1 337 335 347 347
1 31 332 39 345
1 26 332 31 344
2 195 304 224 320
2 218 278 230 295
2 186 287 220 299
2 662 326 672 349
2 622 344 638 362
2 429 337 442 356
2 1201 347 1218 372
7 457 376 472 392
7 479 368 497 379
7 522 365 574 376
7 596 362 633 389
7 611 379 632 407
7 622 379 676 416
7 665 380 727 449
7 706 341 902 482
7 388 372 412 388
2 381 357 394 367
7 372 374 397 385
7 331 369 375 388
7 299 367 329 386
7 241 366 298 388
7 207 372 240 389
7 178 373 212 392
7 151 374 175 392
7 130 377 148 388
7 66 377 95 392
0 11 361 66 396
5 507 346 567 377
7 821 376 1212 568
7 422 370 639 552
7 1231 522 1278 718
