2 995 182 1035 213
2 301 243 318 267
7 527 322 538 337
7 519 323 533 340
7 503 322 522 340
7 503 323 516 342
7 500 325 511 342
7 487 322 506 344
7 483 325 496 343
7 453 320 488 349
7 421 318 461 354
7 373 325 438 367
7 344 322 386 347
7 276 313 362 384
7 230 316 283 327
7 204 325 306 396
7 58 319 232 421
7 610 321 621 339
7 616 322 626 336
7 621 320 632 339
7 623 320 638 342
7 627 320 661 344
7 638 323 669 352
7 660 322 708 360
7 674 321 711 368
7 696 312 727 374
7 814 314 836 340
7 706 304 823 393
7 530 299 619 384
7 794 266 1129 470
7 1005 302 1278 607
