6 0 317 28 382
6 29 300 72 371
3 98 279 151 442
7 103 308 219 391
0 128 222 273 371
7 284 314 302 329
7 303 315 314 330
7 315 313 325 330
7 328 315 343 331
7 386 310 405 335
7 343 309 390 341
2 405 275 419 290
7 415 303 459 338
7 436 308 487 339
7 474 302 490 329
2 537 283 553 304
2 599 255 616 280
2 613 249 631 274
2 631 246 653 275
2 666 237 688 263
7 524 299 575 313
7 578 295 656 307
7 659 295 731 345
7 493 307 569 360
7 555 304 647 370
6 616 299 682 371
0 724 1 1276 681
7 266 314 285 327
7 53 299 115 357
