2 656 283 679 310
2 630 289 651 311
2 583 292 626 306
2 583 313 625 324
2 628 310 644 320
2 418 278 443 304
2 452 287 480 308
7 688 339 766 392
5 735 219 999 404
7 116 318 147 338
7 156 311 223 339
5 139 273 216 341
7 221 320 242 331
7 226 318 279 339
7 280 318 314 334
7 291 318 321 336
7 345 318 371 334
5 345 297 401 332
7 387 317 410 331
7 401 324 422 336
7 293 320 364 359
5 409 309 438 326
5 428 312 447 325
7 419 319 440 332
5 484 316 498 330
5 459 311 472 325
7 473 323 489 339
7 496 325 515 339
7 510 321 526 335
7 526 325 545 337
7 437 319 466 340
7 594 328 603 342
7 617 328 632 339
7 631 328 650 344
7 599 326 613 339
7 652 325 669 342
7 604 330 620 342
7 582 326 597 339
7 576 330 599 347
7 632 332 671 360
2 702 323 713 337
7 468 312 484 323
7 0 305 34 342
7 15 306 114 345
7 1191 364 1279 457
