7 587 361 597 380
7 572 361 585 378
7 518 355 547 376
7 490 356 520 378
7 461 355 493 380
7 418 348 465 383
7 374 346 418 383
7 350 351 391 386
7 315 348 359 395
7 238 333 317 400
7 169 341 263 407
7 72 333 199 430
7 700 333 710 346
7 649 346 669 356
7 651 341 664 350
7 663 353 676 363
7 653 365 671 373
7 634 355 653 365
7 627 365 659 390
5 602 344 627 363
7 594 363 632 393
7 537 358 575 388
7 0 294 87 464
7 671 336 681 350
2 572 256 669 292
2 715 306 765 333
2 830 106 903 193
2 433 276 481 297
2 1066 54 1162 242
2 1068 0 1164 56
