2 874 86 902 127
2 860 125 915 142
2 600 205 631 229
2 551 208 564 218
2 496 172 516 192
1 426 167 437 184
1 191 128 202 151
1 321 213 330 225
1 300 197 308 210
1 551 219 569 236
1 504 222 515 237
7 0 186 15 241
5 0 144 135 248
7 117 211 165 243
7 160 210 193 242
7 187 212 222 242
7 214 220 244 242
7 293 226 306 239
7 280 225 291 240
7 416 238 439 255
7 419 241 447 260
7 480 252 520 286
7 503 243 572 293
7 534 251 598 303
7 562 259 648 317
7 385 237 397 253
7 356 237 368 252
7 262 225 281 242
7 315 228 328 243
7 336 235 348 247
7 438 240 475 270
7 601 261 739 355
7 365 231 390 248
