1 849 256 864 276
1 663 199 678 222
1 278 199 288 226
1 266 199 275 227
1 653 200 663 224
7 408 312 423 329
7 383 320 406 334
7 492 310 503 325
7 474 318 489 327
7 503 313 514 327
7 459 313 471 327
7 516 312 536 330
7 523 313 543 330
7 531 310 568 345
7 422 313 462 347
7 597 313 616 334
7 568 308 584 333
7 577 310 604 340
7 310 317 336 337
7 292 320 310 337
7 239 320 265 342
7 217 325 243 340
7 206 320 231 344
7 189 322 221 342
7 174 322 207 347
7 160 322 194 354
7 143 320 184 356
7 125 320 163 356
7 101 322 158 357
7 53 320 135 361
7 15 323 89 362
7 3 320 62 367
7 1 332 27 371
7 1181 293 1279 369
2 837 214 860 226
2 834 226 850 234
7 654 304 681 322
7 669 303 700 326
7 694 301 738 324
7 717 300 760 326
7 737 299 786 323
7 784 297 839 317
7 787 301 826 324
7 826 293 865 321
7 856 295 894 320
7 874 297 915 321
7 981 295 1008 326
7 911 295 977 336
