7 554 364 572 373
7 537 362 554 371
7 521 360 543 377
7 511 360 526 376
7 502 357 514 377
7 483 360 505 382
7 477 362 495 385
7 466 362 488 385
7 442 359 471 394
7 414 360 454 397
7 387 362 427 406
7 329 359 397 412
7 220 357 339 431
7 569 362 578 374
7 575 364 587 376
7 575 364 590 376
7 586 362 596 377
7 593 360 609 382
7 596 364 613 383
7 609 364 630 391
7 622 356 661 399
7 644 357 702 405
7 664 365 724 414
7 696 367 795 435
7 785 365 849 397
7 769 356 921 461
7 838 347 1001 475
7 898 340 1277 574
7 0 348 113 487
