1 80 262 98 300
1 701 156 718 195
1 859 160 876 199
1 977 182 995 220
1 1113 242 1129 279
2 729 160 755 187
2 989 216 1045 234
2 859 257 897 281
7 707 312 729 324
7 548 321 566 332
7 602 316 618 321
7 370 321 422 345
7 342 321 393 347
7 326 324 364 348
7 293 325 343 350
7 266 325 304 343
7 247 327 286 347
7 218 327 256 352
7 178 330 227 353
7 653 317 676 342
7 657 315 708 349
7 600 319 646 340
7 566 317 581 326
7 986 292 1021 303
7 925 299 953 311
7 884 311 924 325
7 860 311 888 329
7 959 309 980 325
7 904 316 932 334
7 981 301 1022 320
7 815 315 839 331
7 528 323 550 332
7 1054 225 1279 426
7 519 329 547 345
7 589 324 643 364
7 669 321 726 364
7 782 315 810 338
7 991 313 1041 338
7 729 312 757 324
7 41 324 87 350
2 96 298 117 311
2 99 262 117 294
2 112 312 136 321
