7 448 411 462 425
7 427 409 453 429
7 417 409 438 430
7 392 408 425 429
7 345 408 376 439
7 282 411 343 441
7 230 409 282 450
7 133 397 231 465
7 107 416 139 444
7 0 422 22 444
7 0 411 126 485
7 604 395 616 413
7 605 392 663 443
7 656 376 807 485
7 471 385 593 486
7 773 348 903 455
7 892 366 911 395
7 948 376 978 395
7 1041 357 1112 373
7 1098 353 1198 380
7 1114 341 1279 526
2 336 366 364 395
2 205 283 231 306
2 946 304 964 324
2 522 112 544 135
1 522 131 551 193
1 334 304 357 360
1 357 304 378 360
2 334 278 355 304
