3 1154 202 1190 287
3 1091 199 1125 270
3 1070 203 1095 267
1 1076 146 1102 179
1 509 0 527 45
1 168 144 192 163
1 575 140 583 160
1 550 146 560 162
1 836 0 868 18
2 187 92 215 106
2 1046 98 1088 114
2 1049 82 1075 97
2 1042 2 1091 41
2 272 119 297 164
2 832 137 848 172
4 100 251 195 312
8 113 199 179 311
7 802 197 893 266
7 290 173 421 274
5 467 154 556 236
7 578 182 620 230
7 414 208 450 252
7 449 203 468 242
7 554 180 578 221
7 619 190 652 226
7 723 199 768 233
7 743 202 789 244
7 777 198 820 247
7 676 191 740 228
