2 948 0 1004 35
2 642 173 702 192
2 1076 163 1090 170
7 1065 231 1123 255
7 689 208 703 217
7 672 209 685 218
7 642 207 656 218
7 627 205 644 220
7 618 203 630 213
7 601 202 617 220
7 572 202 594 220
7 561 200 573 213
7 549 199 561 215
7 529 198 551 216
7 521 199 531 211
7 479 196 500 205
7 469 200 495 220
7 495 196 527 222
7 601 212 634 238
5 383 183 447 220
7 365 192 387 203
7 330 194 364 216
7 314 194 339 215
7 260 192 325 233
7 187 190 261 224
7 0 185 102 235
0 121 174 191 211
7 106 190 123 205
7 351 203 408 235
