7 431 303 470 346
7 438 295 461 307
7 422 301 438 328
7 399 302 430 332
7 373 308 416 337
7 348 297 382 314
7 294 304 336 336
7 538 302 557 320
7 595 304 609 318
3 620 303 628 325
7 619 303 635 320
7 628 304 642 322
7 638 307 651 325
7 704 322 725 341
5 648 285 705 346
7 720 322 766 350
7 548 303 600 349
7 461 305 539 375
7 521 305 540 324
7 296 309 419 400
7 199 309 302 375
7 0 311 159 424
1 143 263 161 280
1 319 273 336 289
1 924 222 941 248
1 805 296 820 310
1 721 232 727 253
1 712 235 722 253
2 155 234 183 243
2 392 232 434 243
2 322 254 343 261
2 469 271 485 278
2 606 273 624 282
2 688 239 703 272
2 739 248 779 258
2 796 266 812 275
2 728 280 735 292
1 935 293 948 311
2 1007 309 1021 319
2 621 286 630 298
2 430 277 437 291
2 466 286 474 296
2 327 261 351 271
3 172 303 186 352
3 936 329 952 375
3 882 331 903 370
3 806 314 815 346
3 782 319 791 332
3 791 326 799 356
6 1147 354 1232 427
2 765 310 776 326
2 801 282 809 299
3 103 297 125 319
