3 531 436 540 456
3 538 434 551 458
3 547 438 560 463
3 564 434 578 463
3 586 432 598 467
3 600 436 613 467
3 615 434 630 469
3 630 434 648 474
3 641 434 659 482
3 659 436 677 471
3 674 430 697 483
3 692 434 714 482
3 712 436 732 478
3 736 438 760 498
3 760 436 782 485
3 765 438 798 502
3 795 441 818 511
3 818 434 842 511
3 850 438 872 515
3 874 427 899 522
3 916 430 940 467
3 945 425 971 467
3 985 427 1007 471
3 1105 434 1125 460
3 1244 438 1279 483
0 466 405 532 471
7 0 394 76 549
7 446 439 494 531
7 6 340 479 707
7 881 447 1278 717
1 316 8 351 92
1 1248 130 1279 164
2 656 391 682 409
2 660 370 674 385
2 572 399 594 410
3 559 407 575 416
2 504 387 520 400
2 484 387 500 400
