1 481 221 495 249
1 632 244 641 267
1 432 275 441 298
1 473 218 484 246
2 805 240 828 255
2 816 260 830 287
2 802 258 810 281
2 1188 55 1237 109
2 1211 106 1264 193
2 1172 109 1206 170
4 670 349 690 387
8 672 313 688 364
3 758 329 767 365
3 722 332 739 367
3 693 329 705 365
2 796 304 810 318
2 784 303 797 319
3 807 341 822 389
3 822 338 844 369
7 807 347 910 462
7 957 333 1280 670
3 903 261 1006 597
7 472 321 504 353
3 291 295 334 389
3 286 299 306 362
3 245 289 269 341
3 229 295 248 344
3 211 292 232 344
3 154 279 171 319
3 85 270 117 339
3 11 260 59 335
4 0 316 110 407
4 71 332 176 399
4 111 329 202 396
4 140 332 220 393
4 165 329 239 393
4 192 332 260 390
4 205 338 289 387
3 352 298 377 396
7 335 304 429 369
7 475 252 659 461
2 412 224 463 240
2 185 186 202 206
2 353 255 375 270
