2 551 353 615 374
2 634 355 688 373
7 5 390 115 439
7 87 379 236 463
7 248 395 305 427
7 295 399 354 433
7 421 403 435 417
7 470 400 486 411
7 467 409 481 420
7 336 399 430 446
7 431 402 472 429
7 411 353 436 362
7 505 382 517 393
7 515 388 528 391
7 548 386 560 396
7 531 389 548 400
7 522 393 535 402
7 514 391 528 403
7 513 401 523 411
7 549 396 562 403
7 527 402 540 410
7 545 400 561 409
7 480 406 515 430
7 721 419 729 462
7 741 409 805 457
7 1066 419 1207 504
7 1105 419 1278 584
7 544 375 726 534
7 735 421 795 458
7 833 397 987 493
