2 208 113 281 165
2 202 203 237 214
2 180 217 235 233
2 225 226 241 240
2 221 248 238 263
2 208 265 257 283
1 221 323 243 352
1 264 331 287 353
1 442 360 453 384
1 424 392 436 402
2 329 375 342 387
7 278 409 483 482
4 342 461 394 499
4 345 467 396 499
5 574 396 606 442
3 538 421 555 474
3 563 419 578 474
3 538 421 551 472
3 508 423 518 472
3 477 424 489 475
3 468 410 477 444
3 489 416 505 476
3 520 418 537 478
3 544 418 569 488
8 414 406 433 436
3 381 416 414 511
3 316 394 375 526
3 251 390 286 517
7 172 411 249 443
3 209 402 240 492
3 188 401 214 483
3 162 393 206 525
4 189 459 280 613
3 428 407 474 528
1 837 310 849 338
1 821 310 835 338
3 1253 427 1277 522
5 910 370 1264 609
7 1140 532 1277 630
7 551 285 987 626
1 1172 258 1198 301
