7 329 340 363 377
7 284 343 337 383
7 254 347 301 389
7 543 335 560 361
7 586 300 597 311
7 588 300 600 308
7 588 304 603 313
7 592 309 611 324
7 596 311 611 324
7 597 316 616 331
7 600 323 622 338
7 584 292 595 300
7 572 299 587 309
7 542 293 556 304
7 530 293 544 301
7 608 335 622 359
7 616 335 641 358
7 631 338 658 374
7 643 335 678 382
7 668 305 764 397
7 0 362 109 428
7 192 351 273 396
7 690 311 819 406
7 521 335 553 363
5 553 323 607 374
7 1147 310 1278 429
2 189 320 205 335
2 574 268 595 277
2 805 235 830 262
2 823 264 875 278
1 558 263 569 281
