7 531 207 547 220
7 547 207 563 218
7 565 204 577 219
7 530 215 544 239
7 509 212 539 242
7 485 212 531 250
7 569 219 582 234
7 449 212 493 261
7 306 213 332 237
6 295 217 307 241
5 236 185 302 243
5 183 186 234 244
5 581 188 628 237
7 544 216 573 241
7 321 212 479 317
7 122 224 145 233
7 67 209 121 232
3 185 187 208 268
3 176 190 190 272
8 746 201 802 319
4 737 234 808 342
3 1048 213 1076 270
1 145 95 165 160
2 1126 32 1178 79
2 1117 82 1170 121
4 1092 269 1159 349
4 948 258 1006 322
4 978 264 1044 323
2 817 132 856 160
2 665 165 682 191
2 663 198 680 213
3 874 216 886 252
4 1220 210 1278 283
3 817 212 828 252
4 676 216 727 244
1 662 0 690 19
1 442 114 454 140
2 845 170 862 197
2 939 208 961 236
2 938 191 954 207
7 1052 220 1117 267
3 638 220 647 239
3 649 218 657 238
2 650 174 657 185
3 662 212 672 235
2 150 200 180 228
3 1014 208 1022 231
3 1004 205 1013 223
3 979 208 998 242
1 170 118 193 157
2 142 72 165 92
2 700 183 710 197
2 816 169 830 187
2 808 189 827 199
3 894 223 905 247
7 1013 233 1033 258
