1 1187 68 1211 135
1 1162 210 1182 238
1 602 237 615 269
1 958 308 974 326
1 702 342 713 357
1 675 346 688 362
1 477 335 500 357
1 63 171 83 214
1 618 244 629 273
1 1155 77 1182 140
2 489 310 522 340
2 1017 267 1055 297
2 803 317 824 351
2 740 342 758 356
7 411 356 581 433
3 1128 339 1157 371
3 929 365 943 397
3 920 359 930 402
3 908 359 917 397
3 888 363 901 393
7 688 365 704 377
7 704 365 718 381
7 716 365 729 383
7 725 366 750 383
7 741 370 768 384
7 670 368 686 390
7 639 359 680 402
7 727 368 852 408
7 1109 323 1277 434
2 492 279 516 291
