2 10 111 125 185
2 73 222 117 265
2 80 265 108 277
2 237 260 267 283
2 777 174 847 222
3 157 281 181 379
3 103 295 139 389
3 220 295 262 393
3 1184 256 1276 409
8 365 291 393 356
4 367 326 393 374
4 797 309 816 351
4 777 307 797 351
7 540 302 555 316
7 526 302 545 318
7 503 305 531 328
7 492 298 510 314
7 576 298 592 312
7 613 307 631 326
7 627 300 641 326
7 643 298 662 328
7 652 284 734 353
7 669 298 776 372
7 440 305 508 347
7 388 307 430 342
7 304 305 374 361
7 209 307 337 382
2 1116 130 1161 194
