1 219 195 226 213
2 829 172 864 215
2 833 133 865 176
2 525 178 556 192
2 229 194 245 209
2 84 177 111 200
2 93 200 114 217
2 340 225 357 238
2 396 221 410 228
1 379 194 388 211
3 772 246 817 359
3 921 254 964 362
3 702 259 715 314
3 652 261 673 311
3 616 262 630 305
3 557 246 576 281
3 532 248 543 278
3 522 249 532 275
3 260 244 272 267
3 35 237 65 292
7 173 254 200 275
7 123 235 177 280
7 434 246 444 254
7 429 249 442 265
7 473 248 481 265
5 385 226 425 248
5 478 214 524 255
7 480 255 491 272
7 385 245 430 270
7 347 249 411 306
7 192 261 269 310
7 265 245 374 335
7 490 250 525 280
5 444 234 473 267
7 0 252 81 376
3 1201 300 1270 393
3 845 246 884 358
