1 839 298 854 328
1 600 328 612 348
2 244 339 276 353
2 404 304 450 348
2 519 334 548 361
2 528 366 536 387
2 646 327 674 337
2 677 333 702 350
2 794 272 841 313
3 166 425 182 457
3 228 407 255 464
3 940 348 963 393
3 980 343 1011 415
1 766 368 776 376
7 757 384 769 396
7 693 365 770 433
7 795 374 845 438
2 820 324 853 363
7 759 396 807 443
7 821 339 963 462
7 964 354 992 380
7 999 343 1057 370
7 282 349 521 534
7 172 421 220 450
7 131 432 168 461
7 110 434 141 462
7 75 430 122 466
7 56 431 108 466
7 26 437 79 468
7 242 415 295 449
7 215 424 246 452
7 0 433 202 681
7 421 368 830 682
