1 275 316 304 371
1 380 403 395 435
1 509 380 521 398
1 798 378 812 395
1 436 436 446 450
1 494 435 502 447
2 197 324 234 349
2 266 375 316 406
2 276 379 307 406
2 376 439 397 454
2 340 421 347 436
2 756 385 790 396
1 108 321 125 356
1 131 310 149 354
2 33 464 60 481
2 9 476 20 495
2 106 442 115 461
2 358 449 367 469
2 456 452 481 459
2 765 399 793 419
3 64 491 74 517
3 49 500 55 525
3 27 499 37 526
3 466 474 477 492
3 836 469 848 494
3 825 464 835 494
3 818 466 825 495
3 810 464 819 486
3 808 476 820 506
3 788 461 798 487
3 336 479 345 490
7 319 482 332 492
7 300 489 312 500
7 175 486 191 504
7 161 494 181 512
7 141 495 158 509
7 81 505 110 521
7 9 500 32 519
7 236 487 245 504
7 1082 459 1127 476
7 1047 469 1102 491
7 1067 475 1150 511
7 850 451 1070 596
7 840 467 870 487
7 880 459 894 471
7 516 465 539 489
7 347 462 451 499
7 448 480 473 501
7 1056 416 1278 601
7 1079 504 1278 718
7 250 485 279 509
7 197 486 233 511
7 114 495 142 517
7 267 484 492 670
5 507 265 905 648
0 1126 341 1276 491
