2 566 292 583 302
2 771 266 783 277
2 706 270 721 278
1 647 291 657 302
1 588 292 599 303
3 812 322 832 361
3 793 320 807 360
3 781 318 795 361
2 989 171 1015 191
2 1017 189 1056 203
2 1247 232 1265 246
8 148 302 182 380
4 140 331 189 384
5 339 268 439 358
7 559 319 574 333
7 515 319 531 339
7 441 325 468 348
7 641 318 653 331
3 659 318 667 336
7 664 315 681 333
7 676 320 693 341
7 687 317 710 346
7 695 313 726 351
7 809 303 879 358
7 272 321 349 367
7 480 320 526 351
7 528 317 565 342
7 575 309 647 365
7 704 314 754 357
0 621 301 643 320
7 909 318 999 370
3 1242 314 1264 366
