2 184 167 213 202
2 589 192 604 219
2 585 224 604 230
2 599 230 616 238
2 589 243 612 249
2 572 255 587 263
2 589 251 608 259
2 837 263 854 270
2 818 280 834 293
2 860 263 877 272
2 1065 182 1088 192
1 764 232 771 247
1 754 230 762 247
1 638 240 649 255
1 651 236 661 253
1 410 217 431 224
7 747 301 763 316
7 726 299 747 314
7 688 282 728 320
7 671 297 686 312
7 658 295 675 312
7 637 289 656 312
7 610 285 643 314
7 585 280 618 314
7 564 280 601 320
7 524 280 582 320
7 274 263 428 344
7 758 297 779 316
7 781 295 800 316
7 861 285 962 344
7 933 287 1069 384
7 55 257 325 373
7 454 278 542 329
7 1035 190 1279 498
3 0 228 26 316
7 797 296 831 322
