7 387 297 400 308
7 400 298 418 318
7 383 300 395 313
7 375 301 386 314
7 367 302 379 317
7 353 302 373 320
7 339 300 356 311
7 340 305 356 322
7 317 301 341 324
7 316 305 336 325
7 420 298 430 311
7 414 301 426 311
7 431 297 443 308
7 438 301 451 318
7 445 302 458 319
7 449 302 471 319
7 307 302 320 324
7 281 300 313 325
7 273 301 297 326
7 195 294 250 341
7 143 294 211 349
7 469 292 512 336
7 461 301 484 328
7 477 300 503 337
7 488 296 523 349
7 509 296 555 364
7 522 296 596 382
7 555 302 671 419
7 607 285 924 495
7 0 260 184 554
7 861 225 1278 654
1 361 268 367 280
1 364 268 371 280
1 424 270 432 282
2 579 232 592 248
2 317 289 325 299
