2 0 116 76 139
2 601 122 652 165
2 677 147 763 171
2 650 252 661 265
2 620 271 642 281
2 741 236 768 262
2 822 208 865 227
2 174 205 230 232
1 151 49 180 106
1 563 118 578 158
1 611 267 617 278
1 180 54 205 107
1 842 249 881 277
1 657 294 666 306
1 512 288 521 303
1 668 293 683 306
1 554 279 562 294
2 640 296 649 310
3 805 304 821 358
3 896 313 916 370
5 138 229 340 360
5 349 267 428 339
5 425 266 498 336
5 588 276 635 341
5 503 302 535 330
5 687 258 792 373
7 572 313 587 323
7 538 300 579 332
7 634 313 647 336
7 634 313 657 338
7 647 308 688 344
7 284 290 383 356
7 536 312 570 337
7 1184 322 1278 410
