7 94 329 217 394
7 403 296 589 379
7 780 302 892 398
7 851 285 1027 448
7 944 197 1279 545
7 0 326 138 464
1 241 268 259 290
1 215 268 244 290
1 672 209 688 234
1 661 207 676 236
1 598 302 607 315
1 593 302 602 315
2 581 305 600 315
1 435 188 448 222
1 391 298 406 313
1 449 192 466 222
2 928 217 965 232
2 234 174 280 192
2 242 197 261 216
2 227 214 258 228
2 77 278 96 309
2 785 265 810 277
1 805 285 823 304
1 798 287 810 302
2 799 256 817 264
2 1200 0 1279 89
7 182 323 342 417
7 570 266 801 470
