7 2 403 83 432
7 83 403 112 417
7 177 385 226 413
7 271 377 312 396
7 274 395 320 413
7 320 391 368 416
7 320 372 343 391
5 348 358 394 385
7 408 357 433 372
7 438 352 466 363
7 482 346 498 358
7 492 350 510 361
7 508 343 520 352
7 523 342 539 352
7 541 339 553 352
7 563 334 570 345
7 568 336 580 346
7 581 332 591 340
0 510 335 537 347
2 454 280 501 325
2 563 297 591 314
2 592 295 620 313
2 619 297 634 310
0 616 328 641 348
7 646 328 663 342
7 652 332 674 351
7 665 343 678 363
2 647 288 667 310
2 673 288 695 308
0 665 282 831 435
7 585 350 604 364
7 593 334 603 343
7 605 329 615 340
