2 104 405 130 410
2 99 407 126 418
2 108 416 122 429
2 106 425 121 440
2 508 410 531 421
2 557 396 574 412
2 564 414 579 429
2 550 412 564 423
2 625 430 638 452
2 751 449 782 495
2 425 383 446 399
7 395 455 411 466
7 406 457 422 473
7 398 460 413 473
7 417 457 431 475
7 428 457 442 480
7 378 451 393 468
7 364 451 380 471
7 353 453 367 475
7 342 453 354 479
7 309 449 340 484
7 565 462 666 502
7 271 457 317 491
7 433 455 471 484
7 469 461 519 502
7 515 452 548 465
7 517 461 552 474
7 473 461 559 507
7 746 441 1182 716
7 1057 365 1279 719
