1 650 329 664 351
1 406 348 412 363
1 523 385 531 398
1 611 376 616 388
1 580 393 586 407
1 663 330 671 351
1 413 349 421 365
1 274 324 283 351
1 97 366 103 388
1 61 354 73 374
1 772 369 782 385
1 749 377 760 391
1 86 417 98 427
2 89 401 108 407
2 78 393 95 401
2 268 366 294 369
2 399 376 421 395
2 402 363 420 373
2 735 351 747 366
2 735 368 750 376
2 766 357 782 363
2 760 321 785 341
2 730 327 747 344
7 595 404 608 420
7 606 406 625 417
7 622 409 633 424
7 638 406 655 421
7 650 402 667 424
7 666 402 703 429
7 493 410 518 421
7 526 402 550 423
7 542 406 591 440
7 214 393 428 522
7 724 401 757 445
7 747 393 804 448
7 788 391 885 460
7 857 388 1034 482
7 1136 352 1277 551
7 117 420 213 462
3 70 437 86 462
3 40 438 58 467
7 446 410 484 426
