7 177 407 260 431
7 99 411 209 465
7 417 402 503 431
7 474 410 532 443
7 598 430 653 482
7 518 414 621 497
7 497 430 615 523
7 673 416 800 548
7 727 286 1276 591
3 0 358 58 459
3 664 422 681 461
2 116 306 136 324
2 120 264 176 287
2 117 229 148 243
2 125 211 154 231
2 131 157 153 209
2 296 292 335 304
2 313 312 353 326
2 615 368 639 388
2 595 402 609 414
2 786 249 826 283
2 837 260 950 289
2 998 290 1033 310
2 987 202 1056 263
1 301 368 321 382
1 349 329 362 359
1 506 258 520 295
1 717 249 731 284
1 699 251 716 286
1 792 352 803 367
1 711 339 724 356
1 609 339 621 361
3 349 410 373 456
