7 0 233 17 263
7 1115 266 1278 432
7 718 262 775 299
7 943 278 1029 323
7 652 254 673 271
7 387 239 418 254
7 439 239 466 257
5 204 217 299 272
7 188 227 227 257
7 499 248 532 266
7 478 242 505 263
7 550 250 570 262
7 522 245 538 257
7 767 260 790 284
7 788 260 800 278
7 580 250 600 260
7 594 248 612 257
7 604 251 622 257
5 561 233 583 251
5 597 238 612 251
5 622 242 633 254
5 746 247 763 260
7 673 251 688 265
7 697 251 707 263
7 709 251 722 263
2 935 247 952 254
2 935 254 950 260
2 739 226 767 239
