7 638 419 649 433
7 645 418 660 434
7 650 422 661 436
7 656 421 667 438
7 664 413 688 440
7 673 417 699 442
7 692 406 738 449
7 582 415 592 425
7 557 417 568 425
7 719 413 760 458
7 741 411 812 463
7 493 417 506 431
7 490 418 503 440
7 467 415 495 442
7 448 418 472 443
7 807 414 897 488
7 869 375 1028 511
7 1087 413 1239 467
7 1229 434 1277 464
7 948 417 1222 564
7 1212 458 1278 640
7 495 417 555 457
7 579 413 640 463
7 564 415 582 424
7 629 412 645 431
7 406 415 452 449
7 136 373 401 539
2 1134 264 1169 292
2 1103 267 1129 279
2 1111 228 1152 265
