1 549 252 556 278
1 556 250 566 272
1 713 305 731 319
2 501 318 516 331
2 591 254 643 264
2 698 294 716 301
2 709 281 731 288
2 734 263 771 293
1 615 301 628 324
2 437 319 460 326
3 506 346 515 365
3 499 346 504 360
3 772 336 778 354
3 761 335 773 375
3 699 341 703 358
3 706 345 713 360
3 690 346 697 356
3 723 341 734 361
3 732 340 741 363
7 882 345 925 383
3 919 333 935 366
7 334 349 361 361
7 369 346 381 361
7 380 348 409 376
7 409 346 421 371
7 419 351 431 373
7 430 351 451 373
7 447 346 469 374
7 461 350 506 381
7 489 319 704 486
7 900 222 1278 560
7 1186 378 1277 581
3 837 326 860 394
2 843 298 855 308
