1 1014 238 1038 256
1 768 267 779 278
1 762 102 812 119
1 550 122 600 142
1 124 258 144 283
1 353 220 369 244
1 777 271 788 280
1 802 271 812 282
1 315 213 331 224
2 78 280 102 307
2 124 283 138 292
2 150 271 159 283
2 1148 129 1220 209
2 1019 159 1056 183
2 1024 192 1053 220
2 137 286 150 304
2 60 321 74 333
2 59 331 76 350
2 885 242 902 263
2 1087 214 1098 231
3 1226 272 1257 313
3 1060 267 1074 284
3 1019 269 1031 282
3 1028 271 1045 285
3 985 271 1001 283
3 1266 272 1278 307
2 341 212 356 226
2 517 263 533 275
8 579 266 665 384
8 1138 234 1223 381
4 584 324 667 415
4 1139 294 1222 378
7 71 336 107 355
7 262 284 317 331
7 767 279 893 336
7 1051 279 1155 326
7 1222 269 1277 304
7 787 276 1171 500
7 584 258 768 354
7 50 288 304 448
7 1085 343 1277 657
7 245 250 636 598
7 436 264 514 284
7 19 111 83 135
7 85 83 230 130
7 488 35 656 83
2 970 53 1030 113
