1 143 375 169 386
1 263 318 275 333
1 427 379 440 390
1 273 316 283 335
1 474 358 482 371
1 598 355 607 368
1 676 396 693 408
2 563 385 578 394
2 615 362 644 370
2 658 385 671 390
2 652 390 664 397
2 468 373 486 387
2 469 388 483 396
7 546 417 563 425
7 531 417 543 428
7 520 416 535 434
7 453 413 476 425
7 474 414 489 425
7 434 414 451 425
7 390 410 416 424
7 180 397 197 411
7 0 399 27 417
7 107 402 195 433
7 0 408 73 437
7 191 410 270 451
7 301 404 330 424
7 269 408 303 427
7 563 416 577 431
7 488 414 525 445
7 546 424 561 436
2 1196 296 1240 371
7 696 415 780 482
7 737 420 872 502
5 861 398 1178 563
7 1155 403 1277 632
