7 85 325 202 386
7 974 330 1068 391
7 1044 330 1172 404
7 0 324 98 401
7 381 324 404 340
7 608 313 622 324
0 558 311 593 323
0 470 305 492 335
7 569 315 589 324
7 560 324 581 339
7 477 315 520 345
7 667 315 680 326
7 655 317 668 326
7 614 318 639 332
5 411 292 471 359
7 312 323 389 366
7 505 315 563 355
7 578 312 617 344
5 704 307 732 319
7 704 320 738 340
7 752 316 764 327
7 736 314 752 329
7 808 321 823 341
7 817 317 852 342
7 833 321 858 348
7 761 320 800 348
7 845 316 897 356
7 1130 309 1280 432
1 661 285 670 297
1 766 282 778 294
2 823 277 836 288
2 620 269 631 284
2 619 286 629 296
2 1095 303 1110 319
