7 51 256 217 332
7 0 248 69 299
7 253 258 278 278
7 222 259 252 283
7 765 260 804 284
7 750 264 762 280
7 735 266 748 282
7 709 264 732 280
7 562 264 575 288
7 490 259 512 280
7 452 260 470 280
7 438 262 454 280
7 278 265 299 281
7 377 268 403 280
7 295 258 361 302
7 402 262 440 288
7 464 260 494 284
7 535 262 568 291
7 605 262 637 278
7 1161 250 1242 308
7 1220 244 1279 280
7 1230 264 1278 314
7 775 213 1216 482
0 573 247 609 286
1 459 222 463 232
1 436 239 442 246
1 571 226 575 236
7 508 267 517 280
2 30 182 53 227
7 59 253 104 280
2 446 251 453 262
