1 578 214 592 244
1 312 294 320 319
1 274 116 297 162
1 143 196 156 230
1 179 216 191 251
1 212 288 226 310
1 807 187 821 216
1 865 187 877 225
1 707 281 715 302
3 762 320 774 357
3 805 316 821 362
3 263 342 274 374
3 248 343 259 379
3 223 340 239 374
7 199 347 231 362
7 177 337 205 359
7 156 343 182 366
7 79 339 148 370
7 36 342 125 386
1 51 261 60 288
1 24 304 45 322
7 404 334 424 353
7 381 337 414 368
7 516 331 533 353
7 504 333 526 359
7 564 328 579 343
7 575 331 592 343
5 579 313 644 370
5 460 325 504 359
7 414 334 478 376
7 320 337 391 377
7 535 331 567 362
7 630 334 704 399
7 870 313 926 356
7 814 316 882 359
2 613 532 626 534
2 1145 250 1200 311
