6 673 383 728 468
8 676 338 732 448
1 697 330 705 341
1 275 327 287 340
1 804 312 816 339
1 792 312 803 336
1 253 301 267 332
2 139 324 165 345
7 481 373 490 385
7 473 374 482 389
7 462 373 478 389
7 456 374 465 391
7 447 372 461 394
7 435 369 452 391
7 418 371 438 400
7 585 364 595 375
7 591 364 605 381
7 600 362 612 383
7 600 367 625 383
7 593 373 653 407
7 634 375 689 425
7 721 361 775 420
7 286 373 353 411
7 264 378 303 420
7 173 362 267 430
7 55 373 196 450
7 518 370 532 392
5 493 356 516 377
7 490 373 522 403
7 379 377 421 406
7 522 357 594 425
7 845 353 1014 466
7 955 355 1232 500
7 0 379 76 459
7 785 373 862 408
