1 399 256 406 272
1 425 261 435 276
1 404 258 415 273
1 499 256 511 269
2 558 251 572 264
2 820 37 879 84
2 833 102 872 182
2 842 182 872 204
1 441 258 447 275
3 383 295 391 308
7 356 296 371 310
7 344 302 364 318
3 345 300 357 325
7 437 281 452 291
7 421 281 431 295
7 413 283 426 296
7 410 293 425 303
7 403 300 421 315
7 433 293 450 307
7 453 276 465 290
7 504 273 518 283
7 511 283 524 296
7 492 298 506 313
7 499 302 512 315
7 506 300 523 322
7 519 293 538 325
7 533 275 582 334
5 467 280 485 302
5 487 278 507 298
7 453 293 489 322
7 573 283 688 379
1 342 258 350 275
