7 30 353 104 389
7 129 353 150 381
7 145 356 192 386
7 189 363 238 395
7 235 363 287 376
7 238 370 307 389
7 290 368 339 389
7 260 376 317 395
7 446 383 478 424
7 393 376 452 427
7 599 374 611 387
7 609 379 624 390
7 613 387 629 407
7 557 386 571 400
7 555 389 570 403
7 547 389 567 406
7 541 387 560 407
7 532 390 551 407
7 509 389 542 409
7 634 387 655 406
7 640 391 660 410
7 648 391 668 419
7 658 394 681 425
7 670 396 689 419
7 670 391 706 426
7 690 386 714 433
7 697 376 773 437
7 714 390 772 446
7 743 374 852 465
7 797 370 974 492
7 874 374 1235 575
7 330 384 422 436
7 498 390 529 416
7 597 394 624 414
7 588 380 604 391
7 0 345 58 388
7 1161 405 1278 576
