1 607 148 624 196
1 1176 152 1193 187
1 422 272 438 293
1 633 147 649 185
1 1181 246 1200 268
2 403 229 435 243
2 462 185 538 206
2 413 175 445 211
2 572 142 604 187
2 1059 239 1076 260
1 118 263 143 288
3 165 317 204 401
3 266 300 292 369
3 325 305 354 374
3 361 307 379 374
3 433 309 454 373
3 428 307 445 366
3 1151 288 1171 354
3 1162 292 1188 361
3 1188 282 1208 312
3 1188 287 1216 361
3 1205 287 1233 364
3 1242 288 1279 368
3 484 304 501 331
3 671 300 688 342
3 678 302 690 327
2 950 270 978 280
2 823 270 845 282
7 975 299 990 312
7 1017 297 1056 332
7 948 300 985 326
7 881 300 899 317
7 867 300 881 320
7 840 300 869 324
7 808 299 847 327
5 769 280 820 314
7 746 300 773 317
7 903 297 928 314
7 930 297 953 312
7 975 300 1036 346
7 1054 300 1147 368
7 759 305 813 337
7 690 297 759 346
7 573 310 654 358
7 0 347 25 398
3 534 314 550 330
2 417 243 457 270
