1 35 10 66 74
1 461 113 480 160
1 626 286 656 311
1 0 2 32 67
1 435 110 459 159
2 608 242 646 258
2 615 262 629 286
2 635 222 665 235
7 287 343 301 354
7 278 342 288 355
7 271 344 281 355
7 262 341 274 355
7 258 342 267 355
7 250 338 260 356
7 244 336 255 355
7 236 335 249 355
7 224 329 242 356
7 218 331 230 355
7 208 326 226 353
7 199 335 218 356
7 177 321 200 356
7 138 319 184 358
7 107 326 166 365
7 0 301 88 377
7 348 328 421 387
7 332 344 346 357
7 587 258 1279 713
3 541 323 567 392
7 0 416 39 585
