2 353 254 392 262
2 661 209 715 221
2 775 236 798 265
2 768 220 795 226
2 856 131 916 197
2 751 254 771 260
2 742 259 762 272
2 0 301 17 319
1 413 247 423 265
1 326 262 333 296
1 626 206 636 233
1 154 292 178 308
1 401 248 408 265
1 638 206 648 233
1 769 265 799 289
1 1158 236 1165 257
7 106 333 151 359
7 148 326 200 359
7 617 301 641 323
7 597 299 624 324
7 525 298 572 350
7 492 305 509 327
7 503 308 530 338
7 882 292 927 313
7 932 286 948 305
7 944 290 971 307
7 971 284 1014 305
7 1201 278 1279 337
7 299 303 399 365
7 380 296 506 374
7 534 305 626 371
7 630 277 765 401
7 0 387 180 716
3 1 322 11 369
7 178 313 275 374
3 845 290 849 317
3 837 292 842 319
