2 363 171 380 216
2 789 1 830 29
2 816 47 842 86
1 525 235 538 241
1 594 224 601 237
1 469 241 478 256
7 578 260 604 284
7 561 263 576 281
7 556 262 572 287
7 535 261 563 290
7 501 261 559 303
7 479 251 506 290
7 443 257 493 300
7 410 265 463 310
7 349 266 435 321
7 217 253 357 339
7 70 271 225 352
7 42 262 112 326
7 0 257 66 352
7 604 266 618 276
7 634 251 667 291
0 664 155 827 317
3 783 236 817 327
3 821 229 833 275
3 831 234 845 280
3 839 232 858 272
3 855 231 876 263
3 876 222 897 267
3 890 226 911 270
3 917 218 947 272
3 909 223 937 272
3 939 224 964 273
3 960 216 978 271
3 968 216 994 303
3 994 208 1029 299
3 1024 213 1046 267
3 1035 208 1074 309
3 1068 204 1090 273
3 1078 205 1102 263
3 1099 204 1120 266
3 1105 201 1121 311
3 1110 202 1141 293
3 1124 208 1146 291
3 1109 206 1137 294
3 1138 194 1179 273
3 1180 214 1207 271
3 1188 191 1241 272
3 1216 189 1279 295
