1 1 209 13 232
1 17 211 32 231
1 547 92 561 131
2 811 180 848 193
3 140 234 192 355
3 1051 263 1079 332
7 1121 267 1279 348
7 289 269 314 294
7 298 267 342 303
7 321 263 360 301
7 345 267 386 298
7 380 264 405 292
7 395 261 423 289
7 416 259 446 284
7 602 256 615 270
7 606 261 621 274
7 617 258 627 279
7 626 259 635 282
7 633 262 644 285
7 639 262 673 290
7 563 254 577 261
7 578 252 593 261
7 777 282 822 313
7 528 251 542 260
7 521 255 533 264
3 584 257 594 276
3 570 258 580 279
7 482 258 499 271
7 464 257 485 272
7 678 268 747 319
1 574 223 577 231
1 519 218 525 229
1 578 223 584 231
1 512 216 521 229
1 841 202 862 228
