1 823 217 848 241
2 817 162 869 176
2 782 165 800 180
2 779 94 825 133
2 783 42 828 70
2 786 1 835 16
1 577 10 604 58
1 615 4 633 64
1 12 87 30 131
1 29 217 47 238
2 6 183 23 200
1 0 212 23 243
7 325 283 345 311
7 340 277 407 329
2 317 253 329 260
2 438 231 444 247
3 853 263 883 349
3 974 263 1004 345
3 998 263 1026 337
3 1058 298 1095 346
3 1188 265 1216 350
3 1236 263 1277 368
3 102 288 134 307
7 408 289 421 300
7 428 289 441 300
7 452 286 472 304
7 493 272 503 286
3 582 278 597 318
3 604 276 617 319
3 619 275 631 314
