2 909 202 945 214
2 896 215 907 224
2 900 223 918 229
2 913 218 928 224
2 690 274 699 288
2 693 287 708 295
2 580 286 588 295
2 290 289 325 301
2 370 275 396 283
2 433 294 447 308
2 201 260 229 286
2 614 285 624 302
2 608 310 619 317
2 633 279 649 300
3 710 319 727 361
3 664 323 672 342
3 371 331 381 368
3 380 330 394 357
1 492 222 502 244
1 681 228 691 249
1 669 228 682 248
1 771 290 787 303
7 474 321 496 337
7 544 321 553 329
7 531 319 547 326
7 523 322 534 332
7 503 324 531 347
7 551 323 561 329
7 557 324 568 335
7 560 324 578 339
7 572 321 597 344
7 591 323 618 351
7 598 325 664 381
7 526 328 563 358
5 855 189 1177 412
