1 740 243 751 262
1 793 252 805 279
1 642 255 652 274
1 567 255 576 270
1 592 277 601 291
1 639 294 649 307
1 558 255 568 267
1 92 93 114 127
1 200 178 215 204
2 206 225 239 235
2 263 255 293 265
1 315 249 326 268
2 451 270 471 280
2 352 225 381 262
2 504 285 519 294
2 673 264 706 271
2 733 261 757 271
2 802 211 838 247
3 862 328 878 374
3 1053 319 1133 506
3 959 291 1056 565
7 110 297 134 321
7 125 304 177 324
7 323 294 370 318
7 775 326 793 338
7 694 325 787 368
7 685 326 706 338
5 691 318 713 337
7 475 310 505 329
7 550 300 643 385
7 414 307 484 355
7 261 298 346 344
7 0 288 74 340
