7 0 291 347 683
7 253 384 476 570
4 454 431 589 494
3 496 349 553 499
7 408 364 536 482
1 135 210 158 254
1 160 209 174 241
1 177 204 189 240
7 552 357 644 428
7 651 438 653 455
7 541 391 1044 664
7 616 357 793 415
7 179 372 249 428
7 720 342 845 403
7 800 366 951 404
7 894 388 1225 610
7 1093 499 1277 690
1 611 101 622 153
1 585 109 604 178
2 833 254 876 288
2 833 222 870 241
2 837 307 872 340
2 882 308 894 340
2 1012 296 1034 320
2 1016 320 1041 332
7 953 347 1063 399
7 957 329 1103 377
1 1098 259 1171 303
2 1065 278 1088 303
2 1066 318 1090 334
1 752 275 762 298
2 705 264 729 307
2 1206 244 1262 278
2 1058 151 1097 182
2 1081 11 1120 96
1 633 109 658 138
2 1083 116 1167 133
2 1103 216 1145 247
