3 305 381 331 459
3 746 394 763 450
7 454 397 487 437
7 481 408 498 437
7 598 407 632 437
7 629 405 667 423
7 496 405 511 420
7 712 407 724 431
7 766 401 798 436
7 781 398 903 440
7 1013 386 1181 475
7 1163 353 1278 506
7 386 388 465 443
7 366 410 385 427
2 411 342 428 347
2 664 362 684 382
2 734 385 745 396
2 829 369 838 377
2 926 402 935 414
2 862 401 870 413
2 682 387 688 405
2 424 361 440 379
2 405 306 424 336
2 395 308 408 334
7 539 397 606 444
2 632 238 652 252
3 378 381 382 397
3 369 384 378 408
