7 118 248 366 431
0 425 0 905 431
7 341 268 390 310
7 366 263 425 318
1 288 144 298 173
1 238 232 247 247
1 316 230 326 244
1 142 193 150 215
1 1210 223 1220 244
1 406 237 421 250
1 379 237 391 247
1 32 67 53 103
1 62 104 76 131
2 265 152 278 168
3 1 238 26 284
3 32 238 61 333
3 56 240 77 336
3 74 254 98 330
3 69 232 87 267
3 87 242 101 320
3 102 247 112 311
3 112 245 124 298
3 123 242 140 320
3 136 250 157 304
3 1251 252 1278 391
3 1236 260 1272 394
3 1237 268 1250 316
3 1235 291 1250 344
3 1219 298 1235 376
3 1189 295 1221 376
3 1175 311 1191 371
3 1164 315 1177 371
3 1140 262 1175 376
3 1111 273 1142 371
3 1079 280 1110 371
3 1080 281 1090 301
3 1051 281 1080 370
3 1020 268 1054 364
3 1000 268 1026 344
3 983 268 1043 360
3 990 268 1003 305
3 959 269 998 360
3 965 272 980 323
3 948 265 970 346
3 918 265 954 345
3 898 285 913 338
3 899 288 947 350
2 386 208 398 219
2 106 183 122 205
