2 357 221 387 238
2 564 231 616 286
2 357 231 413 287
2 770 248 817 290
2 1124 255 1172 302
2 665 295 684 313
2 437 290 463 306
2 401 291 425 306
2 382 291 405 306
2 348 293 374 304
2 331 293 346 306
2 292 279 326 308
2 606 290 623 314
2 896 312 907 328
7 732 294 751 310
7 567 301 591 317
7 550 310 575 328
7 393 316 420 335
1 837 301 849 314
1 923 304 938 314
1 1145 234 1160 250
1 942 301 958 314
2 1215 236 1250 262
2 707 272 747 291
2 692 266 710 294
2 419 231 503 288
7 334 312 380 335
7 289 312 322 333
7 419 308 460 329
7 21 293 52 310
7 128 301 189 321
7 209 304 270 327
7 55 296 99 321
