2 825 137 859 158
2 629 196 644 209
7 341 272 352 290
7 332 270 346 288
7 324 275 341 293
7 310 272 337 307
7 266 270 324 314
7 288 280 314 322
7 273 280 303 322
7 224 280 288 342
7 233 290 280 359
7 211 290 271 374
7 84 280 248 408
7 411 266 430 287
7 422 272 440 290
7 432 266 449 292
7 438 261 459 295
7 449 268 474 300
7 459 273 482 305
7 469 272 496 307
7 489 268 540 314
7 523 280 570 332
7 555 266 627 344
7 783 287 881 363
7 354 266 371 293
7 357 260 420 327
7 548 229 822 466
7 0 293 195 477
7 822 241 1279 506
6 0 369 84 516
6 0 455 37 550
7 1194 401 1279 585
