7 765 225 1279 511
5 0 195 259 347
7 467 250 521 297
7 583 252 671 318
7 516 255 542 274
7 575 252 600 270
7 564 255 579 269
7 540 255 559 271
7 231 228 318 316
7 311 245 368 299
7 356 252 387 292
7 378 254 397 288
7 387 252 405 280
7 393 248 416 283
7 409 248 428 281
7 425 248 442 271
7 439 249 449 269
7 446 245 459 268
7 457 250 469 262
1 189 144 204 171
1 691 60 708 111
1 863 185 874 218
2 832 138 892 157
2 678 225 686 242
7 786 271 840 296
7 761 265 820 296
2 213 150 234 173
2 212 176 235 216
2 1051 200 1086 216
