2 910 420 931 437
1 488 415 499 433
1 499 415 508 433
1 675 424 682 440
1 669 424 675 442
1 662 424 671 440
1 740 470 756 483
7 507 487 525 509
7 519 485 564 520
7 384 494 406 509
7 658 483 679 493
7 666 485 691 502
7 666 491 700 521
7 745 493 780 528
7 767 487 832 538
7 799 493 873 550
7 936 474 1043 509
7 852 485 1001 577
7 968 475 1225 616
7 387 496 430 537
7 352 496 393 532
7 281 496 356 543
7 217 494 289 555
7 420 465 513 542
7 557 464 671 583
7 687 490 751 542
7 0 477 226 621
7 1160 512 1278 717
