2 826 2 901 57
2 717 163 748 189
2 160 220 181 231
2 169 229 187 246
2 270 192 284 211
2 574 228 588 247
2 617 241 631 257
2 663 240 679 260
2 740 243 757 258
1 248 224 259 250
1 307 196 319 216
1 294 196 308 214
1 519 204 528 216
1 159 245 176 259
1 241 250 254 264
1 290 198 300 219
1 514 202 522 219
1 523 204 532 218
1 741 239 769 257
7 446 262 463 271
7 483 257 497 268
7 483 265 503 281
7 465 261 486 281
7 428 262 459 279
5 383 239 433 291
7 365 268 390 290
7 333 267 368 293
7 291 268 337 297
7 575 251 597 265
7 560 262 575 288
7 497 251 519 300
7 509 239 565 308
7 744 262 760 282
7 750 259 787 287
7 750 261 832 290
7 710 259 727 282
7 720 265 744 282
7 637 261 684 284
7 658 257 727 288
7 571 259 598 279
7 1174 247 1278 337
7 0 252 301 478
3 253 267 268 296
3 245 267 259 295
3 238 270 251 295
3 224 269 236 282
3 588 262 597 279
3 580 264 591 282
3 680 256 698 304
3 809 255 823 290
