3 1 309 54 603
3 12 297 106 580
3 173 318 290 601
3 270 328 330 533
3 295 332 396 527
3 412 382 428 419
3 414 363 466 451
3 445 361 498 452
3 482 370 506 445
3 494 312 578 540
3 611 382 627 424
3 620 367 646 451
3 632 298 709 524
3 489 307 613 548
3 632 298 704 534
3 702 360 749 456
3 746 316 867 561
3 863 374 903 456
3 910 368 940 459
3 933 370 978 459
3 956 374 987 459
3 1034 377 1057 452
3 1040 382 1068 452
3 1059 379 1082 438
3 973 326 1082 541
0 0 263 257 463
0 699 349 773 426
7 586 389 612 417
2 194 247 239 263
2 1005 216 1048 244
2 1008 254 1052 275
1 1012 277 1033 289
1 484 210 498 241
1 886 165 905 209
1 860 166 881 211
1 1041 322 1066 349
