1 361 240 372 278
1 883 111 902 170
1 113 369 133 390
1 925 381 945 395
1 341 243 355 276
1 374 249 381 287
1 834 106 860 169
1 902 123 919 174
2 214 344 234 369
2 202 369 219 398
2 220 367 235 396
2 117 322 151 333
2 149 289 254 310
2 306 249 331 279
2 275 252 295 289
2 248 264 272 298
2 925 94 982 166
2 1204 80 1278 118
2 1178 81 1266 147
3 128 419 145 479
3 97 418 110 465
7 0 427 82 505
7 662 421 788 470
7 563 361 662 465
3 890 412 908 448
4 988 424 1022 445
8 993 401 1009 438
7 1221 399 1280 458
5 1020 382 1257 471
7 176 367 718 719
7 242 419 294 474
3 909 409 923 452
3 931 408 947 451
3 180 420 199 478
