7 1088 353 1279 673
7 957 364 1156 514
7 740 380 843 469
7 678 394 735 440
7 723 384 750 415
5 0 0 632 586
2 870 269 911 289
1 882 291 889 312
7 636 358 656 373
7 613 364 634 376
7 606 373 634 398
7 596 365 618 384
7 658 356 673 373
1 662 331 675 360
7 676 354 698 368
7 696 354 711 364
7 756 343 775 355
7 788 335 802 343
7 778 339 805 352
7 813 332 830 350
7 814 335 841 357
7 816 342 841 360
7 823 344 846 364
7 828 351 858 374
7 781 351 815 378
7 746 349 771 366
7 738 359 767 385
3 869 334 878 350
3 901 334 912 358
3 1043 337 1067 363
3 1029 337 1042 351
1 1016 319 1039 338
2 900 317 920 325
2 893 323 921 332
7 1108 336 1184 369
2 637 402 666 429
