7 216 220 352 364
3 263 296 304 358
3 395 304 419 339
7 431 303 460 335
7 479 301 502 322
7 493 300 557 359
7 546 303 584 336
7 595 306 644 344
7 636 304 663 326
1 522 211 537 229
1 708 214 727 238
3 826 286 863 332
4 828 321 860 361
3 858 301 874 339
7 872 303 972 361
7 938 296 1087 382
2 998 241 1013 269
2 920 252 952 258
7 453 293 468 307
7 468 295 480 309
7 480 300 499 321
1 480 275 493 290
1 505 277 514 290
3 1024 280 1042 306
2 372 264 399 273
2 356 246 381 254
3 800 296 819 338
3 751 300 768 327
3 676 303 689 330
2 823 205 848 238
