7 133 351 190 366
7 119 352 145 369
7 69 350 129 374
7 0 357 45 383
1 230 288 241 300
7 308 339 335 352
7 271 345 293 356
7 340 339 364 350
7 455 318 465 332
7 437 317 448 329
7 425 315 433 329
2 561 281 602 293
2 526 288 639 303
2 666 242 681 268
2 754 271 781 283
2 494 296 512 310
7 558 317 572 330
7 563 323 573 337
7 570 320 582 339
7 604 318 617 334
7 610 320 626 334
7 620 318 634 342
7 627 318 666 347
7 511 318 541 347
7 482 325 511 347
7 664 278 811 401
7 394 325 420 364
7 394 327 469 376
7 526 314 537 320
7 539 313 545 321
