1 181 299 198 331
1 226 293 239 322
2 205 293 226 304
2 52 275 110 303
2 60 309 97 334
2 547 342 559 354
1 484 288 492 314
1 559 277 570 309
1 372 275 385 302
1 332 282 345 310
7 0 394 53 437
7 523 388 543 403
7 506 388 524 403
7 479 384 510 405
7 444 383 483 407
7 427 381 456 402
7 393 383 439 409
7 383 389 399 408
7 674 382 688 392
7 350 389 372 410
7 279 395 303 416
7 180 390 225 418
7 100 392 134 403
7 54 392 106 409
7 292 387 356 415
7 204 386 282 422
7 102 393 193 429
7 14 396 97 437
7 542 343 645 439
