7 336 352 370 382
7 350 344 370 355
7 316 346 352 371
7 277 336 291 352
7 262 336 278 353
7 246 345 269 357
7 230 349 248 358
7 192 350 228 361
7 225 344 246 349
7 161 344 206 358
7 157 338 180 344
7 239 332 249 341
7 296 340 315 355
7 226 327 237 340
7 230 338 246 343
7 208 330 216 340
7 168 330 178 337
7 158 332 166 337
7 208 331 215 339
7 156 320 166 329
7 158 322 166 330
7 95 340 155 360
0 105 313 159 343
0 181 329 208 346
7 491 345 546 392
7 347 346 457 423
7 1161 370 1193 380
7 1227 370 1255 382
7 198 316 207 323
7 0 296 135 464
