7 1 364 277 595
5 984 1 1279 683
7 625 404 668 434
7 797 413 817 437
7 954 406 1019 467
3 943 401 959 448
3 915 409 927 438
7 668 401 820 519
1 550 218 568 254
1 843 215 859 252
1 904 310 914 332
1 299 352 328 373
1 911 371 931 386
1 542 220 552 253
1 565 221 577 254
1 828 218 845 255
2 1034 204 1107 247
2 923 218 1033 237
2 899 349 911 355
2 446 243 520 270
2 390 271 410 292
2 316 335 348 346
2 319 267 352 288
2 556 371 571 388
2 611 388 624 400
2 836 374 843 383
3 419 387 442 440
3 401 396 417 439
2 294 314 326 328
2 829 363 841 374
