2 972 258 1037 294
2 963 297 1047 334
2 841 316 858 335
2 836 338 853 349
2 670 345 687 361
2 610 313 638 339
2 422 290 464 318
2 360 276 408 315
7 371 356 389 371
7 284 357 313 374
7 232 358 257 375
7 383 353 444 398
7 561 354 584 389
7 824 361 842 375
7 840 363 856 371
7 862 363 873 376
7 873 361 884 370
7 885 359 903 374
7 907 360 918 372
7 922 365 940 374
7 945 361 964 372
7 964 359 979 372
7 982 361 999 376
7 1002 363 1010 376
7 1015 356 1039 372
7 1037 357 1057 371
7 1060 358 1075 372
7 1071 356 1093 370
7 1098 357 1117 372
7 1116 360 1132 370
7 1142 360 1168 377
7 1186 359 1220 376
7 1228 361 1264 379
7 579 344 634 395
7 175 351 232 376
7 434 326 570 432
