2 403 274 415 289
2 430 281 441 287
2 430 286 444 296
2 414 263 434 274
2 373 191 401 227
2 381 228 406 251
2 649 252 664 272
2 649 238 665 247
2 645 241 660 252
2 468 279 480 289
2 781 259 802 270
2 604 272 617 282
2 1191 69 1235 109
2 1216 109 1251 142
2 1183 118 1211 131
7 540 297 559 320
7 635 291 658 321
7 666 297 690 314
7 620 301 649 322
7 609 298 628 323
7 725 287 762 316
7 776 282 816 323
7 782 268 925 366
7 443 301 469 316
7 407 299 442 321
7 224 308 258 334
7 101 309 150 352
7 125 302 238 364
7 311 311 343 329
7 250 299 309 338
7 512 298 548 327
7 466 291 512 333
7 558 294 620 339
7 676 297 736 338
7 880 264 1092 384
7 0 314 31 369
