7 1 361 99 415
7 1090 259 1277 538
7 815 261 1218 465
7 825 268 918 326
7 942 230 1040 264
7 1028 215 1131 263
7 271 339 340 377
7 404 279 565 420
7 593 327 636 353
7 325 348 363 373
7 578 336 596 358
7 560 345 575 358
7 366 355 383 373
7 382 359 396 376
7 389 356 405 375
1 226 278 235 306
1 216 316 228 327
1 400 176 413 213
1 663 248 673 273
1 665 282 681 295
2 1048 79 1083 101
2 1039 113 1074 152
2 861 160 912 210
2 794 257 829 268
1 94 276 107 302
1 1025 167 1050 188
1 1061 160 1084 188
3 768 280 791 337
2 64 201 83 227
