1 595 250 604 260
1 502 248 508 260
2 37 168 80 182
2 939 174 957 186
2 939 190 969 200
2 649 258 662 272
8 504 269 515 282
4 504 277 514 291
7 531 269 542 279
7 519 274 531 283
7 508 273 520 286
7 596 273 608 285
7 605 270 628 290
7 617 273 640 293
7 632 278 661 298
7 657 273 701 309
7 697 274 734 317
7 720 263 800 332
7 755 270 850 343
7 333 269 377 308
7 468 277 485 290
7 537 275 557 288
7 394 271 468 321
7 791 278 931 371
7 275 275 346 314
7 120 264 188 306
7 14 261 131 311
7 0 261 37 317
7 992 253 1278 488
7 1200 360 1278 480
