1 534 249 545 265
1 409 230 424 250
2 370 212 425 223
2 409 262 425 276
2 445 272 463 286
2 469 279 493 309
2 505 270 523 280
2 865 186 889 206
2 848 213 885 265
2 1147 220 1183 272
3 736 316 752 355
3 753 310 763 349
3 761 307 778 361
3 785 315 813 373
3 773 315 792 373
3 824 321 845 377
3 833 321 851 374
3 844 316 863 370
3 895 303 917 380
3 913 312 937 386
3 872 304 907 389
3 1063 302 1114 432
7 548 313 568 325
7 564 322 583 345
7 464 308 549 355
7 424 311 481 375
7 374 285 443 396
7 521 320 575 366
6 1092 325 1172 434
5 0 1 406 478
5 577 208 741 414
