1 622 158 636 179
1 881 125 889 145
1 599 130 609 155
1 948 155 958 172
1 891 118 903 148
1 584 128 597 157
2 1083 145 1110 162
2 1075 123 1100 135
3 617 219 639 266
3 369 226 388 248
3 347 228 364 260
3 288 229 305 288
3 275 224 312 293
2 405 202 427 219
7 526 219 602 293
7 413 216 557 320
7 705 214 806 229
7 849 202 950 287
7 869 224 995 309
7 977 167 1171 368
5 948 175 1049 233
5 692 191 739 236
5 312 194 418 250
7 307 245 354 282
7 629 229 862 418
7 0 191 319 472
7 1102 152 1279 503
7 317 239 513 356
