1 961 308 967 326
1 1071 307 1078 326
1 1164 313 1170 344
1 1149 328 1156 344
2 579 310 601 345
2 940 286 961 316
2 952 337 969 359
2 185 337 198 350
2 273 339 282 354
7 935 370 950 391
7 926 367 939 394
7 916 364 931 398
7 905 364 923 403
7 953 367 982 386
7 978 365 1004 390
7 991 362 1015 402
7 1003 346 1076 419
7 840 343 913 419
7 832 347 894 434
7 1039 342 1202 441
7 537 364 563 371
7 510 365 534 371
7 357 362 376 369
7 373 361 400 373
7 520 372 567 387
7 434 366 545 419
7 418 372 534 426
7 525 452 529 452
7 360 374 500 432
7 325 372 436 439
7 182 359 392 446
7 47 371 113 392
7 0 370 54 436
7 28 370 295 450
7 524 359 668 452
7 630 321 849 477
7 133 334 146 348
7 1207 311 1279 504
