2 828 304 841 315
2 827 316 842 325
2 830 325 840 334
2 798 335 807 346
2 701 315 709 324
2 1096 222 1138 264
2 1111 265 1137 293
2 949 298 961 310
2 456 322 460 332
7 645 345 655 351
7 684 345 696 352
7 668 346 682 358
7 694 349 710 360
7 720 342 741 360
7 765 337 799 363
1 745 337 752 348
7 468 343 491 355
7 398 332 444 357
7 360 336 397 357
7 0 332 32 373
3 27 325 44 368
7 30 285 421 489
7 891 340 922 358
7 910 348 927 363
7 853 344 861 366
7 856 343 875 367
7 863 343 902 372
8 929 336 962 400
4 928 355 962 405
7 988 349 1157 423
