2 357 241 398 252
2 301 254 321 262
2 359 282 373 293
2 397 296 408 309
2 713 252 750 261
2 719 297 734 310
2 21 193 49 239
1 691 243 697 260
1 905 227 914 248
2 904 215 922 226
1 441 235 449 254
1 697 242 705 260
3 379 325 389 352
3 361 319 372 349
3 336 314 351 352
3 971 333 992 405
7 411 324 425 351
7 400 322 419 347
7 377 322 408 349
7 335 308 383 351
7 424 317 455 359
7 627 338 637 352
7 634 335 648 353
5 823 251 1031 407
7 592 330 617 353
7 643 315 711 375
5 506 259 585 362
7 444 294 562 396
7 751 299 974 452
7 1010 292 1277 434
5 51 188 300 384
7 0 323 22 353
7 1235 362 1278 455
8 195 297 238 374
4 187 327 240 391
