2 415 307 429 313
2 574 312 584 317
1 457 298 466 312
1 546 302 552 313
1 598 319 603 329
1 611 314 618 326
7 460 338 490 350
7 450 342 462 350
7 429 343 449 354
7 417 338 432 357
7 485 336 513 365
7 538 339 559 345
7 572 340 580 350
7 599 338 609 354
7 604 339 614 356
7 608 338 620 358
7 615 334 632 365
7 683 340 707 365
7 316 344 337 368
7 239 346 279 370
7 257 344 319 384
7 193 350 249 382
7 139 354 197 383
7 86 359 150 393
7 0 356 76 408
7 578 341 592 350
7 617 331 693 396
7 694 337 772 390
7 503 343 577 399
7 329 330 445 425
7 938 418 1279 718
