3 197 339 236 406
3 141 342 182 413
3 1 334 50 431
7 296 324 425 412
7 1005 243 1279 513
7 368 272 833 486
3 795 334 810 355
3 856 326 868 353
3 835 322 849 351
3 849 324 864 383
3 935 326 955 358
3 996 316 1028 419
3 1038 309 1051 355
2 253 225 280 235
2 266 250 305 265
2 263 270 290 284
2 789 145 836 186
2 889 208 931 230
2 914 250 938 267
2 1029 149 1066 181
2 1037 187 1066 214
2 1056 96 1083 122
2 1068 125 1105 139
1 288 298 305 317
1 261 296 281 320
1 342 60 364 119
1 332 72 349 119
1 723 116 742 163
1 710 124 728 165
1 1058 221 1090 258
