2 638 217 666 233
2 611 217 630 234
2 620 187 631 199
2 613 173 625 186
1 331 178 339 192
1 471 191 477 202
1 479 188 485 202
1 324 181 333 192
1 338 181 343 192
7 461 239 471 251
7 501 242 520 259
7 515 242 532 268
7 526 227 571 279
7 573 233 596 249
7 600 258 626 284
7 411 238 435 251
7 396 237 413 252
7 384 238 405 256
7 378 242 400 263
7 344 237 382 267
7 321 238 358 262
7 303 242 341 272
7 536 244 606 290
7 131 243 210 297
5 179 216 281 282
7 9 248 103 302
7 0 243 28 307
3 636 252 653 297
3 1059 258 1161 533
7 97 243 132 288
