1 635 313 641 325
1 613 313 622 325
1 1169 288 1177 300
1 1102 331 1114 340
2 705 282 724 305
2 684 310 701 334
2 1109 300 1141 310
7 540 351 561 373
7 506 356 541 385
7 423 365 478 405
7 622 347 658 376
7 890 337 956 377
7 950 340 997 366
7 997 342 1039 373
7 1076 347 1154 365
7 1214 343 1241 366
7 357 351 423 380
7 275 353 358 388
2 217 302 252 337
2 180 291 206 334
7 153 374 239 405
7 174 351 280 393
7 70 363 156 405
1 110 319 137 340
3 781 343 816 402
7 822 347 877 374
7 1152 339 1189 363
5 1183 324 1218 368
2 818 212 840 223
2 822 202 838 212
1 725 293 739 310
7 580 346 602 366
