2 801 288 817 304
2 824 295 832 304
2 313 216 376 295
2 648 292 662 309
2 777 285 793 304
2 883 150 994 262
2 1119 14 1278 197
2 1234 277 1251 293
2 689 295 702 309
7 684 313 717 337
7 771 305 873 352
7 829 306 905 366
7 845 309 892 371
7 867 310 908 370
7 894 304 1115 384
7 991 291 1065 303
7 1077 294 1098 302
7 1120 288 1175 302
7 1114 305 1176 370
7 1266 339 1277 386
7 1221 295 1278 376
7 443 266 550 374
7 544 282 602 374
7 598 299 640 342
7 943 295 991 303
7 1041 315 1113 334
2 478 177 557 232
2 375 181 450 240
7 83 309 130 339
