2 15 328 55 371
2 729 256 750 284
2 1120 213 1140 223
2 1115 225 1144 237
2 1121 240 1143 274
2 261 224 298 262
2 271 264 298 288
2 651 242 677 252
7 581 304 593 317
7 545 294 581 318
7 530 302 544 319
7 514 301 533 320
7 502 300 521 321
7 488 298 509 325
7 477 302 500 329
7 465 296 482 308
7 451 299 482 335
7 418 299 462 340
7 363 302 441 354
7 608 303 626 318
7 634 294 650 322
7 640 293 672 325
7 649 303 670 335
7 656 296 702 345
7 660 299 729 354
7 760 294 779 314
7 765 299 781 316
7 774 301 803 319
7 812 282 884 329
7 883 299 897 320
7 891 261 1018 349
7 1013 292 1044 324
7 1037 292 1076 318
7 1076 289 1123 319
7 1118 297 1155 319
7 1153 296 1170 316
7 1166 298 1182 319
7 1181 275 1278 344
7 188 288 210 305
7 154 290 200 322
7 115 299 143 320
7 93 297 123 319
7 75 301 109 318
3 1136 315 1200 444
