7 395 306 409 323
7 379 303 395 327
7 358 299 379 330
7 325 295 364 328
7 297 295 332 340
7 215 275 304 342
7 518 312 534 328
7 530 312 563 339
7 904 339 1105 402
7 1081 352 1156 401
7 1106 368 1210 434
7 454 298 471 320
7 403 293 448 335
7 473 296 514 335
2 188 100 289 131
2 67 153 114 171
2 123 153 141 171
2 655 0 803 48
2 1024 93 1073 129
2 1021 134 1072 156
1 69 205 103 229
1 329 91 342 134
1 345 100 368 136
1 541 0 573 52
1 602 1 618 59
1 578 0 598 62
1 956 29 994 93
2 832 268 866 281
2 832 278 856 305
1 1019 210 1082 266
1 703 276 719 294
2 970 169 1044 198
2 1019 280 1038 305
2 1158 268 1190 306
2 1210 263 1232 305
3 648 306 654 319
3 622 297 635 345
