7 1 366 161 444
7 156 367 275 420
0 1076 193 1279 450
7 824 345 861 380
7 861 352 883 376
7 787 353 803 367
7 752 353 772 367
7 641 358 657 370
7 624 356 641 372
7 610 358 624 372
7 575 353 597 374
7 585 360 611 379
7 716 353 735 361
7 734 356 760 382
7 404 364 460 398
7 484 361 521 384
7 696 358 755 400
7 766 356 794 377
7 794 353 846 393
7 897 353 916 368
7 926 319 1178 479
5 460 332 531 382
7 664 357 678 366
7 646 354 664 366
7 671 352 687 364
7 681 355 697 364
2 710 334 730 345
7 703 345 719 355
7 693 345 707 359
7 684 341 700 355
7 751 338 763 352
7 733 341 749 353
