1 671 150 692 202
1 869 200 885 245
1 889 301 908 316
1 647 152 668 200
1 541 326 549 339
1 521 326 526 339
1 578 324 586 338
7 539 351 546 366
7 542 349 582 386
7 585 350 596 368
7 592 351 600 371
0 511 343 535 366
7 490 346 521 375
7 492 353 520 394
7 426 350 494 403
0 329 306 449 398
7 220 361 280 406
7 248 348 388 424
0 600 272 776 421
2 591 298 616 316
2 102 237 135 275
2 746 172 771 199
2 874 263 902 281
1 106 310 118 329
3 781 343 797 386
3 806 341 829 375
3 831 340 845 378
3 877 336 902 398
3 905 340 932 398
3 998 341 1024 403
3 1050 331 1070 426
3 1075 334 1096 422
3 1100 343 1119 427
3 1125 331 1159 439
3 1164 344 1202 426
3 1200 334 1234 421
3 129 351 148 408
3 99 351 117 403
3 52 345 72 403
3 17 356 39 413
3 0 348 14 416
7 375 354 424 398
