3 229 367 241 406
3 762 350 777 393
3 49 344 119 482
3 905 344 940 459
3 817 346 841 404
3 851 351 873 397
3 778 349 798 401
3 727 361 755 416
3 801 346 821 394
7 447 354 459 363
7 438 361 445 372
7 424 362 441 380
7 395 366 419 386
3 401 358 417 387
7 382 362 401 392
7 485 357 512 375
7 636 357 645 372
7 635 362 695 403
5 487 342 504 349
5 514 345 530 371
5 487 349 504 359
7 454 352 464 362
7 504 349 510 357
7 506 351 514 360
7 1090 345 1226 428
7 1125 374 1277 553
7 419 359 528 453
0 526 303 639 413
7 352 364 397 397
2 79 255 113 270
2 219 327 241 353
2 86 324 106 337
2 392 350 401 362
2 670 310 690 338
2 728 272 760 284
2 729 223 755 263
2 1017 199 1060 215
2 988 218 1021 244
2 1120 229 1162 319
2 718 287 731 335
1 88 289 104 323
1 359 229 369 260
1 367 350 376 358
1 456 335 464 341
1 511 330 518 337
1 414 329 420 338
1 600 211 617 244
1 582 210 598 244
1 1029 277 1075 312
1 1014 96 1038 162
