7 0 436 121 515
7 117 442 253 511
7 110 435 202 484
7 214 436 272 481
7 337 432 360 456
7 355 434 371 448
7 383 430 420 458
5 461 425 484 450
7 418 428 470 464
7 533 429 561 455
7 489 427 512 441
7 596 423 617 432
7 592 427 620 443
7 558 424 578 441
7 581 427 595 443
7 519 441 729 610
2 655 300 680 334
2 677 362 693 394
2 679 350 692 359
2 641 368 662 399
2 647 399 660 415
7 355 436 395 466
7 362 430 380 439
1 351 416 358 424
7 1157 409 1258 448
2 871 395 883 407
2 791 394 817 428
2 959 402 969 412
