2 990 328 1050 350
2 948 296 1015 311
2 1033 374 1091 415
2 1246 458 1256 476
1 952 397 1024 444
1 1052 514 1095 569
3 570 491 603 628
3 538 487 573 625
3 515 493 553 626
3 492 497 532 628
3 476 498 511 631
3 441 503 478 631
3 412 490 447 631
3 388 498 418 629
3 356 498 394 628
3 317 484 355 615
3 264 483 295 614
3 234 493 269 616
3 831 483 861 576
3 907 483 928 548
3 891 484 913 553
3 949 479 981 580
3 1259 484 1275 520
7 1101 486 1123 505
7 1123 486 1138 507
7 1136 489 1154 514
7 1151 489 1179 519
7 1179 486 1223 496
7 1168 490 1229 525
7 981 492 1159 547
1 1215 50 1273 163
