1 555 265 571 330
1 821 172 838 219
1 264 400 277 441
1 572 267 591 331
1 545 269 558 326
1 788 172 811 219
1 431 311 444 341
1 419 313 429 341
1 1063 368 1084 420
2 484 456 491 469
2 786 456 794 472
2 762 470 772 482
7 632 484 651 494
2 793 456 811 486
1 1070 421 1090 444
1 1050 426 1070 442
1 272 440 285 456
7 621 481 635 494
7 600 481 616 495
7 593 482 607 494
7 567 481 586 496
7 557 482 573 497
7 541 482 556 497
7 459 479 475 499
7 444 477 474 501
7 431 480 466 504
7 416 480 461 506
7 416 484 446 506
7 401 481 436 509
7 389 481 427 506
7 371 480 426 507
7 350 480 411 507
7 325 477 383 509
7 279 476 361 515
7 230 484 333 521
7 192 490 212 515
7 153 491 202 522
7 137 492 162 522
7 89 489 136 522
7 56 492 119 526
7 17 490 72 529
7 467 469 516 512
7 756 482 768 495
7 646 484 661 492
7 660 485 676 494
7 701 482 713 491
7 718 481 731 494
7 501 476 550 511
7 771 484 793 501
7 1059 361 1277 718
7 1055 451 1175 532
2 924 411 958 421
7 202 466 227 476
2 78 472 101 487
