7 576 477 590 495
7 567 475 581 497
7 553 474 571 498
7 539 474 555 499
7 511 473 545 502
7 499 479 526 506
7 453 475 505 510
7 366 482 421 522
7 302 483 376 532
7 194 484 317 541
6 149 504 206 542
7 0 478 157 538
3 171 471 197 519
7 676 474 686 482
7 709 472 717 482
7 704 472 713 486
7 726 470 735 481
7 716 470 731 484
7 686 471 711 491
7 659 472 679 487
7 627 469 656 493
7 588 465 628 501
7 739 471 747 482
7 765 476 773 489
7 782 457 820 499
7 795 457 828 505
7 808 459 835 514
7 829 450 864 521
7 843 438 918 534
7 884 436 1008 553
7 948 418 1278 596
8 736 443 768 516
8 764 447 795 513
4 735 462 771 522
4 766 461 793 516
2 1236 69 1276 144
2 1245 142 1278 177
