2 782 199 824 251
2 1215 33 1278 82
2 272 242 292 251
1 466 230 478 247
1 394 205 400 224
1 383 207 392 224
1 263 270 282 285
1 484 277 490 291
1 430 276 437 288
7 473 307 486 314
7 455 307 469 316
7 449 310 466 325
7 435 313 447 323
7 424 310 435 325
7 412 310 423 328
7 392 310 417 328
7 345 308 383 337
7 263 299 309 350
7 37 310 146 391
7 0 340 24 414
7 100 297 292 414
7 493 310 506 325
7 504 305 518 323
7 515 300 550 330
0 544 268 638 350
7 644 285 801 402
7 741 304 1002 465
7 910 297 1280 617
