1 651 367 665 399
3 870 454 921 538
2 646 353 683 363
2 621 327 671 346
2 614 287 681 312
2 631 260 665 288
2 582 322 633 369
8 781 447 818 515
4 766 476 828 523
7 323 503 344 520
7 340 497 362 524
7 357 497 386 525
7 372 493 401 525
7 391 480 442 524
7 224 493 239 508
7 212 495 231 512
7 195 496 210 508
7 172 496 192 507
7 148 502 167 517
7 160 491 173 503
7 205 483 224 496
7 187 478 202 496
7 239 508 254 525
0 246 502 276 525
7 276 493 323 522
7 426 482 488 526
7 107 495 144 529
7 83 467 112 521
5 0 451 90 527
7 885 472 1280 716
7 162 508 212 526
