1 117 133 140 194
1 705 0 750 55
1 176 390 186 408
1 318 379 329 402
1 475 351 484 365
1 555 354 561 371
1 473 394 480 408
1 540 391 543 405
2 371 360 389 380
2 380 405 392 420
2 53 396 70 411
2 1 354 42 368
2 609 399 622 414
1 563 400 569 414
2 782 307 844 363
7 532 416 543 431
7 1 436 14 482
7 100 426 199 472
7 544 417 555 429
7 540 426 555 437
5 497 408 533 446
7 472 414 495 429
7 469 428 484 443
7 435 414 472 449
7 481 428 521 463
7 415 420 460 463
7 372 433 395 457
5 223 414 377 515
3 576 420 589 436
3 598 417 606 445
3 615 422 624 448
3 831 425 862 476
3 801 405 813 426
7 629 420 693 477
