1 186 236 199 269
1 91 314 99 336
1 656 234 665 260
1 82 313 91 336
1 173 235 184 269
1 204 231 217 268
1 649 238 657 260
1 584 282 602 288
1 665 237 673 263
1 822 263 836 292
1 981 191 1004 226
2 94 231 139 271
2 63 348 86 356
2 72 360 102 370
2 840 299 845 321
2 846 294 859 323
1 826 334 842 347
2 999 123 1031 177
2 1047 142 1095 177
2 1037 227 1065 240
2 1010 255 1053 271
2 76 371 105 394
2 23 376 31 385
3 211 417 218 455
3 201 415 210 457
3 194 416 205 457
3 189 421 198 458
3 176 424 193 468
3 173 430 182 462
3 151 431 163 465
3 117 420 136 471
3 96 413 121 477
3 82 412 102 476
3 70 413 88 481
3 52 409 74 475
3 37 418 54 479
3 20 432 38 497
3 9 417 31 477
3 850 366 872 432
3 876 363 898 429
3 1130 336 1154 386
3 1148 340 1163 375
3 1161 324 1205 372
3 1197 327 1220 374
3 1255 322 1278 376
3 1240 337 1260 381
3 1220 319 1237 375
7 414 389 468 464
7 343 394 414 438
7 222 409 439 549
7 443 291 884 667
3 0 422 14 494
7 209 417 250 464
