3 37 185 55 243
3 66 191 85 248
3 167 196 180 252
3 240 204 253 243
3 262 205 271 243
3 268 204 278 243
3 369 214 379 243
3 440 216 447 230
3 446 216 451 233
3 279 206 288 235
3 864 228 877 265
3 985 220 995 278
3 628 224 636 238
7 639 191 735 282
7 736 222 800 275
7 732 207 759 245
7 581 212 607 239
7 605 220 621 238
7 559 218 582 234
7 530 217 552 233
7 495 220 509 233
7 284 198 355 245
7 348 206 380 242
3 278 208 289 238
7 470 220 491 235
1 592 169 601 188
2 805 185 818 200
3 1197 232 1236 296
2 1206 67 1263 134
2 1217 35 1260 68
2 1212 0 1276 30
2 577 180 589 191
3 416 200 429 232
