1 337 189 352 216
1 563 260 576 280
1 665 290 674 301
1 716 219 728 240
1 351 190 364 217
1 727 219 739 241
1 571 286 580 297
1 557 285 566 298
1 897 277 920 297
1 817 302 833 315
1 535 284 546 297
1 103 268 115 280
1 73 266 95 281
2 86 230 119 246
2 81 210 99 224
2 199 194 264 213
2 946 250 964 268
2 879 260 911 272
2 803 266 825 276
2 815 276 831 287
3 795 333 810 362
3 811 328 822 348
3 823 328 830 349
3 827 325 839 357
3 869 328 884 361
3 879 325 888 357
3 887 325 896 355
3 895 322 912 373
3 953 316 978 377
3 1243 327 1278 434
1 664 301 672 314
2 741 231 785 244
7 616 324 626 334
7 589 319 602 336
7 578 323 590 336
7 563 320 580 337
7 699 321 726 345
5 495 301 535 343
7 596 323 616 339
7 624 321 647 342
7 705 327 743 356
7 655 315 702 364
7 394 301 486 367
7 238 288 382 387
7 0 276 250 424
