3 170 313 199 366
3 270 303 300 351
3 1018 276 1051 304
7 1166 368 1279 582
7 833 290 1097 450
7 278 292 405 389
5 530 275 657 351
7 692 298 739 335
7 467 311 506 337
7 165 313 278 354
7 484 311 512 333
7 489 304 518 332
7 518 309 531 334
7 685 310 695 326
7 672 309 685 325
7 647 301 661 317
7 765 300 789 323
7 797 291 844 324
7 962 290 992 301
7 1001 290 1027 300
1 294 250 307 278
1 762 237 775 263
1 59 215 79 256
1 306 250 316 276
1 858 233 872 257
1 873 170 885 214
1 921 236 927 264
1 128 213 146 265
1 129 278 146 300
1 860 279 880 301
2 733 208 780 217
2 930 143 974 205
2 690 271 705 286
2 102 120 194 142
2 409 265 425 281
