2 942 229 960 248
2 937 246 948 259
2 949 246 969 264
2 751 269 769 279
2 758 287 770 297
2 643 285 656 297
2 658 272 691 290
2 448 250 469 265
2 502 286 519 300
2 716 262 735 280
1 373 275 387 293
1 508 236 519 258
1 541 278 550 293
1 618 275 627 292
2 812 256 831 267
2 512 302 523 315
3 967 307 979 336
3 911 318 929 351
5 561 307 581 322
5 580 303 608 320
2 610 297 626 308
7 607 310 625 326
7 622 314 645 330
7 643 314 660 330
7 656 316 672 331
7 668 314 687 335
5 683 290 728 339
5 769 258 900 372
7 546 311 560 324
7 523 314 541 330
7 508 316 531 332
7 495 315 518 338
7 481 316 510 341
7 400 324 440 366
7 341 316 418 376
7 248 314 369 391
7 70 297 221 430
5 0 130 175 561
