8 571 277 605 350
6 571 306 605 366
7 1145 328 1277 474
7 0 304 76 501
7 74 305 224 375
7 379 299 436 338
7 766 298 835 344
7 748 296 791 338
7 726 286 777 333
7 712 291 742 328
7 694 295 721 319
7 686 295 703 315
7 677 298 691 314
7 441 298 485 328
7 536 296 561 315
7 626 290 671 329
7 606 296 619 308
2 910 270 922 291
2 733 268 743 277
2 751 267 760 279
2 712 273 722 281
2 720 278 728 288
2 698 280 707 290
7 624 295 636 304
1 608 277 615 289
1 663 257 673 267
1 493 281 503 291
2 512 281 526 289
7 1130 305 1205 345
1 659 271 665 282
1 569 257 580 271
