2 238 209 292 225
2 263 231 291 282
1 245 121 273 202
1 211 134 241 210
2 595 190 662 230
2 603 230 661 253
2 666 183 732 234
2 671 235 731 249
2 1061 245 1098 267
2 881 277 896 292
2 573 292 591 315
1 358 142 375 180
1 417 124 436 164
1 1099 182 1117 217
1 778 279 787 289
7 0 327 187 390
7 295 335 381 358
7 411 325 487 350
7 238 335 304 355
7 378 326 406 342
7 490 328 524 340
7 456 328 496 345
7 379 333 424 353
7 638 315 679 347
7 896 301 989 357
7 854 306 915 347
7 807 299 865 345
7 796 303 824 340
7 764 308 799 343
0 703 279 763 345
7 1030 292 1070 315
7 1010 294 1029 315
7 1086 295 1104 311
7 1126 253 1191 303
7 1203 248 1279 292
