7 577 231 650 282
7 669 238 776 315
7 9 257 161 306
7 120 237 217 293
7 207 246 310 287
7 389 230 467 269
7 491 238 519 259
7 521 246 545 258
7 337 248 379 259
7 329 247 357 260
7 309 247 324 263
7 204 250 237 265
7 883 234 932 258
7 933 240 969 262
7 954 223 1082 265
7 1058 228 1109 261
7 1083 222 1186 268
7 1164 215 1279 273
7 678 223 719 257
7 642 225 667 247
5 531 215 576 247
7 477 233 498 250
7 513 231 533 246
2 664 180 694 192
2 696 177 721 190
2 646 2 859 61
2 569 203 611 226
2 632 186 645 202
5 353 233 395 257
5 256 235 313 260
2 44 209 105 232
