7 671 289 690 302
7 659 289 673 301
7 642 287 655 301
7 627 289 644 309
7 609 287 627 298
7 611 294 631 312
7 600 300 629 316
7 600 309 638 335
7 574 296 598 316
7 563 300 589 312
7 559 300 585 314
7 554 305 592 324
7 510 294 543 322
7 550 311 594 348
7 600 309 636 335
7 644 300 675 319
7 706 300 769 326
7 739 306 791 326
7 222 309 284 339
7 233 319 306 361
7 123 319 244 381
7 620 315 725 388
7 365 311 409 342
7 310 313 371 350
7 479 298 506 322
7 0 319 132 405
5 824 275 932 317
1 824 239 836 257
1 809 267 818 290
1 776 239 789 261
1 736 272 748 290
1 631 241 640 257
1 475 226 490 252
1 413 228 429 254
1 394 246 405 272
1 382 276 393 298
1 321 239 332 261
1 321 268 336 292
1 759 265 776 287
1 703 268 714 287
1 614 239 625 259
2 653 267 679 285
2 460 228 479 246
2 424 278 449 294
2 614 268 655 289
2 583 276 598 292
