8 75 208 276 525
4 86 329 264 572
7 1004 316 1279 621
7 1013 331 1148 397
7 0 205 140 503
7 234 277 335 395
7 302 282 421 370
7 403 304 453 360
7 423 294 492 350
7 479 296 512 340
7 504 302 529 340
7 524 304 548 336
7 628 303 674 343
7 879 313 987 387
7 680 301 728 340
7 836 309 909 370
7 813 318 860 358
7 776 313 823 350
7 757 314 788 347
7 745 309 772 338
7 593 301 620 321
3 556 303 565 327
7 552 302 581 325
7 577 302 594 323
1 614 243 620 268
2 558 278 570 295
2 499 261 518 271
2 507 278 523 295
1 716 246 731 264
1 610 272 620 290
