2 1049 423 1083 437
1 972 415 983 438
7 709 446 717 451
7 701 448 709 454
7 685 446 696 458
7 673 448 691 464
7 696 453 712 462
7 708 451 722 462
7 722 451 733 461
7 729 454 741 465
7 738 454 750 466
7 714 463 737 478
7 692 462 713 477
7 674 463 691 476
7 663 455 677 475
7 655 457 665 475
7 612 440 662 477
7 741 468 754 480
7 752 469 763 479
7 762 471 771 481
7 771 470 784 481
7 777 471 800 485
7 798 471 817 487
7 809 466 842 494
7 826 463 871 495
7 850 476 873 500
7 860 468 888 483
7 869 474 919 510
7 513 477 602 540
7 444 485 561 620
7 193 472 501 686
7 816 494 855 526
7 835 509 942 600
7 1183 512 1278 570
7 2 419 313 688
7 898 512 1247 645
7 515 470 895 717
7 256 456 323 477
1 589 398 594 416
3 1071 485 1088 519
3 940 477 952 514
3 927 473 941 512
3 419 455 457 494
3 519 439 532 474
3 532 437 543 475
