1 616 125 629 165
1 963 141 979 181
1 472 107 492 153
1 401 222 414 261
1 1140 294 1158 316
1 576 244 586 262
1 655 261 662 274
1 254 224 275 245
1 595 122 612 161
1 948 138 962 181
1 524 257 543 274
1 543 262 558 276
1 0 101 14 155
2 0 33 36 70
2 272 205 309 222
1 216 196 228 221
1 211 248 223 264
1 200 247 211 261
1 275 230 288 248
2 701 273 718 290
2 913 233 930 261
2 1154 250 1174 261
2 289 96 325 144
7 554 307 570 321
7 571 312 594 327
7 663 315 677 333
7 656 315 663 337
7 740 326 769 347
7 751 330 801 352
7 797 324 817 340
7 1039 343 1138 389
7 590 294 659 352
7 672 315 728 352
7 792 298 964 415
3 978 330 990 381
3 1015 335 1029 376
3 1168 340 1202 416
2 439 131 461 160
3 0 264 33 366
3 51 266 88 364
3 86 267 123 369
3 134 284 165 340
3 189 280 222 367
3 226 280 266 358
3 329 289 346 350
3 347 290 361 329
3 361 284 377 332
3 377 289 395 336
3 423 293 443 327
3 543 303 553 323
3 529 300 546 327
3 510 304 523 320
