1 830 192 845 220
1 928 185 944 220
1 1172 253 1186 283
1 575 261 585 281
1 1169 295 1179 307
1 39 219 57 261
1 146 0 177 66
1 340 0 371 81
1 518 258 530 284
1 444 189 456 215
1 388 179 401 207
1 1247 241 1262 272
2 267 2 324 33
2 0 72 91 103
2 181 269 204 293
2 463 231 489 243
2 509 247 526 261
2 1158 206 1192 223
2 1025 222 1072 238
7 43 289 77 307
7 63 294 106 308
7 103 292 132 307
7 121 294 179 313
7 173 294 201 316
7 209 298 233 313
7 225 297 255 316
7 240 294 276 317
7 268 293 298 319
7 288 294 320 321
7 305 296 345 321
7 331 303 362 321
7 359 303 390 322
7 387 300 433 327
7 830 318 848 343
7 906 312 934 340
7 977 312 998 337
7 50 305 148 348
7 763 315 829 348
7 607 315 696 346
7 515 299 600 364
7 930 311 992 357
5 703 271 825 345
5 840 304 917 344
7 470 312 486 328
3 420 301 433 335
2 879 189 915 206
