3 145 274 179 371
3 183 304 238 372
3 372 282 390 337
3 558 291 574 330
1 531 220 543 251
1 513 254 524 268
1 580 164 594 196
1 667 158 681 194
1 685 158 699 194
1 985 188 997 210
1 1169 264 1188 285
1 267 231 286 255
1 291 233 312 255
1 293 199 312 226
1 525 254 537 270
2 371 151 403 180
2 555 193 607 205
7 847 285 871 308
7 853 293 880 314
7 823 292 847 316
7 809 262 821 271
7 809 271 820 283
7 827 273 835 284
7 832 273 846 286
7 835 277 852 289
7 844 280 860 291
7 862 297 891 328
7 863 277 1015 393
7 1209 285 1278 317
7 1247 297 1278 348
7 949 286 1277 485
7 414 278 569 341
7 578 246 846 497
2 340 194 365 214
2 355 218 379 235
1 501 144 518 177
