7 277 459 343 489
7 145 470 200 495
7 170 469 234 498
7 795 423 814 438
7 772 424 790 438
7 688 423 751 475
2 364 389 396 430
2 389 435 415 458
2 596 196 628 228
2 610 412 623 425
2 707 357 728 365
1 534 332 549 358
1 731 345 742 365
1 604 399 614 410
1 619 397 627 412
1 681 394 691 412
7 589 432 604 448
7 608 430 629 447
1 609 384 622 410
1 638 170 666 229
1 919 372 931 395
3 620 430 635 455
3 630 430 641 456
3 638 428 653 458
0 815 385 894 459
7 1179 398 1208 442
7 1196 389 1278 451
7 1259 412 1279 464
7 933 313 1194 538
1 548 355 562 399
2 535 321 542 331
2 610 372 620 382
