2 993 176 1012 191
2 501 238 518 247
2 565 262 582 282
7 512 287 531 297
7 488 294 510 302
7 461 290 485 321
7 440 295 472 329
7 416 302 460 329
7 391 299 453 328
7 372 311 435 334
7 322 307 372 321
7 313 296 371 313
7 221 318 307 355
7 194 324 231 356
7 99 328 167 367
7 12 336 153 389
7 0 340 37 355
7 622 282 642 294
7 624 284 639 302
7 614 287 632 302
7 600 280 622 305
7 588 289 615 311
7 570 289 602 317
7 533 290 578 326
7 528 297 565 332
7 700 270 718 287
7 727 272 739 285
7 735 272 747 287
7 720 272 732 287
7 744 272 759 287
7 762 263 791 284
7 779 268 801 282
7 879 252 972 323
7 945 243 1081 334
7 273 319 423 390
7 131 353 327 469
7 675 272 690 288
7 675 277 707 305
7 474 300 545 349
7 757 268 860 309
7 1046 250 1265 353
7 0 358 157 511
