7 464 361 504 384
7 576 353 611 384
7 657 364 675 382
7 685 369 720 394
7 714 355 752 399
7 740 343 890 414
7 773 337 866 456
7 853 358 999 449
7 922 370 1138 483
7 599 363 668 419
7 508 360 545 391
3 1062 355 1093 384
3 1046 353 1065 372
3 1002 352 1027 372
3 1197 355 1231 441
3 289 325 332 397
3 357 333 383 372
3 335 337 364 427
3 288 336 336 449
3 339 327 383 446
2 0 46 15 68
2 0 82 39 131
2 330 250 383 302
2 503 326 513 341
2 659 328 684 338
2 779 231 804 294
1 528 317 537 331
2 510 318 531 330
1 334 177 367 246
1 574 342 584 353
1 615 320 622 331
1 697 330 706 345
3 1250 361 1278 446
3 250 332 297 447
2 350 90 381 124
1 532 0 573 21
