2 415 381 457 405
2 156 431 177 458
1 264 443 278 450
1 279 437 293 449
7 260 459 290 480
7 320 462 342 483
7 290 463 320 492
7 183 465 225 501
7 44 474 101 510
7 1 463 39 508
7 107 465 176 522
7 212 463 266 510
7 1065 396 1178 495
3 778 438 808 505
3 363 453 373 483
3 351 456 363 486
3 391 459 405 484
3 417 444 448 511
3 508 429 535 520
3 489 453 510 507
3 469 451 492 510
3 447 456 472 510
3 562 444 583 507
3 543 438 568 498
3 586 432 607 490
3 649 423 688 514
3 709 436 733 508
3 730 433 754 504
