2 954 180 978 224
2 759 274 768 283
2 575 262 589 274
2 525 272 548 285
2 499 255 515 272
1 573 224 580 240
1 728 252 736 267
1 570 287 575 295
1 762 289 769 298
2 268 219 289 260
7 182 266 477 466
7 479 307 519 329
3 479 307 489 336
7 511 311 538 338
0 577 286 627 313
7 616 321 629 341
7 590 309 626 346
7 688 307 698 328
5 706 279 754 337
7 709 292 773 352
7 832 303 870 321
7 854 317 890 352
7 866 299 1018 395
7 737 304 870 398
7 621 295 696 364
7 524 299 600 366
7 19 305 230 415
2 296 83 340 160
