1 245 247 257 264
1 526 180 542 203
1 498 218 508 235
2 525 171 537 181
2 498 213 508 219
1 660 174 673 196
7 0 357 37 383
7 20 352 36 360
7 34 349 68 373
7 65 341 98 366
7 92 341 102 358
7 133 334 150 349
7 120 336 137 352
7 149 336 171 351
7 251 314 285 330
7 253 314 301 342
7 301 307 324 328
7 337 306 353 322
7 372 284 395 322
7 424 295 438 311
7 448 272 491 314
7 680 187 794 284
7 710 205 961 369
7 860 162 1023 287
7 979 166 1120 303
7 1026 218 1230 390
6 435 288 451 319
7 488 288 499 311
6 387 299 433 377
8 433 279 448 309
8 385 263 433 356
7 467 230 790 509
7 499 229 583 295
2 349 206 391 274
