7 1 179 141 292
7 1062 149 1276 450
7 447 170 586 288
7 309 193 371 242
7 372 183 447 253
7 878 165 1142 316
7 783 176 934 257
7 568 181 594 218
7 596 197 614 224
7 605 197 655 228
1 108 2 132 43
1 136 1 148 42
1 85 1 103 42
1 628 34 640 72
1 643 39 653 66
1 611 39 626 65
1 994 105 1036 137
1 127 148 156 168
2 737 52 762 95
2 736 105 764 140
2 987 49 1021 69
2 983 17 1026 32
2 120 109 158 122
2 114 99 141 109
3 165 203 184 257
3 184 202 205 246
3 207 183 230 250
3 699 189 710 228
3 714 186 726 241
3 724 187 745 236
3 1147 170 1171 208
3 227 194 253 248
