1 251 233 261 258
1 534 235 544 255
1 130 295 143 305
1 636 292 652 303
1 73 200 90 240
1 43 280 66 302
1 238 231 249 258
1 257 232 269 257
1 543 230 554 256
1 524 231 535 252
1 757 211 772 240
2 632 267 649 281
2 621 278 645 290
2 747 273 780 287
2 187 240 211 257
2 283 285 299 307
2 594 282 607 300
2 579 296 595 313
2 137 272 158 283
2 45 215 70 227
2 53 237 88 248
2 65 247 82 258
2 65 255 83 285
2 771 210 791 232
2 770 231 798 241
2 115 287 128 307
7 440 313 467 331
7 428 315 462 354
7 312 306 353 325
7 346 301 442 378
7 155 320 267 394
5 489 284 548 314
7 553 314 589 360
7 448 309 579 420
7 0 323 87 364
7 900 303 1069 363
7 1080 306 1143 325
7 1136 296 1278 346
7 234 323 392 421
3 982 310 1018 381
3 1030 310 1066 413
3 707 312 729 363
3 652 315 667 348
3 665 313 683 349
3 682 313 695 347
3 617 320 626 346
3 621 320 632 352
3 643 311 654 342
3 636 310 647 342
3 739 315 757 361
3 724 312 744 361
3 974 311 991 352
3 1064 307 1092 399
3 1110 293 1135 345
3 143 317 161 357
3 133 319 149 357
3 70 321 86 363
