2 0 67 35 121
2 1 119 36 136
2 310 173 344 216
2 349 174 384 222
2 388 226 415 254
2 315 232 329 248
2 149 238 160 244
2 253 248 263 255
2 578 250 588 266
2 588 255 605 271
2 454 252 463 262
2 408 267 417 274
2 326 257 338 263
7 24 237 51 248
7 49 238 72 250
7 71 237 105 250
7 126 243 152 257
7 152 247 177 260
7 170 248 190 259
7 198 250 218 262
7 219 251 238 265
7 240 252 258 264
7 253 253 284 264
7 341 264 361 274
1 631 258 636 269
1 594 272 603 277
1 572 272 582 280
1 553 275 561 283
2 1021 156 1049 192
2 1019 191 1044 209
7 1247 221 1278 235
