1 256 233 267 260
1 450 249 462 268
1 771 327 788 347
1 264 237 275 261
1 462 251 474 270
1 569 338 576 350
2 569 308 590 314
2 580 312 601 326
2 233 332 245 345
8 349 354 375 396
6 327 377 385 399
7 204 370 331 436
7 130 366 293 444
7 0 349 229 481
7 0 359 156 513
7 933 402 1257 512
7 1062 414 1278 550
7 1256 467 1279 562
7 859 376 1012 423
7 850 395 1098 484
2 1224 283 1250 317
2 1226 321 1250 341
5 638 353 833 416
3 426 362 443 383
7 425 358 565 393
5 484 338 502 357
5 241 390 672 688
7 0 358 166 512
2 582 338 591 351
1 788 323 804 346
