2 243 346 263 364
2 112 301 137 335
2 736 344 756 361
2 1140 274 1215 296
2 1260 298 1278 306
1 422 245 435 275
1 439 244 454 273
1 566 202 573 247
1 572 328 601 360
1 531 326 560 356
1 306 374 323 391
1 1095 257 1110 289
1 1112 257 1130 290
1 1080 258 1095 294
1 747 380 761 396
1 726 381 737 395
2 551 257 590 300
1 835 406 840 416
3 1035 434 1063 452
3 262 393 286 470
3 152 391 164 456
7 1204 470 1278 701
7 602 416 1031 708
7 286 401 338 441
7 401 404 425 431
7 527 425 557 451
7 573 414 622 442
7 621 422 671 444
7 673 421 706 442
7 937 439 955 452
2 102 227 126 242
2 101 249 122 259
1 119 338 139 366
