7 379 379 410 402
7 644 380 660 392
7 709 383 724 396
7 803 385 845 410
7 817 382 854 396
7 843 385 875 413
7 873 387 910 418
7 896 385 938 429
7 918 383 957 394
7 918 389 952 424
7 937 387 998 425
7 988 383 1042 401
7 1005 389 1049 403
7 969 403 1046 438
7 1063 390 1123 417
7 1138 389 1192 403
7 1151 399 1205 427
7 1095 406 1171 455
7 1203 389 1259 399
7 1206 401 1254 424
7 1208 408 1278 438
7 1201 427 1227 460
7 1227 401 1278 481
5 89 293 317 456
5 746 382 791 412
7 0 335 263 538
7 690 379 704 393
7 678 375 692 391
7 589 381 610 395
7 542 381 579 409
7 459 374 541 439
7 613 380 627 396
7 762 396 791 418
7 719 385 736 394
3 416 381 431 416
3 818 395 843 440
3 846 393 876 447
3 437 376 449 400
3 445 379 458 406
2 272 298 291 311
2 839 312 856 333
2 835 349 859 367
1 629 316 638 336
1 622 313 631 336
1 751 310 761 331
1 758 307 768 326
2 1190 289 1220 322
