7 143 352 621 630
7 1016 222 1279 571
2 1 190 62 306
7 640 350 785 454
7 250 384 278 401
7 200 389 239 403
7 192 372 216 389
7 180 370 196 386
7 218 370 244 387
7 243 366 274 386
7 291 353 304 366
7 279 353 291 364
7 251 355 270 365
7 179 337 192 349
7 147 346 159 354
7 127 345 142 354
7 60 355 86 367
7 29 355 56 370
7 385 345 397 353
7 373 344 383 349
7 578 373 617 391
2 446 152 471 183
2 527 153 551 183
2 609 156 631 189
1 648 152 663 192
1 579 160 596 194
1 415 141 429 190
1 487 144 504 190
2 291 297 326 325
2 353 296 393 326
2 504 341 530 361
5 58 362 192 409
5 222 341 248 370
