2 194 92 245 150
2 186 149 253 195
2 206 194 222 208
2 175 210 216 230
2 212 240 233 262
2 189 256 211 277
2 211 264 236 278
2 440 197 452 212
2 425 219 450 238
2 1022 204 1046 232
2 1183 92 1252 131
1 957 204 984 238
1 550 254 561 277
1 539 253 548 279
1 560 254 570 279
1 943 205 958 239
3 264 330 275 339
3 286 345 300 356
3 303 339 325 384
3 336 342 361 392
3 709 348 715 379
8 446 353 462 375
8 430 351 444 377
4 421 371 434 387
8 716 348 742 375
4 717 372 736 397
3 375 347 397 394
3 490 352 507 394
0 665 342 692 371
7 654 357 678 383
7 546 341 669 442
7 0 290 398 718
7 994 374 1279 605
1 410 324 424 334
5 739 227 932 465
