1 686 210 697 239
1 572 202 583 233
1 561 204 572 232
1 701 210 712 240
1 653 214 673 249
2 50 299 77 323
2 506 199 528 223
2 1148 127 1243 175
2 934 271 941 292
1 454 192 472 227
1 342 178 361 209
7 663 327 674 337
7 586 321 601 332
7 553 321 575 338
7 671 316 690 344
7 1110 314 1136 335
7 1142 316 1169 335
7 1081 320 1102 329
7 1072 317 1087 325
7 1047 313 1059 327
7 1023 317 1041 327
7 1006 310 1021 321
7 1021 314 1039 320
7 842 320 856 341
7 869 320 900 331
7 942 324 951 332
5 706 227 841 313
7 360 293 549 430
7 675 281 857 454
7 600 303 661 363
0 483 293 596 334
