7 1 429 276 715
0 798 293 916 369
0 955 308 1093 370
7 706 360 729 392
7 718 364 760 405
7 736 354 819 446
7 1044 364 1126 475
2 689 353 698 365
2 266 185 330 205
2 247 193 294 227
2 245 213 294 229
2 1206 288 1260 299
2 1202 259 1226 279
2 1218 265 1262 279
1 710 219 722 249
1 509 320 521 334
7 116 301 332 414
8 378 343 423 457
8 449 348 500 430
8 171 342 270 518
4 165 411 266 517
4 378 410 422 477
4 456 391 495 455
3 16 330 49 439
3 44 340 67 424
3 60 338 96 416
3 26 387 103 468
3 147 349 185 435
3 222 342 262 482
3 250 352 284 468
3 278 344 290 386
3 301 336 337 459
3 333 343 343 396
3 342 338 370 417
3 366 348 385 416
3 385 340 401 366
3 426 345 452 420
3 503 345 522 410
3 651 356 657 389
3 610 358 622 388
3 619 358 630 386
7 687 366 708 384
3 1103 366 1121 397
3 1118 372 1130 428
3 1131 363 1143 411
3 1142 365 1158 414
3 1232 370 1259 446
3 1254 366 1278 448
3 1160 376 1185 443
7 771 290 1125 625
3 671 369 680 400
3 658 363 663 385
3 662 366 671 383
3 630 365 636 387
3 637 365 644 383
3 644 362 648 385
1 948 221 963 256
