2 1219 303 1271 333
2 541 392 611 418
2 932 420 949 439
2 886 450 898 460
2 1037 439 1053 448
3 52 470 61 480
3 124 472 131 480
7 0 497 75 544
7 159 475 212 497
7 211 470 276 499
7 147 450 170 468
7 277 475 295 485
7 284 476 342 495
7 337 479 364 489
7 677 469 756 504
7 770 457 801 471
7 908 466 989 496
7 1007 462 1098 492
7 810 429 828 435
7 824 429 850 434
7 870 422 895 428
7 600 442 614 449
7 964 410 1020 417
7 1013 408 1050 416
2 1254 408 1275 425
7 695 450 720 464
7 419 466 542 519
7 749 434 776 442
