2 446 188 476 198
2 932 153 954 177
2 930 199 952 209
1 688 167 701 188
1 845 167 854 189
1 953 224 968 238
2 550 195 567 204
1 541 232 554 244
1 436 212 447 227
1 838 167 845 184
3 192 240 235 325
3 319 249 353 323
3 556 257 577 295
8 661 257 680 286
4 661 270 676 294
3 537 258 551 289
2 1054 106 1089 137
7 390 254 524 331
7 766 255 900 354
7 696 258 734 289
7 339 243 395 301
5 595 228 655 294
5 969 127 1278 355
5 847 227 907 281
5 655 239 681 264
7 767 259 791 290
7 733 262 749 277
7 752 257 766 278
7 690 262 702 277
