4 423 340 434 367
4 416 340 426 368
4 405 340 416 368
4 398 337 405 372
4 388 340 396 375
4 375 337 386 377
4 370 339 381 377
4 349 340 370 381
4 350 329 366 380
4 334 331 352 381
4 324 332 343 383
4 899 362 972 411
4 926 354 1016 410
8 937 340 965 406
8 967 310 1002 406
3 1075 313 1119 390
3 795 326 811 362
3 781 324 797 364
3 732 318 752 366
1 517 273 535 287
1 645 81 661 131
1 631 88 642 130
1 327 42 350 98
1 306 27 330 97
1 204 252 220 278
2 208 178 233 194
2 1126 69 1213 108
1 860 260 881 288
1 881 265 909 288
7 2 270 65 478
7 389 284 788 576
