7 2 514 15 571
7 25 445 217 544
7 210 444 314 510
7 422 428 476 471
7 472 430 490 460
7 493 424 509 456
7 509 430 525 454
7 523 427 534 446
7 538 419 565 438
7 570 418 581 434
7 575 414 592 426
7 592 411 608 428
7 607 408 630 435
7 684 410 701 418
7 687 422 718 439
7 651 413 673 437
7 668 417 702 445
7 651 406 670 412
7 701 405 721 419
7 714 411 730 426
7 729 413 744 430
7 743 416 757 433
7 755 412 784 438
7 763 411 852 470
7 837 405 883 452
7 896 410 981 467
7 948 405 1078 481
7 1061 373 1279 503
7 1095 403 1279 668
7 629 406 642 421
5 724 381 766 413
