1 418 352 427 371
1 665 359 673 377
1 675 361 682 377
1 427 352 436 370
1 745 420 754 432
2 741 394 755 400
2 729 403 749 410
2 293 375 313 382
2 305 382 317 391
7 626 433 639 445
7 635 433 648 448
7 574 430 599 451
7 516 424 528 438
7 495 424 516 438
7 491 432 508 447
7 430 432 460 455
5 442 400 489 450
7 706 444 733 483
7 720 432 764 484
7 739 434 807 490
7 783 429 887 504
7 329 435 377 472
7 268 437 338 475
7 855 421 1039 528
7 982 430 1277 577
7 1197 498 1277 580
7 578 438 614 465
7 530 424 545 433
0 794 400 907 437
