1 852 0 874 61
1 442 103 455 140
1 415 99 437 140
1 818 5 843 64
1 872 196 889 246
1 302 241 320 261
1 901 256 909 270
1 877 256 884 273
1 452 108 465 143
1 874 5 891 61
2 882 248 903 280
2 371 138 393 160
2 302 189 330 206
2 334 226 347 260
2 476 248 489 261
7 575 280 587 293
7 563 277 580 299
7 550 280 575 307
7 540 280 562 310
7 523 277 548 320
7 619 273 638 293
7 629 275 644 300
7 634 278 661 307
7 651 277 678 317
7 76 275 256 341
7 471 278 540 336
7 665 283 727 342
7 0 260 104 346
7 1208 369 1279 609
