1 587 391 598 410
1 673 421 681 435
2 801 395 817 410
2 806 411 817 426
7 620 429 631 441
7 631 431 641 441
7 637 435 646 450
7 642 440 656 455
7 652 441 672 461
7 663 457 688 477
7 686 459 721 486
7 726 460 762 504
7 738 462 816 516
7 835 466 1005 558
7 607 435 621 446
7 592 430 606 441
7 546 440 571 455
7 519 446 541 459
7 526 456 556 475
7 501 451 530 476
7 489 456 511 481
7 471 445 491 476
7 449 446 476 484
7 416 451 462 486
7 540 447 621 511
7 351 441 426 500
7 178 449 321 526
7 0 434 114 556
