7 455 262 695 464
7 1086 264 1279 588
7 712 304 824 374
7 1 317 58 348
7 202 312 301 341
7 992 287 1057 320
7 952 304 997 327
7 943 290 978 306
7 812 303 862 322
7 1100 276 1140 310
7 378 315 420 338
7 422 313 453 331
7 450 311 474 331
1 621 231 635 261
1 723 255 735 289
1 775 233 789 268
1 146 125 167 167
1 336 120 357 169
1 161 204 170 226
1 195 216 200 237
1 754 226 765 256
1 747 176 758 202
1 751 191 759 216
7 675 317 689 352
7 688 310 726 339
2 0 187 57 207
2 203 250 217 261
2 298 130 329 159
1 542 226 551 247
2 554 229 568 245
1 659 288 673 300
7 270 308 299 325
