2 589 254 634 266
2 778 273 791 282
2 84 287 103 294
2 414 316 430 322
2 691 297 706 304
2 883 38 946 79
2 921 194 952 206
2 950 194 984 231
2 894 209 913 233
2 894 1 937 35
1 94 244 102 269
1 659 217 670 244
1 907 89 934 168
1 102 242 111 267
1 672 220 683 246
1 652 221 661 245
1 889 97 907 148
1 692 308 711 321
1 220 303 226 316
1 226 301 232 314
1 84 302 103 316
3 97 334 112 355
3 129 338 141 379
3 138 337 154 381
3 827 343 847 370
3 795 340 809 353
3 703 342 713 364
3 714 341 725 359
1 535 241 545 261
3 287 344 297 354
3 277 343 284 366
3 272 340 278 366
1 437 312 442 323
7 439 349 458 367
7 456 342 487 376
5 461 322 488 342
7 700 347 841 411
7 285 347 327 373
7 166 328 266 390
7 338 298 443 399
7 464 292 666 463
7 0 299 120 434
7 833 103 1278 578
