3 1221 257 1261 345
7 684 236 837 367
7 978 250 1220 375
7 905 267 1014 338
7 851 263 932 320
7 824 253 884 297
7 814 255 834 264
5 619 188 710 305
7 366 255 419 290
7 414 257 437 287
7 437 254 485 291
7 528 246 564 279
7 477 256 498 277
7 498 256 509 273
7 575 252 593 267
7 521 255 529 264
7 598 251 609 262
7 612 248 620 259
7 565 250 573 263
2 325 125 344 157
7 830 170 846 191
7 830 197 846 213
7 817 118 838 150
7 815 155 837 174
7 326 160 345 178
1 551 213 557 227
1 546 214 551 226
2 513 214 536 220
