3 6 388 27 453
3 25 391 49 446
3 64 392 84 443
3 819 382 837 427
3 52 392 64 434
3 61 391 74 443
3 678 390 684 401
3 702 386 710 399
3 773 386 781 416
3 799 382 814 432
3 846 387 853 404
3 857 393 883 442
3 981 390 1026 462
3 881 389 891 404
7 146 376 198 425
7 380 388 396 423
7 395 394 410 418
7 410 394 425 412
7 417 390 452 435
7 587 395 617 419
7 528 380 592 449
7 873 389 1000 432
7 950 392 1096 437
7 1141 385 1195 398
7 1146 398 1200 416
7 1211 396 1221 421
7 1032 397 1190 451
7 425 363 561 512
7 622 398 794 525
5 140 318 383 512
5 925 329 1176 393
7 1187 383 1200 395
1 356 286 367 309
1 551 215 565 253
1 776 335 785 358
1 367 287 376 311
1 571 220 592 264
1 882 336 905 361
1 854 278 877 328
1 796 359 805 370
2 676 226 751 248
2 873 268 897 280
2 853 338 863 356
2 265 309 309 318
2 846 210 894 251
2 1235 227 1279 259
