2 660 210 677 232
2 678 199 700 231
2 752 119 775 159
2 452 198 471 208
2 455 240 475 250
3 725 257 742 296
3 802 243 844 331
7 536 263 552 282
7 549 263 568 288
7 517 264 531 280
7 496 269 513 285
7 484 268 499 286
7 468 270 482 291
7 445 272 469 294
7 433 276 451 293
7 413 275 435 299
7 394 279 412 311
7 356 273 399 320
7 250 286 283 329
7 217 286 253 332
7 149 282 241 350
8 282 263 335 345
4 286 302 329 358
7 268 269 365 341
0 0 181 163 401
7 482 290 865 560
7 558 243 704 293
2 723 222 759 242
