2 273 189 296 212
2 269 212 296 237
2 253 242 312 253
2 271 253 291 269
2 246 273 275 280
2 442 330 458 342
2 735 293 755 300
2 739 300 750 313
2 853 327 874 345
2 763 291 792 318
2 761 317 790 347
2 736 322 754 339
1 741 318 753 340
1 394 303 406 332
1 389 335 396 349
5 278 354 377 394
7 242 369 344 440
7 185 383 307 467
7 32 362 204 496
3 377 361 394 399
3 749 366 759 389
3 1004 377 1051 499
1 799 347 811 367
7 671 362 686 383
7 658 364 674 388
7 617 369 636 386
0 570 347 624 367
0 487 334 566 388
7 592 367 614 391
7 563 367 590 391
7 489 377 556 394
7 624 364 666 399
0 695 349 728 371
0 688 372 732 394
7 726 399 866 480
7 0 344 55 538
7 340 392 823 694
