3 5 241 35 331
3 28 241 61 314
3 53 239 91 338
3 85 243 116 333
3 189 254 209 317
3 169 244 194 322
3 209 263 237 331
3 215 254 239 297
3 238 264 259 286
3 274 257 291 273
3 495 270 505 300
3 670 275 684 320
3 1028 272 1079 425
3 819 278 827 308
3 823 279 832 317
3 831 283 847 333
3 871 275 889 330
3 470 271 499 331
3 504 269 517 305
3 521 276 535 301
3 539 272 554 296
3 762 278 774 308
3 775 272 804 332
3 887 287 908 343
3 844 281 867 341
3 1053 236 1154 453
3 950 262 1036 426
3 1224 241 1278 455
1 287 215 310 235
1 487 90 502 132
1 799 154 812 171
1 827 233 849 252
1 288 133 305 167
1 500 93 520 131
1 1165 50 1192 126
1 1137 137 1190 195
1 1078 150 1132 197
2 256 180 298 195
2 800 177 855 197
2 802 210 835 225
7 229 249 459 333
7 692 306 710 308
7 687 281 709 306
7 683 286 709 313
7 638 280 670 318
2 824 155 840 173
7 738 276 751 289
7 585 281 640 327
0 551 242 622 313
7 710 278 729 303
