1 671 295 682 316
1 682 293 694 312
1 526 314 533 332
1 198 359 216 374
1 514 314 520 330
1 519 314 525 330
1 712 312 719 328
1 723 361 736 372
1 446 364 459 375
2 176 320 192 328
2 188 326 195 334
2 192 334 202 342
2 184 362 195 371
2 722 334 735 341
7 584 387 610 412
7 601 390 640 417
7 632 377 715 414
7 649 385 706 432
7 684 382 750 440
7 724 380 824 450
7 812 370 1018 490
6 786 400 824 464
7 288 396 407 437
7 197 377 335 448
7 0 372 318 475
7 0 390 200 492
7 1 396 124 502
7 484 372 536 436
7 526 385 596 444
7 0 412 87 536
8 449 381 466 431
8 465 383 480 430
4 445 410 483 431
7 952 355 1278 538
