2 513 342 527 369
2 922 294 951 317
2 22 269 53 322
1 264 331 274 349
1 13 355 20 371
1 133 348 138 364
7 257 382 267 396
7 266 378 287 396
7 278 382 292 399
7 287 382 300 403
7 301 387 326 407
7 325 387 350 412
7 351 382 378 410
7 360 389 380 419
7 382 383 412 421
7 398 383 419 425
7 604 382 711 428
7 683 392 858 478
7 153 385 171 403
7 103 383 130 407
7 171 383 199 403
7 215 378 242 403
7 36 392 106 435
7 418 389 722 555
7 130 382 156 408
7 198 378 208 396
7 203 376 215 390
7 416 380 482 421
7 450 383 513 432
7 502 371 593 394
7 1146 358 1275 439
7 1030 365 1245 442
7 919 364 1025 403
7 847 374 915 407
7 758 376 833 398
7 717 380 772 392
7 606 374 684 385
