7 704 222 834 344
7 640 250 692 300
5 476 245 516 270
7 516 247 551 272
7 52 255 170 309
7 9 239 117 281
5 169 177 386 326
7 943 158 1260 371
7 882 254 957 318
7 383 244 420 277
7 410 252 439 277
7 436 247 469 274
7 561 249 580 264
7 585 248 600 262
7 603 252 615 262
5 685 247 709 270
2 177 145 234 162
2 787 173 835 187
2 875 144 910 153
2 850 168 870 179
2 945 192 975 202
2 857 209 884 218
2 845 158 870 170
1 260 143 274 168
1 751 164 761 183
1 554 168 562 188
1 512 198 520 212
2 476 200 502 212
