1 520 297 534 323
1 197 262 216 298
1 180 262 195 300
1 508 295 519 325
1 96 385 112 403
1 658 373 668 389
2 10 263 122 281
2 547 305 611 319
2 639 358 662 367
2 650 344 676 353
3 1070 424 1089 527
3 1047 419 1068 498
3 1004 407 1037 498
3 977 421 1004 477
3 904 412 935 451
3 754 409 768 433
3 127 419 141 435
7 534 431 547 449
7 545 424 561 452
7 555 419 582 454
7 552 414 657 519
7 601 416 779 561
7 664 441 1161 707
7 475 436 491 467
7 452 411 484 481
7 332 406 482 576
7 0 413 458 719
7 1239 524 1278 676
7 456 400 531 441
2 829 331 852 371
0 813 373 1025 451
3 1084 427 1124 536
7 42 426 133 484
