7 407 261 424 277
7 376 253 411 287
7 359 260 400 294
7 343 265 388 302
7 419 265 447 293
7 405 271 440 297
7 509 260 540 289
7 558 265 595 293
7 522 271 575 313
7 447 258 512 324
7 623 280 778 391
0 759 192 1096 377
0 1094 138 1278 216
7 858 181 1278 636
7 0 284 232 572
3 1 261 25 285
1 0 223 17 250
1 0 108 14 152
1 317 167 327 196
1 328 170 336 198
1 180 239 188 256
8 111 276 149 316
4 122 305 164 343
4 288 290 343 314
8 304 277 322 313
1 606 186 617 209
2 683 200 706 220
2 743 231 763 239
2 752 225 770 233
1 753 251 768 266
7 201 259 240 284
2 87 216 94 249
