1 759 47 786 118
1 1073 279 1106 308
1 1043 284 1052 306
1 787 54 815 120
2 1031 264 1085 282
2 1042 236 1078 264
2 862 312 874 323
2 447 314 462 317
1 615 346 621 352
1 677 346 681 353
7 573 371 579 382
7 537 371 545 381
7 686 368 701 380
7 741 368 757 383
7 721 369 730 379
7 778 355 852 410
7 495 363 535 391
7 195 360 278 407
7 99 383 179 417
7 288 371 376 417
7 456 366 501 396
7 621 369 636 381
7 602 370 618 382
7 636 369 640 378
7 579 375 592 383
7 644 358 689 397
7 842 351 980 442
5 544 355 572 383
