7 709 301 724 313
7 666 301 680 311
7 659 306 679 318
7 651 309 682 347
7 637 314 655 325
7 607 319 633 352
7 611 318 664 363
7 575 322 611 356
7 569 329 593 359
7 527 329 586 370
7 495 333 542 377
7 464 333 510 383
7 394 314 479 397
7 310 325 420 414
7 105 316 323 452
7 0 314 114 483
7 728 300 742 313
7 732 306 750 320
7 743 312 753 334
7 746 313 758 336
7 750 315 763 341
7 754 317 782 348
7 785 320 807 362
7 803 315 822 368
7 805 308 887 377
7 831 316 915 393
7 863 325 949 409
7 909 302 1120 446
7 1058 275 1279 581
8 769 320 800 369
6 771 346 797 392
