7 908 376 1277 707
7 0 340 127 431
7 1 321 212 411
7 222 349 267 374
7 410 346 472 389
5 596 321 656 391
5 682 338 721 366
5 756 348 794 390
7 244 314 411 436
7 529 320 623 403
7 655 346 724 408
7 729 371 766 391
7 768 369 803 396
0 172 336 210 376
2 487 254 539 264
2 536 235 556 258
2 452 304 476 314
2 442 281 464 291
2 843 328 862 348
2 1045 217 1088 229
2 1020 247 1065 258
2 900 301 924 310
2 522 319 534 344
1 341 174 361 210
1 311 277 331 298
1 582 234 596 258
1 1055 290 1079 309
1 919 314 935 326
1 571 233 581 258
1 746 247 754 267
2 315 222 326 235
3 1135 326 1156 356
3 1075 335 1096 366
3 1179 340 1199 358
3 1157 331 1175 359
3 1013 343 1029 386
3 994 348 1014 389
3 972 351 986 395
7 433 351 495 381
