7 595 269 609 280
7 567 270 586 281
7 555 269 569 280
7 543 272 563 289
7 520 280 541 298
7 503 284 528 300
7 486 292 508 301
7 465 293 499 324
7 480 298 538 345
7 333 296 456 401
7 286 310 347 329
7 220 304 286 330
7 32 309 217 419
7 0 312 41 451
7 120 319 386 476
7 612 268 624 277
7 623 274 638 286
7 630 280 655 299
7 637 285 658 308
7 646 292 673 317
7 661 297 687 314
7 650 296 730 341
7 557 305 641 369
7 682 313 717 357
7 698 311 765 366
7 734 285 907 403
7 912 226 1276 650
2 365 249 384 260
2 710 263 725 271
7 0 450 20 514
