1 564 159 578 186
1 873 10 901 72
1 121 50 145 116
1 321 105 336 140
1 577 154 592 185
2 483 221 503 230
2 479 132 500 164
2 465 207 490 218
2 951 171 976 182
2 964 179 991 195
2 1027 0 1178 16
2 1215 0 1274 30
3 0 302 32 427
3 36 299 72 377
3 94 275 130 350
3 173 287 188 315
3 187 288 205 314
7 176 295 319 339
3 189 295 205 354
3 203 292 228 357
3 235 278 257 353
3 245 282 278 361
3 292 280 316 339
3 312 280 337 343
3 351 286 376 329
3 378 284 405 341
3 429 279 450 329
3 448 280 467 321
3 1256 244 1275 267
3 1232 244 1255 267
3 1192 245 1227 287
3 1101 255 1116 310
3 1053 263 1070 317
3 941 261 959 288
3 974 259 990 307
3 994 257 1010 306
3 1011 255 1029 304
3 1128 257 1151 306
5 539 241 620 313
7 608 273 675 319
0 674 234 728 300
7 748 244 786 282
7 786 256 814 280
7 726 252 748 288
3 507 255 530 318
7 1088 269 1278 529
7 645 190 1070 576
