1 826 97 850 173
1 961 194 976 253
1 799 101 821 173
1 958 322 974 344
2 0 229 27 280
3 99 383 120 411
3 971 380 987 438
3 1004 381 1014 435
3 898 384 911 422
3 989 378 1011 437
3 1020 387 1055 438
3 926 384 944 431
2 607 360 625 369
7 651 395 666 408
7 621 393 641 414
7 600 392 624 417
7 506 392 570 432
7 455 399 479 429
7 434 393 461 432
7 667 396 681 405
7 706 395 720 405
7 720 395 744 411
0 739 392 772 422
0 507 360 602 428
5 624 378 654 409
7 784 376 894 465
7 477 406 498 423
7 260 356 443 471
7 0 377 130 482
3 1263 339 1276 506
