2 577 314 599 339
2 33 153 94 214
2 96 162 114 212
2 192 307 206 315
2 190 314 229 331
2 364 344 386 353
2 330 324 346 334
7 423 348 435 361
7 433 346 453 368
7 438 351 455 372
7 450 341 482 377
7 394 346 428 375
7 359 351 413 394
7 506 350 533 372
7 528 341 578 385
7 563 343 617 394
7 668 336 705 387
7 728 346 791 395
7 75 336 107 351
7 101 336 158 351
7 946 346 1161 457
7 206 320 369 452
7 459 351 514 393
7 599 336 700 418
7 722 322 973 494
2 751 315 784 341
5 1083 293 1245 374
7 1200 368 1279 381
