7 0 332 58 396
3 325 313 352 387
3 355 312 387 383
3 476 313 500 379
3 826 309 838 337
2 461 227 481 238
2 457 239 496 254
2 1116 264 1128 276
2 1206 244 1232 256
2 513 236 529 266
2 281 297 299 317
1 186 0 223 66
1 170 2 195 68
1 282 274 304 292
1 996 288 1004 297
1 1006 291 1016 297
1 859 258 866 275
1 882 270 893 280
1 1029 268 1040 279
3 1034 299 1045 324
0 1101 281 1197 333
0 857 289 957 330
0 1055 278 1105 335
1 859 299 868 311
5 546 255 730 371
7 1005 308 1014 322
7 995 308 1006 325
7 965 313 979 327
7 891 312 913 333
7 977 309 1002 327
7 1009 307 1043 333
7 868 315 908 343
7 741 307 810 357
1 1227 21 1261 85
