3 756 220 786 315
3 971 201 1029 364
3 1022 204 1078 367
3 774 231 794 307
3 795 221 824 305
3 1062 178 1120 362
3 1014 208 1072 335
3 141 241 153 271
3 156 245 172 290
3 169 244 185 262
3 228 241 243 289
3 267 250 277 283
3 252 250 266 289
3 237 247 253 288
8 338 238 370 295
6 342 258 370 305
7 274 230 349 296
7 501 244 512 251
7 486 246 506 257
7 486 251 501 268
7 455 244 497 290
7 521 243 546 248
7 551 249 593 290
5 584 218 717 274
0 550 223 585 253
5 576 222 598 243
7 361 247 382 289
7 378 234 472 301
7 491 249 565 299
7 600 229 723 334
4 1077 301 1267 526
2 826 275 947 376
7 0 218 171 471
1 190 223 209 236
1 275 174 284 188
1 126 189 134 207
1 476 182 482 197
1 523 209 528 219
1 468 181 474 197
1 527 209 533 218
1 591 185 600 200
1 496 231 500 239
2 207 108 215 126
2 210 126 215 146
2 198 198 222 206
2 126 222 138 234
