1 227 151 240 190
1 27 264 50 284
1 6 304 23 323
1 579 221 591 248
1 352 301 362 316
1 434 297 444 312
1 263 319 272 331
1 303 334 309 344
3 243 347 252 373
3 85 348 108 400
1 238 155 254 190
2 65 205 146 223
2 1159 263 1184 279
2 1159 279 1189 296
1 1121 283 1149 313
2 686 242 712 260
2 557 299 572 319
2 561 317 571 331
1 487 302 495 314
7 1080 347 1225 407
0 421 312 486 361
7 325 344 341 357
7 302 344 341 366
7 283 352 335 394
7 445 336 532 403
7 1164 292 1277 496
7 323 323 451 441
7 553 201 1047 595
2 219 315 236 335
2 1201 236 1240 275
2 895 201 937 246
