7 612 195 629 205
7 582 205 600 219
7 585 210 608 229
7 563 217 599 238
7 572 225 593 247
7 566 228 587 264
7 539 238 581 288
7 479 231 552 307
7 663 208 675 225
7 675 208 693 223
7 696 211 712 220
7 673 225 690 237
7 687 217 709 228
7 690 226 717 240
7 672 234 708 247
7 699 240 736 255
7 738 237 790 264
7 745 252 784 315
7 759 246 877 342
7 602 237 654 253
7 590 249 647 310
7 818 249 1048 391
7 222 229 295 268
7 382 214 437 253
7 409 244 530 329
7 616 247 760 376
7 643 222 668 241
7 618 207 635 225
7 630 192 645 207
7 526 209 545 225
7 572 193 583 205
7 556 190 567 204
7 943 270 1278 520
7 529 224 581 283
7 2 289 189 527
2 567 168 577 188
2 629 161 644 167
2 619 165 649 179
2 602 180 628 194
2 626 182 644 192
2 728 188 746 212
