2 200 229 230 272
2 559 198 657 220
2 1087 10 1172 40
2 1086 36 1173 66
2 1057 82 1125 125
2 832 270 877 289
2 1037 122 1138 165
2 844 283 861 321
2 659 252 685 275
2 527 287 551 303
1 418 110 436 163
1 665 205 686 241
1 440 110 467 162
4 4 368 80 436
4 19 373 92 434
4 78 362 119 424
4 89 368 128 425
1 204 290 224 312
5 414 374 432 388
5 398 369 416 389
5 461 330 541 401
7 429 376 444 391
7 448 376 461 394
3 607 377 621 411
3 624 374 635 408
7 512 352 600 422
5 326 326 390 398
0 1231 332 1276 424
7 1240 407 1276 477
1 1119 179 1180 250
1 677 304 703 322
