1 157 308 167 329
1 179 282 191 305
1 259 282 272 306
2 240 282 259 295
2 426 338 491 353
2 389 343 405 354
2 672 349 690 362
2 76 358 100 372
1 618 298 630 323
1 428 301 439 318
1 528 337 537 353
1 611 326 623 351
1 658 330 672 354
7 447 360 465 370
7 465 362 478 370
7 494 362 505 370
7 479 359 493 370
5 420 352 435 369
7 433 361 451 374
7 423 362 444 378
7 459 367 479 382
7 396 359 416 376
7 383 366 402 384
7 365 370 394 392
7 266 364 294 385
7 604 382 725 460
7 293 366 308 373
7 238 361 252 373
7 157 358 182 368
7 138 362 151 371
7 592 379 610 396
7 605 371 658 410
7 713 370 747 393
7 0 398 28 414
1 569 337 577 354
1 55 336 64 355
