2 837 210 855 223
2 758 201 777 226
2 758 225 778 237
7 33 260 115 308
7 590 248 603 260
7 581 248 591 260
7 568 251 579 261
7 601 250 613 261
7 603 261 615 272
7 616 261 625 276
7 619 266 635 277
7 624 269 640 286
7 635 273 647 289
7 641 270 657 292
7 647 272 668 292
7 588 258 603 272
7 593 264 606 276
7 575 260 585 272
7 547 254 565 266
7 560 264 578 275
7 540 263 552 276
7 531 264 544 276
7 528 269 543 277
7 519 269 534 280
1 768 240 788 255
1 657 185 664 204
1 642 185 648 202
1 424 182 432 199
1 413 179 421 201
7 685 271 723 296
1 702 212 711 231
7 765 257 895 342
4 827 277 901 352
7 864 277 1039 387
7 721 263 796 327
7 711 275 742 322
7 476 269 507 288
7 471 273 487 291
7 454 269 471 292
7 454 269 468 291
7 443 270 462 292
7 416 267 446 291
7 405 272 429 295
7 366 258 414 297
7 344 270 397 300
7 504 269 529 289
7 549 266 565 282
7 565 273 586 286
7 599 275 618 289
2 845 240 866 247
2 695 242 713 250
2 264 206 278 213
7 983 234 1278 460
1 648 182 658 204
7 1 261 78 331
2 270 224 292 236
1 260 234 275 252
