7 348 182 369 202
7 331 182 356 205
7 318 190 348 215
7 289 202 327 232
7 274 213 306 240
7 253 221 291 251
7 240 224 272 263
7 188 232 255 283
7 148 257 226 297
7 74 276 179 350
7 465 179 482 192
7 470 181 493 202
7 407 177 434 200
7 356 200 390 226
7 358 224 398 251
7 354 232 402 266
7 329 253 392 295
7 293 299 360 369
7 95 291 295 430
7 505 188 533 217
7 514 205 545 236
7 522 213 562 243
7 526 230 575 274
7 556 278 621 335
7 327 285 600 474
3 953 318 986 407
3 989 278 1045 411
2 1170 13 1275 126
2 1195 133 1264 211
7 1014 283 1157 354
7 1180 246 1279 325
3 733 286 752 355
3 754 288 773 353
2 1187 126 1250 149
