7 0 252 385 582
1 418 224 453 236
1 612 229 651 245
1 1251 247 1278 266
2 493 305 517 332
2 652 335 665 351
2 414 298 427 340
7 484 348 503 360
7 530 353 552 365
7 566 348 581 356
7 555 351 569 362
7 569 347 582 356
7 584 348 600 359
7 717 365 735 378
7 732 365 758 378
7 713 356 731 366
7 659 351 674 362
7 666 354 683 365
7 675 360 690 369
7 683 348 698 359
7 702 348 714 357
7 701 336 713 347
7 708 341 720 353
7 713 338 725 347
7 720 348 732 359
7 726 342 737 354
7 732 341 740 354
7 765 359 780 369
7 789 360 800 372
0 795 359 809 372
5 505 342 532 360
7 691 360 719 381
7 862 365 905 387
7 949 375 984 393
7 601 357 619 365
7 574 356 598 368
3 1124 380 1140 420
3 1158 377 1173 425
2 1080 289 1089 342
2 574 326 588 338
1 974 31 1011 106
1 908 56 923 128
7 642 350 661 365
7 682 336 694 347
0 667 338 680 351
2 953 339 963 356
2 914 176 968 230
2 962 351 971 366
2 1208 389 1217 405
2 1198 383 1207 407
2 1186 384 1198 408
