7 0 403 52 519
7 1007 363 1279 549
7 1146 324 1279 383
7 1126 324 1255 359
7 0 391 121 475
7 296 361 348 413
7 366 350 415 391
7 430 347 455 365
7 454 345 472 363
7 541 346 571 369
7 489 347 530 363
7 480 360 513 369
7 569 345 651 409
7 532 339 552 350
7 444 364 589 492
1 81 184 97 220
1 99 182 121 221
1 547 219 562 251
1 531 221 546 254
1 741 252 751 275
1 1118 272 1143 295
1 755 311 768 324
1 588 305 593 319
1 559 318 566 328
2 308 207 337 234
2 293 173 346 191
2 403 289 425 308
2 401 277 426 287
2 729 287 758 296
2 1083 219 1129 238
2 1089 241 1120 254
3 688 346 698 369
3 697 341 704 368
3 703 341 719 379
3 768 343 787 397
3 754 344 767 397
3 719 343 729 378
3 724 345 736 358
3 731 352 743 398
3 743 341 755 395
3 793 339 812 397
3 809 333 836 381
3 836 334 847 375
3 857 337 873 377
3 880 347 892 369
3 892 342 907 369
3 909 333 935 367
3 954 334 976 360
3 1023 327 1045 348
3 170 359 184 382
3 184 357 197 379
3 334 337 374 445
3 405 349 433 407
3 263 356 282 376
3 246 359 260 380
3 231 361 243 381
3 108 363 138 407
3 86 368 106 401
