7 324 333 343 349
7 385 329 399 344
7 404 319 430 336
7 437 333 456 352
7 362 328 385 348
7 297 335 324 353
7 401 330 421 346
7 451 330 500 367
7 454 335 506 372
7 120 345 150 383
7 180 333 226 376
8 137 320 193 422
4 136 354 201 449
5 812 317 919 360
7 942 311 1031 353
7 929 306 1178 404
3 1097 309 1140 458
3 1035 308 1089 456
3 900 318 966 486
3 866 322 919 480
1 807 105 834 183
1 761 115 795 188
3 549 317 565 365
1 773 237 808 276
1 736 226 771 269
7 431 329 452 348
7 349 334 365 344
2 461 293 470 305
2 759 80 838 96
1 336 311 342 320
7 1163 301 1269 349
