2 182 373 203 383
2 188 386 217 396
2 762 376 791 388
2 947 318 978 329
2 919 293 967 308
2 947 340 968 369
2 660 410 672 424
1 207 263 220 295
1 635 321 647 348
1 792 411 803 421
1 182 267 199 300
1 617 321 637 351
1 955 369 988 396
1 182 417 197 432
1 583 420 593 429
1 457 415 466 426
7 509 441 531 477
7 638 449 676 479
7 400 459 419 481
7 375 457 401 481
7 323 457 354 496
7 331 446 381 486
7 252 451 334 501
7 588 444 642 486
7 671 451 721 486
7 456 432 502 485
3 807 432 832 507
3 69 441 96 502
7 811 421 947 530
7 873 406 1236 582
7 526 435 582 491
