2 505 102 529 112
2 455 112 530 121
2 467 124 534 165
2 534 168 547 179
2 535 181 549 197
2 561 200 572 210
2 564 211 572 218
2 555 240 582 255
2 580 258 587 264
2 835 171 871 191
2 857 215 888 222
2 859 237 868 251
2 859 285 873 313
2 416 252 424 272
2 12 255 23 286
1 28 0 66 54
1 66 0 94 55
1 237 125 256 173
1 256 126 276 173
1 39 160 72 210
1 708 147 726 178
1 692 144 707 179
1 865 252 883 270
2 443 0 469 22
1 1126 132 1190 193
7 615 296 630 315
7 592 301 615 317
7 561 295 588 324
7 668 274 726 333
7 624 282 700 364
7 516 297 574 345
7 0 313 247 566
7 1034 288 1226 346
