2 671 23 697 46
2 668 77 689 95
2 823 73 836 110
2 820 37 842 50
2 739 100 751 115
1 144 51 152 75
1 685 50 694 71
1 598 2 610 23
1 607 2 617 23
1 270 0 281 21
1 279 0 288 21
7 469 117 508 153
7 508 118 540 165
7 803 130 919 205
7 60 106 114 178
3 224 99 240 142
3 212 100 221 136
3 203 100 209 123
3 72 97 84 117
3 65 106 74 129
3 32 105 48 151
3 0 97 23 153
3 44 112 60 153
7 1238 145 1278 256
7 95 77 227 199
7 516 105 619 195
7 221 59 493 298
7 859 108 1248 295
0 239 39 391 124
3 668 129 676 160
3 676 130 683 160
3 694 129 700 156
3 700 127 709 157
3 722 127 733 153
3 736 129 749 172
3 746 126 761 171
3 767 130 785 171
3 788 130 799 171
