7 509 326 521 340
7 488 329 505 340
7 478 345 490 353
7 457 334 474 347
7 438 345 462 354
7 406 346 438 363
7 486 342 513 362
7 470 350 505 374
7 438 351 470 371
7 405 359 447 391
7 519 354 549 378
7 349 365 384 393
7 311 377 347 403
7 257 385 323 415
7 135 409 263 465
7 336 385 390 420
7 237 394 347 456
7 568 362 616 403
7 582 389 630 434
7 412 373 548 480
7 2 397 34 479
7 892 374 1148 443
7 892 387 1008 438
3 945 349 973 444
3 789 386 821 442
1 742 321 761 353
2 713 283 737 316
1 576 298 585 312
1 534 283 543 299
1 475 310 485 324
1 165 328 182 364
7 584 323 602 340
