7 445 358 463 378
7 430 360 466 395
7 396 358 439 400
7 361 357 414 417
7 322 354 390 429
7 197 337 353 458
7 44 339 278 498
7 0 348 120 548
7 537 354 555 369
7 546 352 581 386
7 626 365 638 377
7 629 355 691 401
7 682 358 704 372
7 691 360 736 398
7 711 366 763 404
7 737 357 814 407
7 780 366 860 420
7 825 366 923 429
7 891 366 1037 447
7 992 346 1274 489
7 568 356 634 408
7 455 342 547 422
2 307 272 325 292
2 304 291 325 315
2 383 309 395 318
2 386 318 402 334
2 919 279 937 298
2 922 303 940 321
2 674 325 688 346
1 602 332 613 346
1 467 331 480 344
