7 671 331 690 342
7 648 334 670 356
7 663 317 670 332
7 668 318 687 329
7 671 339 682 354
7 693 324 705 342
7 698 326 712 339
7 704 329 717 349
7 709 327 725 359
7 719 329 751 364
7 725 337 747 366
7 742 337 769 374
7 751 332 828 395
7 626 331 648 353
7 616 326 633 359
7 506 317 574 389
7 0 293 520 506
7 784 341 897 424
3 1011 318 1055 429
3 1058 323 1099 409
3 909 359 926 402
3 1106 329 1136 410
2 937 255 961 271
2 929 211 947 235
2 920 238 971 257
7 604 329 623 367
7 589 329 606 374
7 567 325 592 376
3 953 326 973 385
