2 310 184 327 213
2 311 222 332 232
2 357 206 374 221
2 277 230 302 269
2 484 238 522 250
2 434 261 457 272
2 428 246 440 253
2 879 261 901 277
2 793 285 837 302
2 1026 238 1055 250
2 1051 260 1067 293
2 926 304 945 310
2 909 307 923 327
7 790 337 808 348
7 810 337 824 352
7 819 338 848 357
7 719 332 736 348
5 718 321 733 335
7 644 327 660 346
7 586 319 627 351
7 653 321 707 363
7 733 321 785 368
7 338 297 435 369
1 435 269 445 293
1 550 227 558 249
1 804 252 812 269
1 939 311 953 322
1 562 230 572 250
1 291 266 311 279
1 1045 301 1069 316
3 982 344 995 388
3 973 332 986 373
3 1164 338 1191 399
3 1133 348 1163 410
3 575 319 587 354
3 550 324 559 348
3 504 326 514 341
3 496 322 506 344
3 294 311 311 329
4 246 319 280 363
4 261 322 301 365
4 29 327 76 373
4 17 319 70 365
4 4 316 67 368
2 534 296 547 316
2 808 319 819 332
1 378 205 391 228
