1 562 280 572 297
1 698 288 710 307
1 676 300 685 315
1 401 277 411 295
1 395 278 403 293
1 241 307 255 329
1 145 300 155 315
1 136 302 147 315
2 79 305 104 320
2 511 314 543 332
3 849 320 860 341
7 285 347 303 363
7 273 353 293 369
7 167 347 243 374
7 217 354 290 395
7 310 346 336 366
7 346 344 388 371
7 384 339 403 356
7 398 334 427 363
7 417 339 435 363
7 513 336 526 351
7 501 337 513 353
7 489 334 503 347
7 546 337 572 361
7 616 329 638 347
7 680 331 692 349
7 688 329 705 351
7 719 327 734 341
7 727 327 746 344
7 742 326 761 347
7 759 327 793 349
7 908 317 962 358
7 941 314 1002 359
7 1086 314 1205 369
7 86 361 153 383
5 44 341 125 386
7 0 356 81 427
7 0 373 342 575
7 423 336 513 408
7 563 331 624 385
7 987 315 1076 363
7 1176 304 1279 378
