3 1213 240 1275 464
7 805 405 1275 699
7 784 418 864 483
7 744 427 784 468
7 719 421 756 461
7 699 430 725 458
7 688 421 707 451
7 588 418 615 439
7 560 427 573 443
7 544 421 558 440
7 489 424 502 451
7 468 412 493 451
7 417 409 468 457
7 401 419 441 465
7 368 424 401 465
7 259 391 367 486
5 138 397 270 500
0 615 413 683 443
7 502 410 554 452
7 628 418 691 475
7 564 421 604 451
5 0 373 143 517
2 891 344 918 391
2 891 298 915 329
2 650 370 665 393
2 572 361 590 394
2 587 363 599 390
2 256 360 276 385
5 1053 248 1277 488
