1 957 221 977 266
1 1130 246 1151 287
1 936 218 955 258
1 739 260 754 293
1 302 304 327 342
1 563 351 580 368
1 1088 344 1108 368
1 341 314 373 344
2 298 219 329 245
2 290 192 344 214
2 214 206 268 246
2 174 288 207 319
2 540 285 568 299
2 670 270 703 293
2 1105 320 1142 351
2 1132 293 1164 307
3 516 381 550 455
3 617 393 638 445
3 644 391 668 449
3 1147 385 1181 449
3 201 393 248 503
3 386 390 430 521
3 422 386 449 491
3 452 386 477 491
3 506 381 528 447
3 1130 381 1140 420
3 1086 385 1110 437
3 467 401 499 496
3 720 381 732 408
3 707 383 719 407
3 1022 385 1041 412
3 1043 376 1073 439
7 249 388 395 432
7 174 381 312 471
7 737 388 751 428
5 872 361 919 374
5 749 315 869 501
5 1224 374 1279 450
7 759 369 1081 638
3 685 381 699 425
