1 144 197 162 229
1 98 234 114 260
1 42 272 54 298
1 218 117 253 239
1 255 127 274 240
1 249 255 268 284
1 207 255 232 286
2 269 321 291 344
2 214 17 260 37
2 214 41 264 64
2 222 67 263 99
1 34 330 51 344
1 6 350 23 361
1 860 238 873 258
1 847 229 858 257
2 1044 235 1071 247
2 1060 252 1084 262
2 999 283 1025 293
2 1003 295 1026 310
2 934 298 954 305
1 565 250 575 288
1 692 298 702 306
1 345 328 356 335
1 531 293 536 304
1 927 312 936 322
1 635 302 641 315
1 466 304 474 316
2 791 289 809 295
2 425 337 437 350
7 472 352 491 380
7 436 351 475 383
7 401 351 444 384
7 351 358 381 390
7 155 363 183 375
7 185 363 208 378
7 836 332 897 375
7 415 311 937 623
7 940 363 1278 608
3 208 359 220 393
3 132 366 139 395
3 0 370 14 415
3 64 357 83 405
3 112 356 131 397
7 21 372 53 393
7 139 366 158 382
4 263 368 281 389
3 365 333 408 460
3 304 334 355 456
3 209 349 254 460
3 1234 320 1247 339
3 1096 320 1116 361
3 1066 315 1093 363
7 1113 334 1135 363
7 1120 334 1184 361
3 1237 330 1263 365
