7 0 242 273 430
7 468 291 530 329
7 525 296 557 325
7 558 298 591 323
7 766 306 786 328
7 752 301 774 328
7 738 304 762 323
7 726 307 745 318
7 987 282 1157 344
7 1154 302 1249 338
8 670 276 698 324
6 668 293 697 340
1 621 226 633 249
1 881 232 898 259
1 661 288 668 297
1 739 290 749 294
1 275 228 286 250
2 487 120 538 184
2 255 165 285 187
2 263 184 279 220
7 702 303 729 323
7 788 278 896 350
7 434 299 478 331
7 647 304 675 316
7 607 305 624 328
7 890 292 916 333
1 1086 220 1108 249
1 99 218 118 240
1 1157 159 1183 203
