1 343 256 351 277
1 679 286 685 301
1 330 256 339 280
1 675 288 679 301
1 116 325 142 345
1 149 261 162 287
1 193 318 200 337
2 851 294 875 328
2 1102 282 1139 296
2 1112 297 1133 327
3 878 340 895 393
1 664 327 672 333
1 575 319 580 328
2 790 319 809 326
7 603 364 614 370
7 586 363 603 373
7 562 362 581 370
7 545 361 561 374
7 510 363 524 378
7 484 359 509 369
7 483 363 512 384
7 671 360 687 372
7 685 349 712 374
7 693 354 719 376
7 705 355 739 381
7 895 335 979 386
7 1005 344 1100 382
7 1218 331 1278 374
7 1233 374 1279 397
7 437 354 488 391
7 527 359 552 378
7 759 352 831 405
7 22 359 111 416
7 101 359 234 430
7 0 366 102 462
