1 355 255 365 277
1 640 269 650 287
1 113 331 137 345
1 365 256 374 278
1 348 256 357 276
1 649 269 657 288
1 635 271 641 287
1 873 300 890 316
1 861 301 871 315
1 282 335 300 345
7 250 345 339 375
7 130 361 197 395
7 65 364 100 379
7 0 360 105 409
7 0 379 68 445
7 514 356 532 376
7 486 356 521 385
7 443 350 492 391
7 622 351 641 368
7 592 357 624 380
7 680 349 700 367
7 766 362 829 437
7 974 340 1076 396
7 1025 367 1076 402
7 811 351 839 361
7 383 350 457 404
7 523 346 598 406
7 641 351 680 386
7 799 347 996 480
7 144 358 295 441
2 758 313 776 320
2 768 296 784 302
2 836 301 859 314
2 126 291 140 298
2 119 299 137 306
3 92 360 100 372
3 105 378 119 419
