7 504 286 539 323
7 429 300 453 323
3 903 307 918 330
3 913 309 936 331
3 929 307 945 330
3 966 312 980 361
3 953 307 981 382
8 934 305 964 366
3 903 317 945 408
4 922 347 964 405
3 990 314 1018 377
3 1020 310 1046 386
3 1034 314 1063 396
3 1090 310 1112 398
3 1063 312 1098 405
3 1209 303 1263 417
4 999 342 1039 401
3 408 291 427 326
3 380 289 397 323
3 362 289 383 323
3 345 289 359 324
3 317 284 333 323
3 307 277 321 326
3 301 275 317 307
3 287 282 300 303
3 263 279 282 326
3 251 279 268 321
3 251 284 265 323
3 230 277 247 326
3 210 277 223 307
3 195 279 214 335
3 217 277 238 338
3 172 274 196 326
8 139 270 177 338
4 125 300 184 351
3 93 270 125 305
3 72 279 98 331
3 48 272 72 337
3 43 270 64 324
3 8 268 50 344
3 2 246 20 272
2 100 181 128 202
2 78 199 123 214
2 125 211 146 227
2 111 225 146 241
2 114 244 139 265
2 252 235 284 249
2 279 206 301 220
2 1018 232 1050 279
1 464 277 474 296
1 450 281 459 295
1 396 207 408 228
1 289 235 301 258
1 263 258 280 272
7 450 293 523 352
0 520 158 911 414
7 502 275 848 548
