2 672 254 712 296
2 639 297 653 320
2 597 312 609 326
2 514 311 530 319
2 267 301 277 324
1 406 302 414 311
1 474 297 483 309
1 487 304 494 312
2 572 324 582 332
3 185 317 203 362
0 336 316 370 336
7 378 330 403 341
7 338 334 377 355
7 310 325 337 352
7 304 334 328 356
7 268 321 306 357
7 468 331 491 351
7 446 331 472 357
7 564 334 576 355
7 605 336 662 371
7 694 342 710 357
2 804 290 826 310
2 815 258 828 281
2 817 286 838 294
2 809 311 826 325
5 525 320 567 367
7 222 331 282 360
7 386 327 460 380
7 483 327 553 390
7 574 339 604 361
