7 0 331 169 416
7 1121 291 1277 373
7 688 279 768 358
7 844 275 959 368
7 656 306 681 323
7 612 311 636 328
7 456 323 499 353
7 501 320 541 349
7 162 339 263 398
7 295 331 371 374
7 353 321 420 364
7 415 328 455 360
7 541 315 566 341
7 565 311 591 336
7 1035 295 1151 361
7 978 281 1079 354
7 960 299 991 349
7 845 308 855 328
7 833 306 850 326
7 819 304 838 328
7 763 305 786 326
7 791 303 811 319
7 781 301 794 315
7 638 309 656 325
5 673 303 690 323
2 1202 219 1232 240
2 799 281 813 290
1 650 274 655 288
1 763 269 767 281
6 257 336 308 381
