7 480 424 499 448
7 464 421 486 448
7 443 420 470 451
2 494 411 513 436
2 482 373 517 408
1 480 347 504 376
1 501 349 519 373
1 481 293 490 314
1 489 263 505 294
1 606 240 625 278
1 625 244 636 279
2 902 264 939 279
2 900 273 920 288
2 0 0 122 47
2 150 0 415 42
1 173 229 189 267
3 65 424 88 455
7 509 404 554 455
2 901 305 917 321
1 912 315 951 337
2 1149 188 1209 275
7 909 293 1279 561
7 340 416 466 507
2 416 367 431 374
2 418 374 434 392
2 419 390 434 402
2 361 359 384 369
2 369 369 396 390
7 528 268 980 579
2 877 224 904 244
2 877 173 901 190
