3 767 306 865 561
3 1176 334 1204 373
3 1150 326 1177 374
3 1125 326 1147 375
2 1245 306 1260 329
2 1212 301 1229 318
2 257 83 289 122
2 900 57 950 97
2 645 98 698 123
2 653 150 685 192
2 643 286 666 319
2 642 245 671 278
2 648 234 686 275
2 349 219 366 233
2 341 197 379 213
7 1078 333 1130 379
7 1045 316 1074 338
7 1021 320 1036 331
7 990 319 1020 334
7 923 318 940 329
7 930 314 975 339
7 899 314 924 338
7 849 316 910 341
7 767 308 845 350
7 673 296 732 316
7 656 305 759 351
3 598 294 616 318
7 396 289 526 346
7 477 298 626 358
3 323 288 334 324
3 336 288 353 323
7 985 324 1074 404
7 927 330 1024 408
7 869 339 970 422
7 247 263 257 277
7 260 269 270 279
7 253 281 269 295
7 273 280 285 286
7 272 284 300 298
7 274 290 298 310
7 284 290 333 324
7 222 283 242 296
5 220 260 249 289
3 200 274 212 288
7 169 273 190 285
7 162 275 173 291
7 139 273 163 293
7 113 277 137 296
7 73 269 114 303
0 2 234 72 311
1 224 77 247 124
1 361 267 378 278
1 424 248 440 267
1 406 199 421 237
1 648 198 671 237
1 865 113 903 192
1 853 222 899 272
1 890 230 927 275
1 436 212 456 245
1 390 202 406 235
1 401 248 414 263
