1 558 229 567 255
1 784 243 791 264
1 684 301 695 315
1 340 308 355 328
1 328 308 341 329
2 480 292 495 303
2 487 306 506 318
2 343 276 376 289
1 796 297 810 311
1 854 306 866 324
7 564 332 616 374
7 651 327 705 376
7 695 329 707 345
7 399 359 445 409
7 132 374 237 458
3 210 346 223 374
3 224 345 254 381
7 198 360 259 376
5 777 324 796 350
5 854 135 1165 467
7 794 310 857 371
7 703 296 780 397
7 210 343 411 472
7 1 331 132 488
7 516 346 560 378
7 577 334 628 374
3 483 345 504 401
3 439 339 460 387
3 1053 289 1118 350
3 1119 306 1202 544
7 1188 306 1279 491
2 616 318 628 332
3 635 336 644 362
1 480 317 502 332
2 483 257 495 278
3 607 313 616 334
