2 121 313 135 340
7 418 340 425 357
7 406 345 422 362
7 395 342 401 356
7 386 340 393 361
7 364 342 374 356
7 369 345 388 362
7 354 340 368 356
7 336 340 351 356
7 300 337 322 350
7 219 340 244 350
7 202 334 222 347
7 172 335 195 342
7 192 342 206 357
7 131 337 162 356
7 50 325 81 340
7 643 347 698 374
7 752 357 788 381
7 786 361 820 379
7 892 357 914 379
7 1011 354 1108 391
1 423 315 428 329
1 411 318 415 334
1 398 318 403 332
1 388 313 391 327
2 283 292 295 303
2 323 294 331 306
2 370 294 377 307
2 409 294 415 306
2 448 294 458 307
