2 757 232 797 273
2 532 221 597 261
2 470 218 514 255
7 685 313 706 326
7 701 317 737 332
7 660 314 679 327
7 748 322 780 338
5 750 300 919 360
7 914 350 969 368
7 923 330 1009 360
7 1017 328 1087 367
7 591 300 600 310
7 585 300 593 311
7 589 310 639 373
7 405 300 455 328
7 364 300 398 320
5 357 286 393 317
7 343 298 358 309
7 313 291 354 314
7 205 299 229 323
7 150 300 206 324
7 129 311 185 324
7 121 303 151 314
7 80 311 120 326
7 85 304 118 313
7 365 306 447 373
7 439 289 603 438
7 221 286 331 366
7 2 303 212 558
7 1212 380 1277 413
