2 209 0 447 101
2 312 174 356 199
2 442 184 494 219
2 347 138 368 175
2 408 174 437 185
2 364 177 393 199
2 400 180 435 202
2 492 239 516 251
2 732 261 746 280
2 950 241 977 261
2 887 299 898 320
7 558 303 566 316
7 593 308 607 320
7 614 313 627 332
7 619 308 634 323
2 888 279 901 300
7 753 316 775 338
7 766 320 797 342
7 800 325 824 337
7 797 327 869 352
7 922 330 949 342
7 854 332 945 355
7 567 305 581 318
7 643 315 663 325
7 668 315 690 327
7 692 315 709 329
7 704 317 756 357
7 590 316 624 344
7 1085 340 1166 362
7 1211 340 1262 357
7 1259 345 1279 372
2 424 207 451 235
