2 653 45 674 58
1 688 31 697 49
1 915 59 934 70
7 552 83 573 92
7 541 83 555 94
7 522 80 545 97
7 513 82 531 97
7 494 82 522 99
7 480 82 499 97
7 465 82 486 99
7 438 82 466 99
7 414 82 433 99
7 375 82 419 106
7 365 82 386 103
7 342 83 372 124
7 309 82 354 96
7 291 89 340 117
7 279 87 307 104
7 197 87 277 117
7 129 85 188 110
7 104 94 143 113
7 687 80 699 96
7 667 80 687 96
7 659 84 683 105
7 653 87 671 117
7 688 84 718 94
7 601 89 611 112
7 676 96 727 142
7 606 77 659 133
7 540 91 597 124
7 527 98 592 147
0 735 63 791 122
7 1 71 40 85
7 0 85 150 200
7 0 127 471 409
7 860 69 880 80
7 852 80 869 90
7 866 82 888 94
7 894 78 930 96
7 928 85 962 97
7 1021 97 1041 110
2 830 57 858 82
0 893 64 985 99
