3 211 205 255 353
3 234 190 275 334
3 99 233 149 313
3 473 178 500 239
3 711 173 733 227
3 745 175 765 238
3 252 186 310 347
2 176 54 225 107
2 474 90 495 163
2 755 51 785 80
2 829 55 881 69
2 861 99 896 132
2 829 88 856 105
2 1107 139 1125 158
1 610 68 632 116
1 584 68 607 118
2 1248 85 1276 112
7 199 194 421 280
7 822 169 882 227
7 1088 162 1139 225
7 1075 138 1107 165
7 1013 146 1053 180
7 1126 136 1173 181
7 1172 116 1239 185
2 795 173 805 207
7 1019 164 1132 252
2 181 107 224 162
2 758 82 785 110
2 755 110 785 144
1 589 135 609 154
