7 455 265 475 276
7 422 264 436 276
7 411 264 430 280
7 401 267 415 280
7 390 268 406 279
7 375 266 397 284
7 358 264 379 287
7 350 268 371 287
7 328 263 356 290
7 306 268 339 293
7 238 256 313 302
7 156 263 243 320
7 521 264 533 278
7 529 260 554 282
7 539 267 560 287
7 546 268 572 288
7 557 270 596 298
7 595 272 657 310
7 639 268 725 327
7 724 264 801 297
7 929 266 974 284
7 944 267 1038 327
7 973 306 1278 519
7 91 271 196 325
7 504 266 522 275
7 496 263 510 280
7 471 266 494 285
7 430 266 459 286
