2 691 188 708 213
2 575 217 583 232
2 769 147 788 174
2 1144 26 1191 47
2 1108 81 1171 106
1 1149 119 1191 155
1 650 214 658 227
2 283 206 302 216
1 554 186 565 199
1 512 206 517 219
1 453 194 459 210
1 470 206 478 221
7 512 228 528 238
7 468 235 484 241
7 440 230 459 244
7 421 235 435 244
7 377 235 399 250
7 493 233 507 244
7 525 230 553 252
7 496 236 533 264
7 550 235 594 275
7 573 232 663 294
7 647 232 691 272
7 694 230 716 244
7 708 228 772 253
7 939 224 1095 282
7 326 239 352 263
7 277 232 330 277
7 214 239 264 277
7 186 232 239 272
7 158 243 186 260
7 0 241 62 265
7 29 244 155 297
