7 767 389 803 445
7 784 387 834 457
7 713 383 734 405
7 716 395 751 445
7 730 386 752 415
7 581 392 620 419
7 584 384 748 521
5 819 354 1027 500
7 1021 386 1072 451
7 1088 390 1276 480
7 1262 406 1276 425
2 712 308 739 320
2 630 313 649 338
2 631 344 654 372
2 914 325 928 343
2 897 326 912 344
2 768 310 788 334
2 1092 317 1113 337
2 1092 344 1113 372
2 1198 320 1218 329
2 1222 320 1238 331
1 774 308 782 333
1 903 323 909 346
1 953 342 964 361
1 715 336 724 365
1 686 347 698 369
1 1070 338 1085 365
3 1068 386 1082 441
