1 456 223 469 242
1 606 197 618 215
1 638 192 647 207
1 646 192 652 209
1 693 192 702 208
2 690 208 703 223
2 739 209 756 227
1 360 235 371 247
2 294 223 311 240
3 817 238 823 263
7 918 242 939 260
7 880 234 890 255
7 835 239 877 267
7 729 245 756 264
7 761 242 791 267
7 803 250 818 263
5 990 222 1030 279
5 1025 124 1266 284
3 873 233 885 268
3 822 232 840 279
7 491 245 502 257
7 501 249 512 262
7 511 247 526 267
7 471 244 500 269
7 455 244 475 257
7 426 247 447 262
7 351 252 368 262
7 339 250 353 268
7 311 250 330 272
7 177 252 212 300
7 197 238 296 303
7 298 247 316 286
7 356 238 425 290
7 431 250 471 279
7 481 215 766 434
