7 0 144 274 190
7 228 148 337 190
7 351 171 454 188
7 418 162 484 184
7 471 170 511 187
7 615 171 636 189
7 634 173 673 188
7 670 176 690 187
7 692 172 716 186
7 757 179 773 186
7 852 183 866 192
7 841 183 855 200
7 811 179 843 211
7 777 184 837 235
7 870 182 889 187
7 867 186 887 203
7 880 187 918 220
7 909 183 929 193
7 1005 193 1028 216
7 905 172 1014 258
7 1069 177 1183 255
7 1247 144 1279 159
7 1086 157 1278 407
5 2 46 460 181
2 874 112 891 119
2 834 119 892 139
2 970 110 990 117
2 942 116 992 142
2 1176 113 1211 153
