7 302 309 333 328
7 705 281 855 403
7 909 292 962 326
7 312 306 335 323
7 334 307 350 321
7 195 310 227 332
7 94 315 143 343
7 0 320 42 351
2 24 134 64 168
2 356 218 374 227
2 460 177 479 196
2 372 283 384 302
2 1010 119 1087 197
2 1023 202 1081 221
2 1031 229 1072 280
2 1087 186 1115 199
2 1144 209 1157 218
2 1148 224 1166 232
1 54 179 72 208
1 54 212 70 245
2 41 257 76 308
1 560 164 569 190
1 541 164 550 190
1 548 161 559 193
1 1045 22 1069 83
1 980 166 990 191
1 807 223 818 248
1 1159 178 1171 209
1 1014 203 1042 232
1 387 254 397 272
1 372 257 379 271
2 372 226 395 247
7 643 299 656 308
7 673 299 685 311
7 700 298 715 311
7 1140 296 1156 314
7 1069 283 1123 322
7 384 307 399 314
7 437 301 449 311
7 461 299 474 311
7 479 302 495 313
5 625 290 643 310
3 1012 290 1025 323
5 269 292 304 324
1 822 256 834 267
1 1169 252 1187 265
