7 1072 314 1278 564
7 822 253 1196 450
7 747 285 871 391
7 28 301 100 333
7 95 299 138 328
7 129 300 171 321
7 164 296 192 321
7 178 292 240 320
7 570 277 601 305
7 546 282 559 295
7 558 280 574 296
7 535 280 546 290
7 422 279 453 298
7 516 281 540 302
7 463 284 494 305
5 512 273 520 293
5 500 267 515 296
5 471 262 504 301
2 355 220 372 226
2 463 261 472 265
2 572 270 580 278
2 576 259 586 263
2 675 223 697 229
2 652 242 670 264
2 753 127 785 140
1 353 244 363 256
1 366 242 376 257
1 759 228 768 253
1 360 193 369 214
1 528 185 536 203
1 541 253 545 260
1 463 245 470 259
1 537 262 544 269
2 771 167 802 177
2 763 208 787 227
