7 203 410 457 561
7 546 415 854 658
7 492 423 537 458
7 4 434 125 488
3 536 421 552 457
7 529 424 566 452
7 555 427 577 449
7 561 424 582 439
7 574 415 612 451
3 882 403 911 460
3 913 401 950 464
3 997 393 1046 475
2 569 344 602 373
2 679 397 695 418
2 861 267 915 317
2 866 316 898 362
2 879 358 903 384
2 881 397 905 425
2 647 343 660 362
1 156 328 169 348
1 142 327 156 348
1 156 257 176 296
1 7 369 42 395
1 278 245 296 299
1 534 336 547 361
1 606 333 619 361
1 860 368 881 386
1 296 252 310 298
2 163 333 185 347
1 229 399 242 413
1 685 386 697 398
