1 490 183 500 209
1 673 197 685 218
1 461 221 472 236
1 169 166 199 229
1 90 163 126 233
1 407 236 415 255
1 469 221 478 244
1 478 184 487 210
1 659 200 676 226
1 618 218 626 235
1 793 157 811 193
1 896 163 920 212
1 933 157 965 213
2 867 163 887 193
2 378 249 395 258
2 1 220 42 236
1 30 276 56 298
1 145 246 171 278
1 939 232 954 255
2 1252 218 1269 247
2 745 236 759 246
2 748 263 770 279
1 378 283 391 296
3 1260 264 1278 292
3 1234 270 1255 353
3 1200 270 1224 304
2 1059 229 1083 252
2 1060 261 1083 278
3 509 298 544 393
2 530 279 540 293
3 801 295 810 330
3 619 298 632 332
3 340 313 357 361
3 1034 263 1055 287
3 871 283 885 295
3 778 292 788 316
3 762 296 774 329
3 747 290 761 326
7 807 298 876 326
3 669 295 678 322
3 696 293 705 327
3 711 292 721 327
3 733 289 745 312
3 586 286 601 299
3 575 286 586 303
4 438 338 516 384
4 446 341 515 381
8 460 312 487 375
8 472 304 493 378
3 317 318 334 362
3 306 319 320 347
3 288 316 306 335
3 269 316 282 329
3 251 315 265 327
3 133 315 146 338
3 116 316 140 342
3 91 319 116 344
3 57 318 94 378
3 42 329 67 384
3 24 322 48 393
3 8 329 51 405
3 357 310 375 338
3 374 318 389 347
7 444 310 533 344
7 0 286 343 560
7 817 269 1166 485
7 1109 293 1280 605
