2 1 1 69 91
2 319 190 353 210
2 429 200 441 215
2 696 190 744 205
7 707 214 720 223
7 727 222 737 230
7 736 222 750 229
7 749 216 778 232
7 748 219 785 248
7 721 222 733 236
7 682 208 708 230
7 694 222 707 233
7 701 218 724 241
7 668 218 685 233
7 662 222 670 234
7 653 222 662 232
7 644 219 657 233
7 630 222 650 236
7 609 218 635 242
7 602 222 617 236
7 592 215 607 237
7 574 218 600 240
7 534 219 547 232
7 516 216 533 230
7 502 219 521 232
7 458 216 474 231
7 467 217 488 231
7 388 212 421 236
7 409 216 442 236
0 278 197 343 220
7 160 210 393 339
7 862 224 939 267
