1 11 0 99 159
1 622 376 631 389
2 641 382 655 399
2 641 398 655 407
2 765 399 779 411
2 648 415 660 426
2 1020 354 1053 374
7 547 436 559 448
7 527 438 539 446
7 518 439 528 447
7 509 440 519 448
7 502 439 509 449
7 490 440 502 449
7 470 440 490 452
7 450 443 468 457
7 440 443 456 460
7 428 443 446 464
7 411 444 435 465
7 394 445 427 468
7 301 447 351 486
7 271 455 321 494
7 210 453 281 504
7 134 461 227 520
7 45 466 146 538
7 560 435 573 447
7 573 436 585 448
7 585 436 602 449
7 599 434 622 453
7 615 435 644 457
7 656 440 681 467
7 671 439 697 465
7 681 439 725 473
7 698 444 724 477
7 713 438 758 483
7 734 440 808 492
7 772 445 843 503
7 806 448 899 521
7 863 439 1052 556
3 1053 448 1073 472
3 822 433 835 450
7 973 467 1259 610
7 1167 502 1278 661
2 0 173 126 241
2 0 233 152 295
7 164 386 213 420
7 102 396 158 420
7 540 451 630 522
