7 174 324 318 401
7 346 309 464 395
7 530 318 640 401
7 713 318 791 386
7 445 331 467 350
7 475 333 492 353
7 487 325 514 358
7 501 325 545 368
2 1050 185 1114 200
2 1014 205 1065 220
2 1024 224 1046 237
2 714 255 731 280
2 257 286 272 309
2 689 299 699 309
2 688 312 703 320
2 648 309 656 319
3 840 319 860 338
3 863 313 880 376
3 895 311 907 363
3 1057 328 1071 375
1 1001 244 1025 269
1 667 109 683 147
1 654 285 663 296
1 446 296 453 309
7 0 265 199 314
3 629 328 639 346
3 692 331 699 350
3 700 328 708 350
3 647 325 654 343
