1 662 53 677 92
1 418 23 439 61
1 140 68 170 127
1 251 137 273 181
1 618 184 628 199
2 518 217 530 227
2 739 182 753 202
2 886 106 925 122
2 670 184 680 196
7 605 228 620 241
7 617 226 636 241
7 639 223 664 247
7 661 217 690 250
7 676 219 703 255
7 694 211 753 261
7 536 231 546 247
7 515 235 540 255
7 497 237 516 252
7 455 234 488 261
7 423 237 464 267
7 365 226 434 283
7 534 220 612 291
7 734 135 1028 350
7 1247 205 1280 258
3 56 261 78 312
3 47 258 62 316
3 5 267 32 334
3 1233 166 1260 241
3 354 237 367 277
3 219 249 242 295
1 384 214 394 231
