1 583 264 591 275
7 699 252 711 259
7 717 255 729 263
7 727 264 742 279
7 731 267 751 280
7 742 273 761 288
7 749 279 781 299
7 688 249 697 262
7 686 262 701 272
7 667 249 680 260
7 661 254 671 264
7 646 257 661 267
7 648 270 660 285
7 622 259 643 270
7 771 288 816 311
7 811 280 850 316
7 962 268 1001 316
7 591 283 613 306
7 494 277 536 306
7 476 283 521 316
7 421 281 482 324
7 381 288 429 334
5 842 273 930 335
7 702 264 729 289
7 681 275 702 293
7 608 268 655 309
7 522 277 578 318
7 296 286 391 341
7 76 291 254 373
7 981 286 1152 379
7 0 273 107 336
3 259 279 278 331
2 935 222 949 254
