7 354 387 372 414
7 320 384 359 416
7 293 380 325 433
7 203 368 314 446
2 181 396 201 417
2 181 418 198 436
3 111 364 142 477
1 366 337 377 352
1 384 342 391 354
1 388 350 396 362
1 374 380 384 391
5 408 355 452 411
7 471 376 502 408
7 501 386 522 410
7 516 383 542 410
7 525 389 563 425
5 555 353 628 418
7 397 389 517 484
7 546 390 624 453
2 538 374 547 386
1 505 347 511 361
1 568 174 585 227
1 964 209 984 266
1 978 331 1005 355
2 945 254 966 305
3 964 385 993 482
2 702 328 716 347
3 711 384 724 428
2 168 279 216 322
1 310 341 317 359
